-1828.25581370
-1828.28229847
-1828.30115365
-1828.30877726
-1828.30519832
-1828.29397169
-1828.28098375
-1828.27253899
-1828.27332366
-1828.28488252
-1828.30505319
-1828.32854304
-1828.34847626
-1828.35843684
-1828.35441355
-1828.33605922
-1828.30688755
-1828.27335221
-1828.24307640
-1828.22274344
-1828.21626849
-1828.22377782
-1828.24168903
-1828.26385555
-1828.28342414
-1828.29485111
-1828.29549749
-1828.28635958
-1828.27172156
-1828.25781217
-1828.25083282
-1828.25494429
-1828.27083365
-1828.29533003
-1828.32222180
-1828.34404951
-1828.35433788
-1828.34958890
-1828.33041502
-1828.30145759
-1828.27009353
-1828.24431581
-1828.23041889
-1828.23119533
-1828.24518913
-1828.26723226
-1828.29008799
-1828.30669340
-1828.31231512
-1828.30597250
-1828.29069643
-1828.27255307
-1828.25872381
-1828.25523525
-1828.26503923
-1828.28702502
-1828.31626516
-1828.34540013
-1828.36674930
-1828.37451910
-1828.36645245
-1828.34445476
-1828.31399361
-1828.28247343
-1828.25706879
-1828.24266341
-1828.24052999
-1828.24811527
-1828.26000922
-1828.26977066
-1828.27205449
-1828.26438836
-1828.24804105
-1828.22773484
-1828.21026396
-1828.20244619
-1828.20901267
-1828.23108200
-1828.26568019
-1828.30646598
-1828.34545128
-1828.37520585
-1828.39087749
-1828.39142976
-1828.37972636
-1828.36145961
-1828.34325310
-1828.33054307
-1828.33054307
-1828.33054307
-1828.32588689
-1828.32822711
-1828.33333099
-1828.33527614
-1828.32850885
-1828.30983407
-1828.27969807
-1828.24234575
-1828.20478738
-1828.17487124
-1828.15904468
-1828.16048789
-1828.17818614
-1828.20722689
-1828.24023216
-1828.26950381
-1828.28921703
-1828.29700732
-1828.29447785
-1828.28648291
-1828.27942035
-1828.27907504
-1828.28866824
-1828.30773085
-1828.33212781
-1828.35525046
-1828.37000682
-1828.37101430
-1828.35633379
-1828.32821180
-1828.29259255
-1828.25752337
-1828.25752337
-1828.23093387
-1828.21843672
-1828.22180190
-1828.23854778
-1828.26276080
-1828.28689624
-1828.30401582
-1828.30980763
-1828.30378782
-1828.28932723
-1828.27251105
-1828.26016785
-1828.25767781
-1828.26722284
-1828.28702314
-1828.31180377
-1828.33436620
-1828.34779557
-1828.34762675
-1828.33328782
-1828.30837305
-1828.27964559
-1828.25507571
-1828.24150550
-1828.24265328
-1828.25804190
-1828.28317991
-1828.31092343
-1828.33361873
-1828.34536881
-1828.34374526
-1828.33044659
-1828.31069502
-1828.29157667
-1828.27983297
-1828.27976930
-1828.29192559
-1828.31290232
-1828.33639331
-1828.35510991
-1828.36301790
-1828.35719829
-1828.33877614
-1828.31262442
-1828.28593153
-1828.26605687
-1828.25831214
-1828.26435111
-1828.28166635
-1828.30436182
-1828.32499043
-1828.33688315
-1828.33625796
-1828.32342163
-1828.30267979
-1828.28097228
-1828.26565704
-1828.26213914
-1828.27210333
-1828.29290258
-1828.31831581
-1828.34042660
-1828.35205521
-1828.34898510
-1828.34898510
-1828.33129308
-1828.30337756
-1828.27266232
-1828.24738137
-1828.23411359
-1828.23582260
-1828.25099389
-1828.27413047
-1828.29746130
-1828.31333039
-1828.31654077
-1828.30593504
-1828.28473988
-1828.25956216
-1828.23836309
-1828.25581370
-1828.28229847
-1828.30115365
-1828.30877726
-1828.30519832
-1828.29397169
-1828.28098375
-1828.27253899
-1828.27332366
-1828.28488252
-1828.30505319
-1828.32854304
-1828.34847626
-1828.35843684
-1828.35441355
-1828.33605922
-1828.30688755
-1828.27335221
-1828.24307640
-1828.22274344
-1828.21626849
-1828.22377782
-1828.24168903
-1828.26385555
-1828.28342414
-1828.29485111
-1828.29549749
-1828.28635958
-1828.27172156
-1828.25781217
-1828.25083282
-1828.25494429
-1828.27083365
-1828.29533003
-1828.32222180
-1828.34404951
-1828.35433788
-1828.34958890
-1828.33041502
-1828.30145759
-1828.27009353
-1828.24431581
-1828.23041889
-1828.23119533
-1828.24518913
-1828.26723226
-1828.29008799
-1828.30669340
-1828.31231512
-1828.30597250
-1828.29069643
-1828.27255307
-1828.25872381
-1828.25523525
-1828.26503923
-1828.28702502
-1828.31626516
-1828.34540013
-1828.36674930
-1828.37451910
-1828.36645245
-1828.34445476
-1828.31399361
-1828.28247343
-1828.25706879
-1828.24266341
-1828.24052999
-1828.24811527
-1828.26000922
-1828.26977066
-1828.27205449
-1828.26438836
-1828.24804105
-1828.22773484
-1828.21026396
-1828.20244619
-1828.20901267
-1828.23108200
-1828.26568019
-1828.30646598
-1828.34545128
-1828.37520585
-1828.39087749
-1828.39142976
-1828.37972636
-1828.36145961
-1828.34325310
-1828.33054307
-1828.32588689
-1828.32822711
-1828.33333099
-1828.33527614
-1828.32850885
-1828.30983407
-1828.27969807
-1828.24234575
-1828.20478738
-1828.17487124
-1828.15904468
-1828.16048789
-1828.17818614
-1828.20722689
-1828.24023216
-1828.26950381
-1828.28921703
-1828.29700732
-1828.29447785
-1828.28648291
-1828.27942035
-1828.27907504
-1828.28866824
-1828.30773085
-1828.33212781
-1828.35525046
-1828.37000682
-1828.37101430
-1828.35633379
-1828.32821180
-1828.29259255
-1828.25752337
-1828.25752337
-1828.23093387
-1828.21843672
-1828.22180190
-1828.23854778
-1828.26276080
-1828.28689624
-1828.30401582
-1828.30980763
-1828.30378782
-1828.28932723
-1828.27251105
-1828.26016785
-1828.25767781
-1828.26722284
-1828.28702314
-1828.31180377
-1828.33436620
-1828.34779557
-1828.34762675
-1828.33328782
-1828.30837305
-1828.27964559
-1828.25507571
-1828.24150550
-1828.24265328
-1828.25804190
-1828.25804190
-1828.28317991
-1828.31092343
-1828.33361873
-1828.34536881
-1828.34374526
-1828.33044659
-1828.31069502
-1828.29157668
-1828.27983297
-1828.27976930
-1828.29192559
-1828.31290232
-1828.31290232
-1828.31290232
-1828.33639331
-1828.35510991
-1828.36301790
-1828.35719829
-1828.33877614
-1828.31262442
-1828.28593153
-1828.26605687
-1828.25831214
-1828.26435110
-1828.28166635
-1828.30436182
-1828.32499043
-1828.33688315
-1828.33625796
-1828.32342163
-1828.30267979
-1828.28097228
-1828.26565704
-1828.26213914
-1828.27210333
-1828.29290258
-1828.31831581
-1828.34042660
-1828.35205521
-1828.34898510
-1828.33129308
-1828.30337756
-1828.27266232
-1828.24738137
-1828.23411359
-1828.23582260
-1828.25099389
-1828.27413047
-1828.29746130
-1828.31333039
-1828.31654077
-1828.30593504
-1828.28473988
-1828.25956216
-1828.23836309
-1828.22802060
-1828.23222550
-1828.25034309
-1828.27757515
-1828.30637891
-1828.32870556
-1828.33840296
-1828.33305705
-1828.31473004
-1828.28935119
-1828.26493669
-1828.24915351
-1828.24696706
-1828.25910035
-1828.28178315
-1828.30789239
-1828.32913559
-1828.33861433
-1828.33298606
-1828.31354837
-1828.28589831
-1828.25825960
-1828.23899016
-1828.23402851
-1828.24507313
-1828.26904107
-1828.29897204
-1828.32610495
-1828.34249470
-1828.34338087
-1828.32858354
-1828.30250092
-1828.27270090
-1828.24756291
-1828.23369501
-1828.23393452
-1828.24655295
-1828.26589071
-1828.26589071
-1828.28420816
-1828.29416534
-1828.29115507
-1828.27477147
-1828.24897656
-1828.22092717
-1828.19881759
-1828.18940096
-1828.19592915
-1828.21713211
-1828.24755058
-1828.27913442
-1828.30360748
-1828.31489351
-1828.31085198
-1828.29379833
-1828.26968744
-1828.24621175
-1828.23042415
-1828.22660656
-1828.23502227
-1828.25192489
-1828.27079326
-1828.28441450
-1828.28716580
-1828.27679697
-1828.25516898
-1828.22772833
-1828.20187355
-1828.18472857
-1828.18100530
-1828.19161671
-1828.21343253
-1828.24025399
-1828.26468189
-1828.28032053
-1828.28364657
-1828.27497867
-1828.25825579
-1828.23970304
-1828.22580907
-1828.22126681
-1828.22752185
-1828.24236806
-1828.26071017
-1828.27621379
-1828.28330935
-1828.27892676
-1828.26344262
-1828.24059214
-1828.21639094
-1828.19738844
-1828.18875492
-1828.19276085
-1828.20811117
-1828.23033123
-1828.25309875
-1828.27011396
-1828.27694264
-1828.27228367
-1828.25826864
-1828.23973532
-1828.22271008
-1828.21257275
-1828.21245851
-1828.22239272
-1828.23937723
-1828.25839885
-1828.27402113
-1828.28207409
-1828.28092057
-1828.27192939
-1828.25900530
-1828.24733330
-1828.24171747
-1828.24503336
-1828.25728324
-1828.27555425
-1828.29489051
-1828.30980344
-1828.31594666
-1828.31143075
-1828.29736881
-1828.27749666
-1828.25699699
-1828.24090967
-1828.23263434
-1828.23297376
-1828.24000102
-1828.24975552
-1828.25754224
-1828.25942516
-1828.25349357
-1828.24052580
-1828.22385474
-1828.20843956
-1828.19940924
-1828.20051047
-1828.21294748
-1828.23496725
-1828.26231898
-1828.28943566
-1828.31098143
-1828.32329232
-1828.32529270
-1828.31864298
-1828.30709230
-1828.29525566
-1828.28716966
-1828.28507367
-1828.28879586
-1828.29592968
-1828.30273851
-1828.30546338
-1828.30161765
-1828.29088005
-1828.27532269
-1828.25890801
-1828.24639436
-1828.24195743
-1828.24792338
-1828.26399847
-1828.28722190
-1828.31269115
-1828.33485074
-1828.34898836
-1828.35249746
-1828.34553069
-1828.33086526
-1828.31300904
-1828.29683525
-1828.28615729
-1828.28265821
-1828.28550126
-1828.29171094
-1828.29720297
-1828.29814833
-1828.29225112
-1828.27955049
-1828.26250491
-1828.24531059
-1828.23266990
-1828.22839342
-1828.23426194
-1828.24950278
-1828.27101447
-1828.29425397
-1828.31449861
-1828.32810037
-1828.33338222
-1828.33093082
-1828.32323122
-1828.31378131
-1828.30596195
-1828.30201255
-1828.30239664
-1828.30574422
-1828.30935477
-1828.31010721
-1828.30550683
-1828.29456287
-1828.27824178
-1828.25936580
-1828.24196860
-1828.23027767
-1828.22760583
-1828.23545047
-1828.25306073
-1828.27759290
-1828.30481419
-1828.33017515
-1828.34994378
-1828.36207682
-1828.36659128
-1828.36532769
-1828.36119998
-1828.35718030
-1828.35534272
-1828.35623563
-1828.35878166
-1828.36070506
-1828.35933703
-1828.35253989
-1828.33946731
-1828.32092790
-1828.29924920
-1828.27770488
-1828.25966367
-1828.24771917
-1828.24304217
-1828.24513537
-1828.25205181
-1828.26099511
-1828.26911909
-1828.27428072
-1828.27428072
-1828.27554014
-1828.27329080
-1828.26901002
-1828.26473202
-1828.26241981
-1828.26340017
-1828.26801443
-1828.27555404
-1828.28448336
-1828.29287088
-1828.29892273
-1828.30146734
-1828.30026477
-1828.29605519
-1828.29034209
-1828.28496823
-1828.28160638
-1828.28129971
-1828.28418209
-1828.28945772
-1828.29563616
-1828.30094284
-1828.30379051
-1828.30316497
-1828.29883960
-1828.29137874
-1828.28192994
-1828.27189004
-1828.26253081
-1828.25470752
-1828.24872452
-1828.24437378
-1828.24112385
-1828.23838352
-1828.23575139
-1828.23317977
-1828.23317977
-1828.23099735
-1828.22979274
-1828.23020795
-1828.23271971
-1828.23748143
-1828.24425299
-1828.25242300
-1828.25242300
-1828.26109601
-1828.26923727
-1828.27584732
-1828.28014620
-1828.28172090
-1828.28061496
-1828.27732356
-1828.27270593
-1828.26782089
-1828.26372252
-1828.26124849
-1828.26085540
-1828.26253874
-1828.26585862
-1828.27008215
-1828.27439782
-1828.27814718
-1828.28101705
-1828.28312027
-1828.28493252
-1828.28710581
-1828.29018971
-1828.29437364
-1828.29932372
-1828.29932372
-1828.30419581
-1828.30782756
-1828.30906361
-1828.30711531
-1828.30184316
-1828.29386586
-1828.28445240
-1828.27522595
-1828.26775916
-1828.26317338
-1828.26185416
-1828.26336384
-1828.26658785
-1828.27006480
-1828.27242243
-1828.27278938
-1828.27105621
-1828.26792765
-1828.26472675
-1828.26300640
-1828.26404865
-1828.26839469
-1828.27553896
-1828.28389961
-1828.29111618
-1828.29461932
-1828.29234458
-1828.28337480
-1828.26832938
-1828.24935294
-1828.22967963
-1828.21287299
-1828.20193336
-1828.19853910
-1828.20262950
-1828.21246772
-1828.22515422
-1828.23746582
-1828.24676530
-1828.25174423
-1828.25276064
-1828.25166670
-1828.25113997
-1828.25372798
-1828.26088698
-1828.27235411
-1828.28606026
-1828.29864487
-1828.30643084
-1828.30657150
-1828.29801319
-1828.28197548
-1828.26178392
-1828.24208044
-1828.22761965
-1828.22197987
-1828.22656325
-1828.24017591
-1828.25933132
-1828.27920479
-1828.29498369
-1828.30321340
-1828.30275797
-1828.29508851
-1828.28379596
-1828.27346796
-1828.26824509
-1828.27047130
-1828.27986021
-1828.29346789
-1828.30649585
-1828.31373281
-1828.31119369
-1828.29744519
-1828.27420191
-1828.24599187
-1828.21898380
-1828.19930679
-1828.19135723
-1828.19659051
-1828.21315932
-1828.23650234
-1828.26071324
-1828.28027873
-1828.29166133
-1828.29425230
-1828.29039495
-1828.28449083
-1828.28145089
-1828.28499774
-1828.29634587
-1828.31368516
-1828.33264063
-1828.34755951
-1828.35323907
-1828.34657000
-1828.34657000
-1828.32759004
-1828.29963221
-1828.26851743
-1828.24102219
-1828.22305500
-1828.21807539
-1828.22621461
-1828.24433435
-1828.26700137
-1828.28808636
-1828.30251758
-1828.30767946
-1828.30405763
-1828.29494382
-1828.28528171
-1828.28001939
-1828.28245796
-1828.29312147
-1828.30950760
-1828.32680372
-1828.33936274
-1828.34246829
-1828.33384010
-1828.31440952
-1828.28812860
-1828.26086709
-1828.23873722
-1828.22635790
-1828.22558044
-1828.23505425
-1828.25074259
-1828.26721785
-1828.27934938
-1828.28386187
-1828.28029317
-1828.27106639
-1828.26064255
-1828.25403322
-1828.25514142
-1828.25514142
-1828.26546082
-1828.28354674
-1828.30541466
-1828.32572206
-1828.33935670
-1828.34294031
-1828.33579524
-1828.32010524
-1828.30024179
-1828.28146923
-1828.26842757
-1828.26383249
-1828.26776817
-1828.27776094
-1828.28961793
-1828.29875196
-1828.30160460
-1828.29671895
-1828.28514262
-1828.27004441
-1828.25567056
-1828.24597128
-1828.24333835
-1828.24785294
-1828.25727736
-1828.26779405
-1828.27523717
-1828.27641360
-1828.27010284
-1828.25744229
-1828.24161235
-1828.22693120
-1828.21761889
-1828.21658223
-1828.22456460
-1828.23993049
-1828.25915381
-1828.27786008
-1828.29210932
-1828.29952130
-1828.29990844
-1828.29521982
-1828.28882522
-1828.28435877
-1828.28448856
-1828.29001302
-1828.29957073
-1828.31006202
-1828.31762916
-1828.31889541
-1828.31205957
-1828.29751860
-1828.27782090
-1828.25695458
-1828.23921035
-1828.22796766
-1828.22477688
-1828.22902656
-1828.23825656
-1828.24902001
-1828.25800907
-1828.26309493
-1828.26397032
-1828.26219301
-1828.26061991
-1828.26240941
-1828.26989632
-1828.28370638
-1828.30240202
-1828.32279118
-1828.34082258
-1828.35278115
-1828.35640692
-1828.35157884
-1828.34034142
-1828.32627744
-1828.31341931
-1828.30503519
-1828.30265440
-1828.30562970
-1828.31136895
-1828.31617967
-1828.31646710
-1828.30991436
-1828.29628234
-1828.27757022
-1828.25746447
-1828.24024409
-1828.22947260
-1828.22690578
-1828.23195951
-1828.24191353
-1828.25279038
-1828.26061910
-1828.26269913
-1828.25846254
-1828.24967210
-1828.23988763
-1828.23336712
-1828.23374546
-1828.24289085
-1828.26028660
-1828.28312261
-1828.30705241
-1828.32738884
-1828.34039357
-1828.34428250
-1828.33966463
-1828.32927255
-1828.31707034
-1828.30700298
-1828.30178763
-1828.30211889
-1828.30652731
-1828.31193051
-1828.31467696
-1828.31176893
-1828.30187530
-1828.28583920
-1828.26654114
-1828.24814738
-1828.23496388
-1828.23021214
-1828.23508257
-1828.24835936
-1828.26674181
-1828.28578523
-1828.30118913
-1828.31004020
-1828.31161299
-1828.30746952
-1828.30083065
-1828.29541446
-1828.29413465
-1828.29808083
-1828.30611946
-1828.31524796
-1828.32158204
-1828.32165425
-1828.31360188
-1828.29784996
-1828.27707905
-1828.25546906
-1828.23748647
-1828.22658907
-1828.22427161
-1828.22975544
-1828.24037292
-1828.25251612
-1828.26280822
-1828.26912852
-1828.27116827
-1828.27035988
-1828.26922937
-1828.27040760
-1828.27563571
-1828.28509961
-1828.29728872
-1828.30942381
-1828.30942381
-1828.31829196
-1828.31829196
-1828.32123838
-1828.31699110
-1828.30607269
-1828.29066709
-1828.27398791
-1828.25935408
-1828.24925400
-1828.24469388
-1828.24499987
-1828.24812299
-1828.25133517
-1828.25212576
-1828.24904254
-1828.24223433
-1828.23348234
-1828.22568192
-1828.22190555
-1828.22435317
-1828.23354074
-1828.24799657
-1828.26459531
-1828.27943031
-1828.28897462
-1828.29115105
-1828.28597804
-1828.27557201
-1828.26349575
-1828.25366007
-1828.24911535
-1828.25112913
-1828.25882182
-1828.26949356
-1828.27952428
-1828.28556509
-1828.28563384
-1828.27976650
-1828.27001542
-1828.25980211
-1828.25283768
-1828.25195463
-1828.25822831
-1828.27064969
-1828.28644936
-1828.30195508
-1828.31370103
-1828.31945218
-1828.31882119
-1828.31331133
-1828.30578052
-1828.29950609
-1828.29714768
-1828.29991952
-1828.30721987
-1828.31682603
-1828.31682603
-1828.31682603
-1828.25962634
-1828.21297722
-1828.18633006
-1828.18326814
-1828.20060815
-1828.22952203
-1828.25833556
-1828.25833556
-1828.27614048
-1828.27612432
-1828.27612432
-1828.25760466
-1828.22616606
-1828.19186318
-1828.16606311
-1828.15788948
-1828.17137348
-1828.20416649
-1828.24820850
-1828.29212927
-1828.32463522
-1828.33784542
-1828.32958265
-1828.30393914
-1828.26997680
-1828.23895915
-1828.22096434
-1828.22188433
-1828.24170752
-1828.27458641
-1828.31065745
-1828.33904796
-1828.35117510
-1828.34333125
-1828.31778868
-1828.28209991
-1828.24679972
-1828.22221887
-1828.21536294
-1828.22780399
-1828.25522347
-1828.28872947
-1828.31754416
-1828.33224190
-1828.32755678
-1828.30392258
-1828.26729521
-1828.22732077
-1828.19442213
-1828.17668960
-1828.17751117
-1828.19465086
-1828.22105516
-1828.24711365
-1828.26369100
-1828.26498520
-1828.25034569
-1828.22448168
-1828.19600923
-1828.17478659
-1828.16886674
-1828.18200675
-1828.21249535
-1828.25362337
-1828.29565251
-1828.32865500
-1828.34538274
-1828.34329965
-1828.32518963
-1828.32518963
-1828.29818336
-1828.27150676
-1828.25365966
-1828.24987834
-1828.26064106
-1828.28165590
-1828.30530062
-1828.32304039
-1828.32809099
-1828.31751457
-1828.29313498
-1828.26100791
-1828.22960851
-1828.20729534
-1828.19981794
-1828.20862668
-1828.23049886
-1828.25857546
-1828.28449516
-1828.30095963
-1828.30395859
-1828.29397056
-1828.27577077
-1828.25689696
-1828.24524456
-1828.24652010
-1828.26235318
-1828.28967928
-1828.32159840
-1828.34945700
-1828.36547842
-1828.36510313
-1828.34832291
-1828.31960416
-1828.28646138
-1828.25714027
-1828.23813950
-1828.23233770
-1828.23827840
-1828.25081243
-1828.26286700
-1828.26778101
-1828.26148143
-1828.24382610
-1828.21869458
-1828.19282636
-1828.17377087
-1828.16759935
-1828.17707786
-1828.20085080
-1828.23385430
-1828.26881113
-1828.29835089
-1828.31711105
-1828.32319680
-1828.31857834
-1828.30832418
-1828.29891579
-1828.29616832
-1828.30339808
-1828.32037828
-1828.34339608
-1828.36638651
-1828.38278876
-1828.38755464
-1828.37870803
-1828.35797533
-1828.33031180
-1828.30246876
-1828.30246876
-1828.28103440
-1828.27052514
-1828.27208888
-1828.28321252
-1828.29851629
-1828.31142133
-1828.31617639
-1828.30962050
-1828.29214213
-1828.26754021
-1828.24183721
-1828.22143206
-1828.21115956
-1828.21286399
-1828.22491078
-1828.24276694
-1828.26044823
-1828.27236854
-1828.27502163
-1828.26798446
-1828.25395166
-1828.23782633
-1828.22516502
-1828.22048125
-1828.22592123
-1828.24069693
-1828.26142210
-1828.28320391
-1828.30114329
-1828.31177646
-1828.31403192
-1828.30943443
-1828.30151096
-1828.29461515
-1828.29253258
-1828.29729473
-1828.30854246
-1828.32363120
-1828.33844495
-1828.34869458
-1828.35129254
-1828.34534903
-1828.33244538
-1828.31610366
-1828.30062814
-1828.28972598
-1828.28534154
-1828.28708487
-1828.29242842
-1828.29759308
-1828.29884336
-1828.29376334
-1828.28210902
-1828.26596102
-1828.24911462
-1828.23590447
-1828.22982656
-1828.23241652
-1828.24274308
-1828.25770735
-1828.27303385
-1828.28465768
-1828.29002667
-1828.28891684
-1828.28348205
-1828.27753914
-1828.27530706
-1828.27999041
-1828.29266986
-1828.31184728
-1828.33380901
-1828.35368972
-1828.36691929
-1828.37058455
-1828.36429871
-1828.35031016
-1828.33281447
-1828.31668780
-1828.30601914
-1828.30288885
-1828.30677867
-1828.31478734
-1828.32259474
-1828.32587773
-1828.32173976
-1828.30972802
-1828.29210669
-1828.27329023
-1828.25857881
-1828.25256965
-1828.25771149
-1828.27346362
-1828.29632116
-1828.32073897
-1828.34069160
-1828.35141584
-1828.35081344
-1828.34007651
-1828.32332905
-1828.30637641
-1828.29492660
-1828.29282334
-1828.30084811
-1828.31644743
-1828.33448600
-1828.34879554
-1828.35405039
-1828.34740923
-1828.32942785
-1828.30395214
-1828.27702654
-1828.25513690
-1828.24331787
-1828.24369450
-1828.25489548
-1828.27250370
-1828.29039911
-1828.30258023
-1828.30492278
-1828.29635836
-1828.27913941
-1828.25812924
-1828.23934133
-1828.22816472
-1828.22780520
-1828.23839285
-1828.25701058
-1828.27862249
-1828.29760312
-1828.30940858
-1828.31188516
-1828.30584253
-1828.29473511
-1828.28355946
-1828.27731514
-1828.27947452
-1828.29092362
-1828.30967331
-1828.33141434
-1828.35076373
-1828.36282099
-1828.36458577
-1828.35580053
-1828.33896638
-1828.31852762
-1828.29948215
-1828.28586900
-1828.27959779
-1828.27998508
-1828.28412279
-1828.28794386
-1828.28762310
-1828.28086740
-1828.26768735
-1828.25042096
-1828.23301852
-1828.21982183
-1828.21423027
-1828.21766849
-1828.22917344
-1828.24571312
-1828.26313191
-1828.27741950
-1828.28589173
-1828.28793594
-1828.28507925
-1828.28037757
-1828.27733279
-1828.27869055
-1828.28550064
-1828.29674655
-1828.30965988
-1828.32060263
-1828.32622976
-1828.32455682
-1828.31559205
-1828.30135213
-1828.28526134
-1828.27113803
-1828.26208396
-1828.25961454
-1828.26328906
-1828.27093611
-1828.27938828
-1828.28550570
-1828.28714987
-1828.28383529
-1828.27684918
-1828.26880519
-1828.26278351
-1828.26131115
-1828.26552157
-1828.27475265
-1828.28671207
-1828.29816322
-1828.30592014
-1828.30783094
-1828.30343779
-1828.29410543
-1828.28257115
-1828.27207191
-1828.26532092
-1828.26366770
-1828.26669910
-1828.27241480
-1828.27790482
-1828.28031670
-1828.27779151
-1828.27008038
-1828.25864108
-1828.24618417
-1828.23581613
-1828.23004998
-1828.23000757
-1828.23507803
-1828.24313961
-1828.25127173
-1828.25673409
-1828.25787526
-1828.25467162
-1828.24871691
-1828.24267327
-1828.23937840
-1828.24090862
-1828.24790840
-1828.25938929
-1828.27305050
-1828.28600397
-1828.29566058
-1828.30049389
-1828.30045314
-1828.29689603
-1828.29206643
-1828.28829931
-1828.28722082
-1828.28920118
-1828.29325894
-1828.29743404
-1828.29951765
-1828.29787539
-1828.29209554
-1828.28322449
-1828.27350970
-1828.26572201
-1828.26227412
-1828.26442329
-1828.27182406
-1828.28258147
-1828.29380572
-1828.30248700
-1828.30642584
-1828.30489921
-1828.29885670
-1828.29056637
-1828.28283040
-1828.27801464
-1828.27721856
-1828.27984954
-1828.28374072
-1828.28581126
-1828.28309585
-1828.27384725
-1828.25833741
-1828.23902974
-1828.22002387
-1828.20590564
-1828.20038884
-1828.20517345
-1828.21939621
-1828.23987992
-1828.26210162
-1828.28158877
-1828.29528889
-1828.30248098
-1828.30491290
-1828.30612464
-1828.31015210
-1828.32003186
-1828.33659853
-1828.35797863
-1828.37998154
-1828.39729143
-1828.40508712
-1828.40058987
-1828.38403853
-1828.35877213
-1828.33037576
-1828.30510703
-1828.28809279
-1828.28183595
-1828.28550524
-1828.29524611
-1828.30542133
-1828.31041793
-1828.30645962
-1828.29286329
-1828.27234744
-1828.25027700
-1828.23306245
-1828.22618559
-1828.23246996
-1828.25112482
-1828.27787377
-1828.30614259
-1828.32896210
-1828.34099979
-1828.34012704
-1828.32802051
-1828.30962727
-1828.29163282
-1828.28039826
-1828.27998953
-1828.29091086
-1828.30995126
-1828.33119159
-1828.34787363
-1828.35454784
-1828.34882775
-1828.33220855
-1828.30967700
-1828.28822982
-1828.27473411
-1828.27379162
-1828.28626406
-1828.30892199
-1828.33534535
-1828.33534535
-1828.35780981
-1828.36958810
-1828.36695904
-1828.35031279
-1828.32400901
-1828.29504038
-1828.27090596
-1828.25736115
-1828.25671119
-1828.26718150
-1828.28353448
-1828.29873440
-1828.30615501
-1828.30164346
-1828.28481764
-1828.25921055
-1828.23121822
-1828.20817902
-1828.19617790
-1828.19824340
-1828.21348624
-1828.23742248
-1828.26338592
-1828.28457314
-1828.29610042
-1828.29643369
-1828.28774270
-1828.27509320
-1828.26472605
-1828.26198355
-1828.26953514
-1828.28645896
-1828.30847327
-1828.32924790
-1828.34238449
-1828.34343973
-1828.33136145
-1828.30886846
-1828.28164950
-1828.25663528
-1828.23988609
-1828.23475291
-1828.24090068
-1828.25449064
-1828.26946873
-1828.27955983
-1828.28032006
-1828.27060810
-1828.25299342
-1828.23296029
-1828.21716386
-1828.21127410
-1828.21812097
-1828.23673013
-1828.26257209
-1828.28893483
-1828.30897902
-1828.31782836
-1828.31404062
-1828.30001513
-1828.28121714
-1828.26445723
-1828.25575186
-1828.25843296
-1828.27208952
-1828.29269410
-1828.31387929
-1828.32896989
-1828.33313558
-1828.32497496
-1828.30702237
-1828.28500818
-1828.26608007
-1828.25655774
-1828.25990638
-1828.27558963
-1828.29915304
-1828.32353721
-1828.34121313
-1828.34648524
-1828.33724655
-1828.31563341
-1828.28738346
-1828.26007207
-1828.24077530
-1828.23388790
-1828.23976639
-1828.25463555
-1828.27178993
-1828.28374372
-1828.28464354
-1828.27221805
-1828.24863391
-1828.21997702
-1828.19449777
-1828.18014121
-1828.18211720
-1828.20126056
-1828.23369488
-1828.27191925
-1828.30698757
-1828.33113144
-1828.34001052
-1828.33391720
-1828.31756235
-1828.29851596
-1828.28477674
-1828.28221071
-1828.29265717
-1828.31327607
-1828.33736199
-1828.35638387
-1828.36264941
-1828.35178329
-1828.32425707
-1828.28546699
-1828.24430558
-1828.21064299
-1828.19245813
-1828.19350674
-1828.21224028
-1828.24230648
-1828.27448345
-1828.29943691
-1828.31048942
-1828.30557759
-1828.28781774
-1828.26450069
-1828.24478283
-1828.23676648
-1828.24486485
-1828.26828399
-1828.30110094
-1828.33394823
-1828.35678765
-1828.36197077
-1828.34662940
-1828.31368492
-1828.27114971
-1828.22990139
-1828.20058938
-1828.19058219
-1828.20186657
-1828.23053994
-1828.26804257
-1828.30377538
-1828.32829921
-1828.33615033
-1828.32740172
-1828.30749433
-1828.28540116
-1828.27067497
-1828.27031609
-1828.28643598
-1828.31545698
-1828.34909030
-1828.37680324
-1828.38901776
-1828.38006966
-1828.35003939
-1828.30487481
-1828.25477461
-1828.21129449
-1828.18403640
-1828.17792281
-1828.19186437
-1828.21923838
-1828.25002172
-1828.27392325
-1828.28355855
-1828.27669463
-1828.25687455
-1828.23223742
-1828.21289419
-1828.20767241
-1828.22125052
-1828.25255749
-1828.29493475
-1828.33800857
-1828.37070844
-1828.38452298
-1828.37600487
-1828.34778066
-1828.30774696
-1828.26671468
-1828.23520897
-1828.22040522
-1828.22412693
-1828.24250133
-1828.26735772
-1828.28891134
-1828.29890635
-1828.29324510
-1828.27329739
-1828.24548375
-1828.21926300
-1828.20414595
-1828.20667302
-1828.22829065
-1828.26476673
-1828.30731477
-1828.34508964
-1828.36832778
-1828.37118978
-1828.35345887
-1828.32058803
-1828.28206669
-1828.24859990
-1828.22894836
-1828.22737907
-1828.24249391
-1828.26777847
-1828.29370164
-1828.31070773
-1828.31219076
-1828.29652169
-1828.26752215
-1828.23324919
-1828.20349970
-1828.18681636
-1828.18790561
-1828.20626383
-1828.23639049
-1828.26950965
-1828.29625268
-1828.30947004
-1828.30631493
-1828.28898721
-1828.26393161
-1828.23976453
-1828.22458353
-1828.22348907
-1828.23707045
-1828.26130245
-1828.28885201
-1828.31137478
-1828.32208075
-1828.31778287
-1828.29980672
-1828.27350074
-1828.24652632
-1828.22646632
-1828.21850666
-1828.22390294
-1828.23968139
-1828.25965068
-1828.27638065
-1828.28353746
-1828.27786232
-1828.26018067
-1828.23515189
-1828.20982953
-1828.19149084
-1828.18539835
-1828.19319696
-1828.21243536
-1828.23736348
-1828.26075302
-1828.27614107
-1828.27979896
-1828.27179425
-1828.25583316
-1828.23796269
-1828.22456385
-1828.22028264
-1828.22655931
-1828.24120405
-1828.25913689
-1828.27405553
-1828.28049912
-1828.27565170
-1828.26032255
-1828.23877874
-1828.21748708
-1828.20314867
-1828.20065896
-1828.21161500
-1828.23385899
-1828.26215704
-1828.28980945
-1828.31065040
-1828.32082744
-1828.31980879
-1828.31034065
-1828.29739732
-1828.28648679
-1828.28185018
-1828.28512946
-1828.29489490
-1828.30717208
-1828.31678495
-1828.31907818
-1828.31147212
-1828.29435467
-1828.27103634
-1828.24677009
-1828.22716114
-1828.21646882
-1828.21633330
-1828.22533628
-1828.23952137
-1828.25370484
-1828.26316104
-1828.26513917
-1828.25972703
-1828.24978947
-1828.23999384
-1828.23523597
-1828.23896482
-1828.25196919
-1828.27201600
-1828.29447695
-1828.31373088
-1828.32491214
-1828.32543124
-1828.31579531
-1828.29946384
-1828.28177580
-1828.26828527
-1828.26302863
-1828.26726730
-1828.27910713
-1828.27910713
-1828.29412948
-1828.30682464
-1828.31238145
-1828.30825552
-1828.29500268
-1828.27610957
-1828.25686744
-1828.24265579
-1828.23717989
-1828.24123850
-1828.25243373
-1828.26592258
-1828.27597903
-1828.27786777
-1828.26942260
-1828.25182040
-1828.22929942
-1828.20791804
-1828.19373336
-1828.19096702
-1828.20071986
-1828.22061154
-1828.24547080
-1828.26886103
-1828.28499089
-1828.29043344
-1828.28512194
-1828.27232120
-1828.25756936
-1828.24691410
-1828.24496911
-1828.25339554
-1828.27029493
-1828.29071909
-1828.30817069
-1828.31664231
-1828.31254652
-1828.29593122
-1828.27058377
-1828.24296949
-1828.22033843
-1828.20856782
-1828.21041507
-1828.22470633
-1828.24671479
-1828.26962163
-1828.28662037
-1828.29300434
-1828.28759765
-1828.27307551
-1828.25507490
-1828.25507490
-1828.24037037
-1828.23469704
-1828.24089241
-1828.25795310
-1828.28131129
-1828.30423889
-1828.31994505
-1828.32370670
-1828.31435537
-1828.29465571
-1828.27045778
-1828.24890618
-1828.23627547
-1828.23609641
-1828.24813331
-1828.26850475
-1828.29090729
-1828.30857682
-1828.31638348
-1828.31241047
-1828.29851784
-1828.27971783
-1828.26256447
-1828.25305784
-1828.25471889
-1828.26743774
-1828.28745142
-1828.30847893
-1828.32365595
-1828.32765926
-1828.31835966
-1828.29749506
-1828.27017784
-1828.24341643
-1828.22409267
-1828.21698427
-1828.22340359
-1828.24084868
-1828.26379044
-1828.28537496
-1828.29953219
-1828.30284371
-1828.29559346
-1828.28167031
-1828.26734790
-1828.25929897
-1828.26244846
-1828.27833561
-1828.30450289
-1828.33512721
-1828.36270885
-1828.38027227
-1828.38341974
-1828.37160855
-1828.34829746
-1828.31993829
-1828.29410794
-1828.27729101
-1828.27297072
-1828.28060386
-1828.29582233
-1828.31181752
-1828.32149441
-1828.31970954
-1828.30490648
-1828.27963139
-1828.24976741
-1828.22273350
-1828.20519923
-1828.20104329
-1828.21018948
-1828.22868634
-1828.24997419
-1828.26692522
-1828.27400414
-1828.26890615
-1828.25321296
-1828.23190697
-1828.21190394
-1828.20002050
-1828.20096660
-1828.21595634
-1828.24235066
-1828.27444779
-1828.30516810
-1828.32812273
-1828.33943564
-1828.33877181
-1828.32927258
-1828.31642078
-1828.30619595
-1828.30309087
-1828.30862279
-1828.32081013
-1828.33478537
-1828.34434894
-1828.34395183
-1828.33049510
-1828.30439454
-1828.26959423
-1828.23253357
-1828.20036758
-1828.17896333
-1828.17126566
-1828.17653626
-1828.19069246
-1828.20763907
-1828.22118998
-1828.22697453
-1828.22374784
-1828.21371051
-1828.20174059
-1828.19379705
-1828.19498262
-1828.20787101
-1828.23162203
-1828.26214652
-1828.29327792
-1828.31858348
-1828.33325739
-1828.33551237
-1828.32703431
-1828.31238112
-1828.29751282
-1828.28790851
-1828.28686491
-1828.29448405
-1828.30767140
-1828.32112836
-1828.32903842
-1828.32691358
-1828.31304414
-1828.28910264
-1828.25972536
-1828.23119717
-1828.20964099
-1828.19925537
-1828.20113953
-1828.21305549
-1828.23018177
-1828.24661583
-1828.25715148
-1828.25880585
-1828.25164979
-1828.23869930
-1828.22491210
-1828.21559320
-1828.21469317
-1828.22354181
-1828.24040475
-1828.26100859
-1828.27985765
-1828.29193848
-1828.29426380
-1828.28677912
-1828.27234513
-1828.25580727
-1828.24245418
-1828.23634754
-1828.23907046
-1828.24927142
-1828.26315089
-1828.27571576
-1828.28239478
-1828.28050213
-1828.27008033
-1828.25388305
-1828.23650512
-1828.22294670
-1828.21706759
-1828.22041147
-1828.23176530
-1828.24758129
-1828.26312609
-1828.27398393
-1828.27744325
-1828.27332378
-1828.26400512
-1828.25363145
-1828.24676143
-1828.24686767
-1828.25515499
-1828.27009365
-1828.28784262
-1828.30344426
-1828.31241243
-1828.31218037
-1828.30294516
-1828.28764227
-1828.27105806
-1828.25835612
-1828.25348092
-1828.25791676
-1828.27020306
-1828.28634391
-1828.30101060
-1828.30916638
-1828.30762351
-1828.29606475
-1828.27719323
-1828.25596304
-1828.23810989
-1828.22842736
-1828.22933334
-1828.24017146
-1828.25746278
-1828.27600254
-1828.29047276
-1828.29706058
-1828.29460313
-1828.28490547
-1828.27215066
-1828.26156624
-1828.25777940
-1828.26334550
-1828.27790977
-1828.29826003
-1828.31924672
-1828.33530086
-1828.34209099
-1828.33780695
-1828.32369602
-1828.30366938
-1828.28312523
-1828.26735475
-1828.26001938
-1828.26216741
-1828.27205404
-1828.28580137
-1828.29866911
-1828.30653271
-1828.30712031
-1828.30063273
-1828.28957902
-1828.27789159
-1828.26961638
-1828.26758565
-1828.27248471
-1828.28259427
-1828.29427707
-1828.30305241
-1828.30491875
-1828.29753136
-1828.28088416
-1828.25734284
-1828.23102951
-1828.20673846
-1828.18868298
-1828.17941695
-1828.17925439
-1828.18634268
-1828.19737049
-1828.20867632
-1828.21740992
-1828.22238082
-1828.22433825
-1828.22561103
-1828.22924372
-1828.23789467
-1828.25285175
-1828.27346809
-1828.29717645
-1828.32008442
-1828.33798392
-1828.34747617
-1828.34692574
-1828.33695935
-1828.32033272
-1828.30116201
-1828.28372363
-1828.27120285
-1828.26480867
-1828.26355084
-1828.26474567
-1828.26505787
-1828.26171882
-1828.25351214
-1828.24122324
-1828.22743213
-1828.21572435
-1828.20958424
-1828.21131172
-1828.22129126
-1828.23783422
-1828.25762267
-1828.27660946
-1828.29111267
-1828.29878207
-1828.29915977
-1828.29367150
-1828.28506537
-1828.27649821
-1828.27057217
-1828.26862831
-1828.27048908
-1828.27469259
-1828.27910808
-1828.28171961
-1828.28131977
-1828.27789921
-1828.27263767
-1828.26750181
-1828.26459802
-1828.26548045
-1828.27062308
-1828.27921102
-1828.28931244
-1828.29838091
-1828.30394425
-1828.30429263
-1828.29895667
-1828.28883950
-1828.27594322
-1828.26277572
-1828.25163052
-1828.24397769
-1828.24016005
-1828.23946521
-1828.24051638
-1828.24183223
-1828.24236949
-1828.24187965
-1828.24098000
-1828.24092235
-1828.24311850
-1828.24859622
-1828.25755992
-1828.26922659
-1828.28199007
-1828.29387853
-1828.30313625
-1828.30873952
-1828.31067812
-1828.30989946
-1828.30795230
-1828.30643182
-1828.30642339
-1828.30812180
-1828.31075825
-1828.31285762
-1828.31273526
-1828.30907280
-1828.30138010
-1828.29021237
-1828.27706234
-1828.26398029
-1828.25301990
-1828.24568593
-1828.24254071
-1828.24308976
-1828.24597513
-1828.24941429
-1828.25175197
-1828.25196249
-1828.24995282
-1828.24657337
-1828.24334096
-1828.24194406
-1828.24370240
-1828.24913321
-1828.25777776
-1828.26832581
-1828.27900576
-1828.28810718
-1828.29447674
-1828.29784238
-1828.29886157
-1828.29888316
-1828.29948293
-1828.30190329
-1828.30656719
-1828.31282879
-1828.31906111
-1828.32307322
-1828.32274526
-1828.31669055
-1828.30473088
-1828.28803856
-1828.26888253
-1828.25004814
-1828.23410963
-1828.22276291
-1828.21642619
-1828.21421898
-1828.21431675
-1828.21456456
-1828.21317265
-1828.20928635
-1828.20326959
-1828.19660266
-1828.19140184
-1828.18969742
-1828.19270866
-1828.20034979
-1828.21114510
-1828.22259012
-1828.23185530
-1828.23661847
-1828.23578683
-1828.22986156
-1828.22084850
-1828.21171965
-1828.20558280
-1828.20480069
-1828.21032081
-1828.22142193
-1828.23593201
-1828.25085269
-1828.26318881
-1828.27077925
-1828.27289307
-1828.27043921
-1828.26570138
-1828.26166232
-1828.26107754
-1828.26557679
-1828.27506694
-1828.28763981
-1828.30002930
-1828.30849531
-1828.30987944
-1828.30253112
-1828.28683838
-1828.26520191
-1828.24145477
-1828.21988671
-1828.20414398
-1828.19631870
-1828.19648447
-1828.20280673
-1828.21218906
-1828.22124457
-1828.22731213
-1828.22921481
-1828.22753828
-1828.22437111
-1828.22258336
-1828.22486961
-1828.23284187
-1828.24644248
-1828.26385006
-1828.28190680
-1828.29693824
-1828.30574728
-1828.30649898
-1828.29923202
-1828.28587101
-1828.26971977
-1828.25459230
-1828.24383094
-1828.23947106
-1828.24176464
-1828.24917485
-1828.25883617
-1828.26735687
-1828.27176516
-1828.27033842
-1828.26308428
-1828.25171499
-1828.23912943
-1828.22855201
-1828.22259443
-1828.22251125
-1828.22786266
-1828.23666638
-1828.24599444
-1828.25285454
-1828.25510583
-1828.25213219
-1828.24505635
-1828.23641932
-1828.22942744
-1828.22699159
-1828.23085206
-1828.24103852
-1828.25584740
-1828.27232182
-1828.28710385
-1828.29738814
-1828.30169423
-1828.30022491
-1828.29471498
-1828.28782510
-1828.28227844
-1828.27999507
-1828.28147943
-1828.28564506
-1828.29012426
-1828.29197804
-1828.28860848
-1828.27860408
-1828.26227950
-1828.24173641
-1828.22042219
-1828.20229429
-1828.19081200
-1828.18802747
-1828.19403781
-1828.20698039
-1828.22357576
-1828.24006557
-1828.25325358
-1828.26134267
-1828.26431203
-1828.26376113
-1828.26227922
-1828.26255564
-1828.26648817
-1828.27455711
-1828.28562936
-1828.29725899
-1828.30639101
-1828.31027928
-1828.30734220
-1828.29770627
-1828.28325545
-1828.28325545
-1828.26716057
-1828.25302005
-1828.24386722
-1828.24135551
-1828.24535827
-1828.25408004
-1828.26462083
-1828.27380557
-1828.27905337
-1828.27903776
-1828.27398557
-1828.26552873
-1828.25617472
-1828.24854380
-1828.24458752
-1828.24502361
-1828.24914543
-1828.25506248
-1828.26030270
-1828.26257720
-1828.26047888
-1828.25389419
-1828.24403737
-1828.23309708
-1828.22362996
-1828.21786170
-1828.21709700
-1828.22139192
-1828.22957575
-1828.23960551
-1828.24914256
-1828.25618399
-1828.25956264
-1828.25919361
-1828.25600994
-1828.25162715
-1828.24784487
-1828.24612727
-1828.24720803
-1828.25091527
-1828.25625732
-1828.26173099
-1828.26576649
-1828.26719368
-1828.26559975
-1828.26146812
-1828.25605533
-1828.25102315
-1828.24793984
-1828.24779658
-1828.25069419
-1828.25580125
-1828.26160016
-1828.26632097
-1828.26842713
-1828.26700756
-1828.26199290
-1828.25415097
-1828.24488528
-1828.23587218
-1828.22863544
-1828.22415835
-1828.22266101
-1828.22359639
-1828.22587281
-1828.22822558
-1828.22961967
-1828.22955172
-1828.22817030
-1828.22617774
-1828.22456651
-1828.22429161
-1828.22596991
-1828.22968752
-1828.23493586
-1828.24070672
-1828.24574220
-1828.24574220
-1828.24890111
-1828.24952771
-1828.24767503
-1828.24410423
-1828.24006766
-1828.23696546
-1828.23598053
-1828.23778371
-1828.24237009
-1828.24905798
-1828.25665350
-1828.26374187
-1828.26905322
-1828.27180408
-1828.27191631
-1828.27004645
-1828.26738851
-1828.26530657
-1828.26489439
-1828.26660200
-1828.27005665
-1828.27415196
-1828.27738207
-1828.27832194
-1828.27609488
-1828.27066520
-1828.26286029
-1828.25414817
-1828.24624691
-1828.24068627
-1828.23840347
-1828.23947512
-1828.24306189
-1828.24760609
-1828.25125123
-1828.25237579
-1828.25009477
-1828.24455954
-1828.23696264
-1828.22922491
-1828.22345360
-1828.22132448
-1828.22357599
-1828.22976856
-1828.23837920
-1828.24720579
-1828.25396439
-1828.25691009
-1828.25530982
-1828.24964614
-1828.24149874
-1828.23312657
-1828.22685970
-1828.22446018
-1828.22663167
-1828.23282134
-1828.24137653
-1828.25000885
-1828.25644073
-1828.25904724
-1828.25732183
-1828.25201595
-1828.24492681
-1828.23836760
-1828.23447514
-1828.23454739
-1828.23861332
-1828.24535500
-1828.25243181
-1828.25712629
-1828.25715290
-1828.25142153
-1828.24049142
-1828.22654268
-1828.21283030
-1828.20276762
-1828.19892200
-1828.20224153
-1828.21176009
-1828.22487970
-1828.23814169
-1828.24826234
-1828.25311028
-1828.25234731
-1828.24752764
-1828.24164093
-1828.23821845
-1828.24026875
-1828.24933914
-1828.26497690
-1828.28474167
-1828.30478544
-1828.32084850
-1828.32939187
-1828.32855217
-1828.31863635
-1828.30200623
-1828.28239477
-1828.26385635
-1828.24966066
-1828.24145189
-1828.23891116
-1828.24001969
-1828.24183138
-1828.24151641
-1828.23734617
-1828.22931259
-1828.21918008
-1828.20996315
-1828.20498349
-1828.20681312
-1828.21642667
-1828.23281244
-1828.25316608
-1828.27361014
-1828.29023491
-1828.30014583
-1828.30221130
-1828.29727701
-1828.28779361
-1828.27698239
-1828.26781509
-1828.26214214
-1828.26023294
-1828.26086267
-1828.26188192
-1828.26106411
-1828.25694795
-1828.24939936
-1828.23973909
-1828.23038251
-1828.22413081
-1828.22331705
-1828.22907734
-1828.24095675
-1828.25697777
-1828.27413788
-1828.28920169
-1828.29955541
-1828.30387270
-1828.30239410
-1828.29673542
-1828.28929167
-1828.28240834
-1828.27759345
-1828.27502953
-1828.27354610
-1828.27109686
-1828.26557244
-1828.25569040
-1828.24164750
-1828.22532230
-1828.20993558
-1828.19926396
-1828.19661522
-1828.20385397
-1828.22076004
-1828.24493122
-1828.27229682
-1828.29810559
-1828.31814063
-1828.32979438
-1828.33270027
-1828.32872890
-1828.32134812
-1828.31452979
-1828.31153904
-1828.31395965
-1828.32124379
-1828.33090476
-1828.33929003
-1828.34269349
-1828.33850168
-1828.32603643
-1828.30687514
-1828.28452140
-1828.26351592
-1828.24820879
-1828.24155820
-1828.24431973
-1828.25487445
-1828.26972719
-1828.28451808
-1828.29523446
-1828.29928082
-1828.29613039
-1828.28735882
-1828.27608855
-1828.26600028
-1828.26018922
-1828.26022499
-1828.26568040
-1828.27428014
-1828.28262384
-1828.28726407
-1828.28580712
-1828.27768685
-1828.26436791
-1828.24893800
-1828.23522578
-1828.22674140
-1828.22573463
-1828.23260971
-1828.24584907
-1828.26246378
-1828.27884864
-1828.29177929
-1828.29924474
-1828.30086319
-1828.29777979
-1828.29211058
-1828.28615165
-1828.28159812
-1828.27903214
-1828.27781089
-1828.27638085
-1828.27289143
-1828.26590724
-1828.25497830
-1828.24087714
-1828.22544263
-1828.21109702
-1828.20020099
-1828.19444871
-1828.19446423
-1828.19971795
-1828.20876718
-1828.21974542
-1828.23094378
-1828.24129596
-1828.25062632
-1828.25957532
-1828.26923999
-1828.28063307
-1828.29415029
-1828.30921551
-1828.32425057
-1828.33699540
-1828.34510698
-1828.34686012
-1828.34172974
-1828.33065683
-1828.31589345
-1828.30043250
-1828.28719047
-1828.27818543
-1828.27397325
-1828.27352808
-1828.27462049
-1828.27457236
-1828.27118116
-1828.26349386
-1828.25219959
-1828.23948431
-1828.22839286
-1828.22188956
-1828.22191810
-1828.22875900
-1828.24089336
-1828.25542917
-1828.26895589
-1828.27857168
-1828.28273995
-1828.28171776
-1828.27740376
-1828.27266973
-1828.27039112
-1828.27249930
-1828.27933656
-1828.28951591
-1828.30032738
-1828.30855999
-1828.31149088
-1828.30772915
-1828.29765958
-1828.28335552
-1828.26798805
-1828.25491605
-1828.24673645
-1828.24455322
-1828.24769853
-1828.25396151
-1828.26028506
-1828.26370025
-1828.26223885
-1828.25552239
-1828.24485823
-1828.23280663
-1828.22236614
-1828.21603477
-1828.21503652
-1828.21895100
-1828.22584818
-1828.23288299
-1828.23716808
-1828.23665649
-1828.23077403
-1828.22059279
-1828.20850725
-1828.19749897
-1828.19023144
-1828.18825318
-1828.19156556
-1828.19869143
-1828.20722374
-1828.21467755
-1828.21935162
-1828.22091881
-1828.22054039
-1828.22045008
-1828.22316261
-1828.23056184
-1828.24317937
-1828.25991751
-1828.27828783
-1828.29511518
-1828.30745506
-1828.31343521
-1828.31275633
-1828.30669181
-1828.29761785
-1828.28822677
-1828.28069547
-1828.27606390
-1828.27401671
-1828.27310820
-1828.27136105
-1828.26702092
-1828.25923770
-1828.24844980
-1828.23636238
-1828.22550271
-1828.21850408
-1828.21731918
-1828.22261000
-1828.23349923
-1828.24776360
-1828.26241087
-1828.27447524
-1828.28179674
-1828.28355546
-1828.28041292
-1828.27422587
-1828.26742217
-1828.26224193
-1828.26006139
-1828.26101987
-1828.26405024
-1828.26730839
-1828.26886015
-1828.26740247
-1828.26278100
-1828.25613665
-1828.24962495
-1828.24578575
-1828.24675052
-1828.25353083
-1828.26560757
-1828.28096623
-1828.29658677
-1828.30925411
-1828.31644061
-1828.31698646
-1828.31137356
-1828.30149559
-1828.29001624
-1828.27950831
-1828.27166333
-1828.26682993
-1828.26403758
-1828.26148831
-1828.25732117
-1828.25038455
-1828.24074513
-1828.22978077
-1828.21982236
-1828.21347264
-1828.21281370
-1828.21875270
-1828.23070704
-1828.24671482
-1828.26392446
-1828.27932243
-1828.29047474
-1828.29607736
-1828.29616741
-1828.29195795
-1828.28537785
-1828.27846140
-1828.27277689
-1828.26904431
-1828.26702564
-1828.26572021
-1828.26378745
-1828.26006993
-1828.25406390
-1828.24618744
-1828.23776900
-1828.23073905
-1828.22711949
-1828.22845234
-1828.23533457
-1828.24720042
-1828.26242218
-1828.27870439
-1828.29366624
-1828.30544421
-1828.31313090
-1828.31690664
-1828.31782270
-1828.31730466
-1828.31655508
-1828.31607485
-1828.31547428
-1828.31363714
-1828.30917534
-1828.30099702
-1828.28879822
-1828.27329921
-1828.25616548
-1828.23963508
-1828.22597397
-1828.21692533
-1828.21330521
-1828.21486786
-1828.22045832
-1828.22840339
-1828.23701092
-1828.24502657
-1828.25191030
-1828.25787027
-1828.26364964
-1828.27015872
-1828.27806955
-1828.28751019
-1828.29794664
-1828.30828229
-1828.31714721
-1828.32326680
-1828.32581868
-1828.32465790
-1828.32035858
-1828.31405166
-1828.30711272
-1828.30079427
-1828.29590862
-1828.29266300
-1828.29068136
-1828.28919052
-1828.28730314
-1828.28431833
-1828.27995505
-1828.27445987
-1828.26856316
-1828.26328908
-1828.25966587
-1828.25842162
-1828.25976326
-1828.26330816
-1828.26819722
-1828.27333354
-1828.27768289
-1828.28053251
-1828.28166807
-1828.28141112
-1828.28049471
-1828.27978554
-1828.27996967
-1828.28131256
-1828.28359226
-1828.28620143
-1828.28836092
-1828.28936081
-1828.28876315
-1828.28649542
-1828.28284985
-1828.27839165
-1828.27381297
-1828.26977706
-1828.26679513
-1828.26515172
-1828.26489739
-1828.26588701
-1828.26785679
-1828.27049550
-1828.27350111
-1828.27659586
-1828.27951323
-1828.28198748
-1828.28376764
-1828.28465509
-1828.28452462
-1828.28332057
-1828.28102039
-1828.27760450
-1828.27304757
-1828.26734507
-1828.26056300
-1828.25288357
-1828.24462801
-1828.23625307
-1828.22832235
-1828.22145680
-1828.21627725
-1828.21333980
-1828.21305424
-1828.21561921
-1828.22095741
-1828.22868090
-1828.23809387
-1828.24826805
-1828.25818517
-1828.26690378
-1828.27370027
-1828.27814909
-1828.28014098
-1828.27985310
-1828.27767364
-1828.27410593
-1828.26965406
-1828.26472476
-1828.25955536
-1828.25421132
-1828.24866172
-1828.24290997
-1828.23712551
-1828.23172100
-1828.22733306
-1828.22470831
-1828.22451856
-1828.22716408
-1828.23263665
-1828.24047150
-1828.24982354
-1828.25963686
-1828.26887031
-1828.27671095
-1828.28272302
-1828.28686634
-1828.28939289
-1828.29065515
-1828.29090718
-1828.29017287
-1828.28823519
-1828.28475316
-1828.27947475
-1828.27245487
-1828.26420139
-1828.25568125
-1828.24816881
-1828.24297827
-1828.24115518
-1828.24321656
-1828.24901897
-1828.25778622
-1828.26828907
-1828.27912990
-1828.28905016
-1828.29717634
-1828.30313310
-1828.30701674
-1828.30924077
-1828.31032347
-1828.31068075
-1828.31048328
-1828.30961742
-1828.30774257
-1828.30443451
-1828.29935528
-1828.29241655
-1828.28388411
-1828.27439300
-1828.26487327
-1828.25638336
-1828.24990946
-1828.24615148
-1828.24537182
-1828.24733360
-1828.25136207
-1828.25651717
-1828.26183331
-1828.26655522
-1828.27030077
-1828.27310392
-1828.27533950
-1828.27755002
-1828.28021900
-1828.28355847
-1828.28737369
-1828.29106791
-1828.29378635
-1828.29466708
-1828.29310921
-1828.28897962
-1828.28268763
-1828.27511371
-1828.26741248
-1828.26075547
-1828.25608697
-1828.25394616
-1828.25440424
-1828.25711184
-1828.26143260
-1828.26662678
-1828.27202954
-1828.27718307
-1828.28189035
-1828.28618892
-1828.29025886
-1828.29427741
-1828.29826727
-1828.30198693
-1828.30490529
-1828.30629068
-1828.30539680
-1828.30170319
-1828.29514807
-1828.28627103
-1828.27621488
-1828.26654278
-1828.25890527
-1828.25463733
-1828.25440699
-1828.25804680
-1828.26462089
-1828.27271751
-1828.28087798
-1828.28801636
-1828.29370472
-1828.29822349
-1828.30235960
-1828.30701742
-1828.31276848
-1828.31950639
-1828.32633033
-1828.33170675
-1828.33388492
-1828.33142794
-1828.32370886
-1828.31120584
-1828.29549491
-1828.27892101
-1828.26404141
-1828.25299419
-1828.24698108
-1828.24601459
-1828.24900152
-1828.25414045
-1828.25949752
-1828.26358336
-1828.26575693
-1828.26632542
-1828.26634512
-1828.26719757
-1828.27009159
-1828.27563044
-1828.28354994
-1828.29271383
-1828.30135313
-1828.30750782
-1828.30954669
-1828.30663499
-1828.29901098
-1828.28798005
-1828.27562410
-1828.26428492
-1828.25595934
-1828.25177374
-1828.25170439
-1828.25463325
-1828.25872476
-1828.26203654
-1828.26315155
-1828.26165118
-1828.25826715
-1828.25466009
-1828.25289108
-1828.25475115
-1828.26114207
-1828.27169880
-1828.28477239
-1828.29780503
-1828.30800475
-1828.31313175
-1828.31216849
-1828.30564467
-1828.29551673
-1828.28461706
-1828.27583836
-1828.27131055
-1828.27182110
-1828.27665185
-1828.28387059
-1828.29097081
-1828.29566377
-1828.29658362
-1828.29371020
-1828.28837842
-1828.28286826
-1828.27968965
-1828.28076727
-1828.28677287
-1828.29681518
-1828.30858679
-1828.31894687
-1828.32477665
-1828.32386636
-1828.31558199
-1828.30112046
-1828.28327648
-1828.26576873
-1828.25228462
-1828.24548163
-1828.24622416
-1828.25332616
-1828.26390106
-1828.27425018
-1828.28098246
-1828.28202536
-1828.27721697
-1828.26833093
-1828.25851800
-1828.25133070
-1828.24960970
-1828.25455339
-1828.26527751
-1828.27898748
-1828.29173776
-1828.29955740
-1828.29959813
-1828.29098786
-1828.27511583
-1828.25527583
-1828.23577141
-1828.22073891
-1828.21303035
-1828.21347277
-1828.22071056
-1828.23168062
-1828.24257244
-1828.24998769
-1828.25194662
-1828.24844159
-1828.24137840
-1828.23393733
-1828.22955672
-1828.23084748
-1828.23875698
-1828.25222189
-1828.26840757
-1828.28345900
-1828.29356186
-1828.29599336
-1828.28988780
-1828.27648987
-1828.25883595
-1828.24095798
-1828.22682517
-1828.21931946
-1828.21951721
-1828.22648316
-1828.23763750
-1828.24957572
-1828.25909975
-1828.26414270
-1828.26432003
-1828.26096056
-1828.25662808
-1828.25426885
-1828.25625614
-1828.26359627
-1828.27555600
-1828.28980302
-1828.30302954
-1828.31185408
-1828.31375330
-1828.30775168
-1828.29468786
-1828.27698554
-1828.25800057
-1828.24113623
-1828.22897456
-1828.22268561
-1828.22186779
-1828.22485803
-1828.22938993
-1828.23338898
-1828.23564619
-1828.23616491
-1828.23609982
-1828.23731312
-1828.24170386
-1828.25051836
-1828.26385314
-1828.28049482
-1828.29814711
-1828.31396544
-1828.32526420
-1828.33019453
-1828.32821872
-1828.32025423
-1828.30842297
-1828.29547881
-1828.28405083
-1828.27594337
-1828.27169422
-1828.27052443
-1828.27068705
-1828.27010109
-1828.26707101
-1828.26087146
-1828.25202918
-1828.24221337
-1828.23376104
-1828.22897146
-1828.22937826
-1828.23521209
-1828.24523153
-1828.25700098
-1828.26755502
-1828.27426989
-1828.27566603
-1828.27187659
-1828.26462825
-1828.25673370
-1828.25125084
-1828.25057894
-1828.25576136
-1828.26620887
-1828.27991312
-1828.29405215
-1828.30581326
-1828.31317882
-1828.31545513
-1828.31339301
-1828.30888075
-1828.30430229
-1828.30176765
-1828.30245106
-1828.30622947
-1828.31173670
-1828.31680180
-1828.31913467
-1828.31705407
-1828.31002959
-1828.29887911
-1828.28555959
-1828.27262336
-1828.26251459
-1828.25691219
-1828.25631770
-1828.25999359
-1828.26626242
-1828.27305103
-1828.27851799
-1828.28158276
-1828.28220968
-1828.28137660
-1828.28073231
-1828.28202875
-1828.28649671
-1828.29435421
-1828.30465506
-1828.31553321
-1828.32477799
-1828.33048362
-1828.33154792
-1828.32786220
-1828.32021959
-1828.31006088
-1828.29914170
-1828.28915167
-1828.28134992
-1828.27631458
-1828.27389465
-1828.27338163
-1828.27384517
-1828.27450206
-1828.27499948
-1828.27551699
-1828.27665535
-1828.27915255
-1828.28354610
-1828.28989814
-1828.29769807
-1828.30596918
-1828.31353545
-1828.31934222
-1828.32271446
-1828.32348498
-1828.32196939
-1828.31882572
-1828.31484744
-1828.31074302
-1828.30696349
-1828.30362151
-1828.30052763
-1828.29733406
-1828.29372992
-1828.28963218
-1828.28527911
-1828.28118521
-1828.27794560
-1828.27597664
-1828.27533847
-1828.27575013
-1828.27678008
-1828.27805449
-1828.27938372
-1828.28076733
-1828.28231417
-1828.28413748
-1828.28625738
-1828.28854751
-1828.29072919
-1828.29241537
-1828.29320977
-1828.29283295
-1828.29124111
-1828.28869320
-1828.28572976
-1828.28306614
-1828.28143111
-1828.28137629
-1828.28312244
-1828.28646393
-1828.29076981
-1828.29508979
-1828.29836265
-1828.29968064
-1828.29854748
-1828.29504395
-1828.28984145
-1828.28404209
-1828.27887635
-1828.27536560
-1828.27404400
-1828.27483583
-1828.27711233
-1828.27989807
-1828.28217141
-1828.28316657
-1828.28260836
-1828.28079018
-1828.27849200
-1828.27673999
-1828.27649107
-1828.27833974
-1828.28234310
-1828.28800634
-1828.29443041
-1828.29443041
-1828.30056380
-1828.30547366
-1828.30855216
-1828.30961992
-1828.30889980
-1828.30689822
-1828.30422391
-1828.30139834
-1828.29870711
-1828.29612968
-1828.29337344
-1828.28999842
-1828.28559299
-1828.27993629
-1828.27310872
-1828.26550996
-1828.25779298
-1828.25072299
-1828.24500575
-1828.24500575
-1828.24113006
-1828.23928076
-1828.23934548
-1828.24100093
-1828.24383863
-1828.24748599
-1828.25167377
-1828.25623820
-1828.26107788
-1828.26107788
-1828.26608665
-1828.27108973
-1828.27582389
-1828.27995855
-1828.28316898
-1828.28522656
-1828.28607593
-1828.28585367
-1828.28485015
-1828.28340431
-1828.28178181
-1828.28005483
-1828.27803739
-1828.27530758
-1828.27134932
-1828.26577279
-1828.25855797
-1828.25020580
-1828.24172021
-1828.23441049
-1828.22956365
-1828.22809085
-1828.23025628
-1828.23558699
-1828.24299625
-1828.25107878
-1828.25848809
-1828.26426922
-1828.26804841
-1828.27005877
-1828.27101152
-1828.27187118
-1828.27356859
-1828.27669611
-1828.28124917
-1828.28651181
-1828.29116746
-1828.29364122
-1828.29258853
-1828.28736105
-1828.27831037
-1828.26681387
-1828.25501414
-1828.24533287
-1828.23989808
-1828.24002934
-1828.24592225
-1828.25661208
-1828.27021340
-1828.28438224
-1828.29687882
-1828.30610396
-1828.31147494
-1828.31352716
-1828.31370406
-1828.31386063
-1828.31562156
-1828.31977776
-1828.32592637
-1828.33248610
-1828.33710725
-1828.33736894
-1828.33155116
-1828.31924888
-1828.30162328
-1828.28120810
-1828.26130814
-1828.24517143
-1828.23516200
-1828.23217559
-1828.23546628
-1828.24291845
-1828.25169399
-1828.25905137
-1828.26311371
-1828.26336394
-1828.26073036
-1828.25723138
-1828.25528062
-1828.25686003
-1828.26280016
-1828.26280016
-1828.27242003
-1828.28363414
-1828.29352535
-1828.29921977
-1828.29879382
-1828.29192520
-1828.28008399
-1828.26620411
-1828.25390993
-1828.24653929
-1828.24622221
-1828.25329293
-1828.26619573
-1828.26619573
-1828.28191362
-1828.29680542
-1828.30761465
-1828.31236686
-1828.31088295
-1828.30475119
-1828.29675481
-1828.28992541
-1828.28652605
-1828.28727982
-1828.29109777
-1828.29540218
-1828.29694609
-1828.29288683
-1828.28177716
-1828.26416715
-1828.24262869
-1828.22118132
-1828.20427824
-1828.19563007
-1828.19721511
-1828.20875671
-1828.22783643
-1828.25059414
-1828.27281703
-1828.29106324
-1828.30350300
-1828.31023401
-1828.31300446
-1828.31446240
-1828.31716757
-1828.32267858
-1828.33096603
-1828.34033133
-1828.34783824
-1828.35014157
-1828.34448578
-1828.32959138
-1828.30617926
-1828.27696313
-1828.24610580
-1828.21827772
-1828.19757282
-1828.18657851
-1828.18585032
-1828.19393344
-1828.20790073
-1828.20790073
-1828.22426246
-1828.23995224
-1828.25311181
-1828.26343401
-1828.27198429
-1828.28057803
-1828.29092767
-1828.30384357
-1828.31875522
-1828.33370604
-1828.34583842
-1828.35220322
-1828.35065718
-1828.34055367
-1828.32301569
-1828.32301569
-1828.30071640
-1828.30071640
-1828.27722468
-1828.25613246
-1828.24020875
-1828.23083139
-1828.22784490
-1828.22985006
-1828.23481848
-1828.24081240
-1828.24658191
-1828.25185373
-1828.25723854
-1828.26382413
-1828.27260833
-1828.28397452
-1828.29739763
-1828.31146082
-1828.32417746
-1828.33350136
-1828.33786251
-1828.33656616
-1828.32994155
-1828.31922460
-1828.30622222
-1828.29286374
-1828.28076266
-1828.27090354
-1828.26352743
-1828.25823376
-1828.25424199
-1828.25074034
-1828.24721335
-1828.24365976
-1828.24061853
-1828.23899682
-1828.23976115
-1828.24360731
-1828.25072728
-1828.26072762
-1828.27272074
-1828.28554441
-1828.29802886
-1828.30923505
-1828.31858767
-1828.32588370
-1828.33119658
-1828.33473969
-1828.33674054
-1828.33735990
-1828.33667670
-1828.33471747
-1828.33471747
-1828.33151663
-1828.32716689
-1828.32183352
-1828.31571858
-1828.30899294
-1828.30173572
-1828.29393070
-1828.28554004
-1828.27663050
-1828.26750623
-1828.25876632
-1828.25124943
-1828.24585812
-1828.24329693
-1828.24381255
-1828.24703207
-1828.25198098
-1828.25729348
-1828.26156513
-1828.26373349
-1828.26337392
-1828.26083056
-1828.25714106
-1828.25377609
-1828.25224816
-1828.25367969
-1828.25847319
-1828.26615919
-1828.27550377
-1828.28485316
-1828.29260989
-1828.29771388
-1828.29995927
-1828.30002450
-1828.29920042
-1828.29891526
-1828.30025614
-1828.30366074
-1828.30882900
-1828.31482174
-1828.32027595
-1828.32371053
-1828.32387318
-1828.32007726
-1828.31244859
-1828.30199311
-1828.29044019
-1828.27985775
-1828.27214230
-1828.26852466
-1828.26923900
-1828.27345797
-1828.27948941
-1828.28517054
-1828.28840356
-1828.28775406
-1828.28295218
-1828.27510073
-1828.26643887
-1828.25973817
-1828.25749365
-1828.26116983
-1828.27072428
-1828.28455365
-1828.29989974
-1828.31360085
