-1828.29585342
-1828.29988182
-1828.30044299
-1828.29771678
-1828.29233927
-1828.28525313
-1828.27749135
-1828.26997471
-1828.26336594
-1828.25803072
-1828.25409652
-1828.25158074
-1828.25053338
-1828.25112349
-1828.25363469
-1828.25834415
-1828.26533646
-1828.27430554
-1828.28445171
-1828.29453150
-1828.30306502
-1828.30865791
-1828.31032749
-1828.30772755
-1828.30119766
-1828.29164613
-1828.28030067
-1828.26843528
-1828.25712452
-1828.24708432
-1828.23861667
-1828.23165132
-1828.22588034
-1828.22093765
-1828.21659968
-1828.21293264
-1828.21034610
-1828.20951953
-1828.21119693
-1828.21590698
-1828.22368854
-1828.23392963
-1828.24538015
-1828.25635805
-1828.26509616
-1828.27013523
-1828.27066217
-1828.26670308
-1828.25911740
-1828.24940461
-1828.23935530
-1828.23065121
-1828.22450703
-1828.22144573
-1828.22126633
-1828.22320006
-1828.22621161
-1828.22935152
-1828.23204753
-1828.23425335
-1828.23639628
-1828.23916144
-1828.24317864
-1828.24874589
-1828.25568253
-1828.26336800
-1828.27092394
-1828.27745136
-1828.28222340
-1828.28476946
-1828.28487532
-1828.28257488
-1828.27817476
-1828.27227932
-1828.26574495
-1828.25955122
-1828.25461561
-1828.25159983
-1828.25075831
-1828.25187300
-1828.25429862
-1828.25711653
-1828.25937664
-1828.26036417
-1828.25982130
-1828.25804000
-1828.25580284
-1828.25416157
-1828.25416157
-1828.25416157
-1828.25412118
-1828.25631293
-1828.26077018
-1828.26687951
-1828.27355293
-1828.27956755
-1828.28396876
-1828.28639653
-1828.28721789
-1828.28740895
-1828.28822729
-1828.29077833
-1828.29562315
-1828.30255016
-1828.31058759
-1828.31823845
-1828.32387428
-1828.32616986
-1828.32444442
-1828.31882820
-1828.31020688
-1828.29994656
-1828.28949630
-1828.27999288
-1828.27201742
-1828.26557201
-1828.26024956
-1828.25549777
-1828.25087681
-1828.24623488
-1828.24177377
-1828.23798788
-1828.23798788
-1828.23550764
-1828.23488883
-1828.23641792
-1828.23997446
-1828.24499627
-1828.25056944
-1828.25561265
-1828.25913266
-1828.26047596
-1828.25950393
-1828.25662522
-1828.25267014
-1828.24864634
-1828.24544643
-1828.24361264
-1828.24321368
-1828.24387949
-1828.24497572
-1828.24585305
-1828.24609921
-1828.24570395
-1828.24508480
-1828.24495841
-1828.24610158
-1828.24907032
-1828.25397529
-1828.26039742
-1828.26747664
-1828.27413846
-1828.27938076
-1828.28251322
-1828.28328443
-1828.28187342
-1828.27877144
-1828.27461161
-1828.27000559
-1828.26543215
-1828.26119935
-1828.25747244
-1828.25433341
-1828.25183914
-1828.25005482
-1828.24904985
-1828.24886324
-1828.24946398
-1828.25072385
-1828.25242327
-1828.25428375
-1828.25600647
-1828.25728554
-1828.25779280
-1828.25718032
-1828.25513445
-1828.25148123
-1828.24627009
-1828.23976890
-1828.23235624
-1828.22439251
-1828.21612546
-1828.20769867
-1828.19922610
-1828.19090127
-1828.18307649
-1828.17629596
-1828.17629596
-1828.17125300
-1828.16868358
-1828.16920124
-1828.17311831
-1828.18029302
-1828.19006835
-1828.20135654
-1828.21287171
-1828.22345020
-1828.23234914
-1828.23941740
-1828.24505700
-1828.25000501
-1828.25499865
-1828.26043965
-1828.29585342
-1828.29988182
-1828.30044299
-1828.29771678
-1828.29233927
-1828.28525313
-1828.27749135
-1828.26997471
-1828.26336594
-1828.25803072
-1828.25409652
-1828.25158074
-1828.25053338
-1828.25112349
-1828.25363469
-1828.25834415
-1828.26533646
-1828.27430554
-1828.28445171
-1828.29453150
-1828.30306502
-1828.30865791
-1828.31032749
-1828.30772755
-1828.30119766
-1828.29164613
-1828.28030067
-1828.26843528
-1828.25712452
-1828.24708432
-1828.23861667
-1828.23165132
-1828.22588034
-1828.22093765
-1828.21659968
-1828.21293264
-1828.21034610
-1828.20951953
-1828.21119693
-1828.21590698
-1828.22368854
-1828.23392963
-1828.24538015
-1828.25635805
-1828.26509616
-1828.27013523
-1828.27066217
-1828.26670308
-1828.25911740
-1828.24940461
-1828.23935530
-1828.23065121
-1828.22450703
-1828.22144573
-1828.22126633
-1828.22320006
-1828.22621161
-1828.22935152
-1828.23204753
-1828.23425335
-1828.23639628
-1828.23916144
-1828.24317864
-1828.24874589
-1828.25568253
-1828.26336800
-1828.27092394
-1828.27745136
-1828.28222340
-1828.28476946
-1828.28487532
-1828.28257488
-1828.27817476
-1828.27227932
-1828.26574495
-1828.25955122
-1828.25461561
-1828.25159983
-1828.25075831
-1828.25187300
-1828.25429862
-1828.25711653
-1828.25937664
-1828.26036417
-1828.25982130
-1828.25804000
-1828.25580284
-1828.25416157
-1828.25412118
-1828.25631293
-1828.26077018
-1828.26687951
-1828.27355293
-1828.27956755
-1828.28396876
-1828.28639653
-1828.28721789
-1828.28740895
-1828.28822729
-1828.29077833
-1828.29562315
-1828.30255016
-1828.31058759
-1828.31823845
-1828.32387428
-1828.32616986
-1828.32444442
-1828.31882820
-1828.31020688
-1828.29994656
-1828.28949630
-1828.27999288
-1828.27201742
-1828.26557201
-1828.26024956
-1828.25549777
-1828.25087681
-1828.24623488
-1828.24177377
-1828.23798788
-1828.23798788
-1828.23550764
-1828.23488883
-1828.23641792
-1828.23997446
-1828.24499627
-1828.25056944
-1828.25561265
-1828.25913266
-1828.26047596
-1828.25950393
-1828.25662522
-1828.25267014
-1828.24864634
-1828.24544643
-1828.24361264
-1828.24321368
-1828.24387949
-1828.24497572
-1828.24585305
-1828.24609921
-1828.24570395
-1828.24508480
-1828.24495841
-1828.24610158
-1828.24907032
-1828.25397529
-1828.25397529
-1828.26039742
-1828.26747664
-1828.27413846
-1828.27938076
-1828.28251322
-1828.28328443
-1828.28187342
-1828.27877144
-1828.27461161
-1828.27000559
-1828.26543215
-1828.26119935
-1828.26119935
-1828.26119935
-1828.25747244
-1828.25433341
-1828.25183914
-1828.25005482
-1828.24904985
-1828.24886324
-1828.24946398
-1828.25072385
-1828.25242327
-1828.25428375
-1828.25600647
-1828.25728554
-1828.25779280
-1828.25718032
-1828.25513445
-1828.25148123
-1828.24627009
-1828.23976890
-1828.23235624
-1828.22439251
-1828.21612546
-1828.20769867
-1828.19922610
-1828.19090127
-1828.18307649
-1828.17629596
-1828.17125300
-1828.16868358
-1828.16920124
-1828.17311831
-1828.18029302
-1828.19006835
-1828.20135654
-1828.21287171
-1828.22345020
-1828.23234914
-1828.23941740
-1828.24505700
-1828.25000501
-1828.25499865
-1828.26043965
-1828.26617555
-1828.27147090
-1828.27517393
-1828.27604342
-1828.27312303
-1828.26607577
-1828.25536311
-1828.24221443
-1828.22839023
-1828.21578066
-1828.20595798
-1828.19979774
-1828.19728562
-1828.19756742
-1828.19923059
-1828.20074425
-1828.20091483
-1828.19924333
-1828.19606770
-1828.19245569
-1828.18987685
-1828.18975138
-1828.19300835
-1828.19978422
-1828.20935822
-1828.22034924
-1828.23111772
-1828.24024577
-1828.24694157
-1828.25124697
-1828.25396181
-1828.25632230
-1828.25953073
-1828.26429059
-1828.27049931
-1828.27721052
-1828.28288184
-1828.28583811
-1828.28583811
-1828.28481211
-1828.27937827
-1828.27014532
-1828.25863918
-1828.24690752
-1828.23696732
-1828.23025450
-1828.22725265
-1828.22740341
-1828.22933136
-1828.23131008
-1828.23182593
-1828.23005604
-1828.22611825
-1828.22101822
-1828.21631224
-1828.21357747
-1828.21384811
-1828.21721717
-1828.22273646
-1828.22867613
-1828.23307682
-1828.23440343
-1828.23207904
-1828.22671753
-1828.21997765
-1828.21407972
-1828.21113504
-1828.21249822
-1828.21833656
-1828.22754823
-1828.23807356
-1828.24750404
-1828.25380167
-1828.25591961
-1828.25412113
-1828.24989943
-1828.24551205
-1828.24325847
-1828.24471907
-1828.25017457
-1828.25842056
-1828.26705163
-1828.27315269
-1828.27418727
-1828.26880250
-1828.25728327
-1828.24151682
-1828.22446951
-1828.20934499
-1828.19868869
-1828.19371000
-1828.19403534
-1828.19795385
-1828.20305559
-1828.20705094
-1828.20850318
-1828.20725438
-1828.20442881
-1828.20203275
-1828.20228718
-1828.20688012
-1828.21637714
-1828.22995631
-1828.24555397
-1828.26039317
-1828.27174926
-1828.27772265
-1828.27778846
-1828.27294035
-1828.26537763
-1828.25782919
-1828.25272201
-1828.25144195
-1828.25392867
-1828.25872214
-1828.26345810
-1828.26564818
-1828.26351123
-1828.25657080
-1828.24583489
-1828.23348614
-1828.22218293
-1828.21419196
-1828.21063263
-1828.21108971
-1828.21372593
-1828.21587523
-1828.21493668
-1828.20927525
-1828.19884519
-1828.18531967
-1828.17167563
-1828.16135228
-1828.15724772
-1828.16085563
-1828.17182815
-1828.18808506
-1828.20643237
-1828.22349691
-1828.23668551
-1828.24487153
-1828.24860859
-1828.24982235
-1828.25108430
-1828.25470463
-1828.26192805
-1828.27246517
-1828.28450834
-1828.29521326
-1828.30152073
-1828.30109205
-1828.29307950
-1828.27848278
-1828.25995408
-1828.24109909
-1828.22549189
-1828.21571061
-1828.21267117
-1828.21543739
-1828.22154550
-1828.22775387
-1828.23099774
-1828.22928791
-1828.22228359
-1828.21137644
-1828.19925994
-1828.18908849
-1828.18348264
-1828.18367565
-1828.18907207
-1828.19737818
-1828.20529365
-1828.20955679
-1828.20802887
-1828.20046663
-1828.18872886
-1828.17633486
-1828.16750502
-1828.16595440
-1828.17381212
-1828.19098155
-1828.21513764
-1828.24236110
-1828.26820538
-1828.28889068
-1828.30224909
-1828.30815951
-1828.30835553
-1828.30568499
-1828.30307641
-1828.30253861
-1828.30449952
-1828.30768612
-1828.30956801
-1828.30721534
-1828.29830827
-1828.28198349
-1828.25925767
-1828.23290350
-1828.20680418
-1828.18497498
-1828.17053784
-1828.16493876
-1828.16764077
-1828.17637385
-1828.18786064
-1828.19880038
-1828.20683022
-1828.21116586
-1828.21274650
-1828.21382506
-1828.21713074
-1828.22486484
-1828.23785535
-1828.25515800
-1828.27423370
-1828.29163895
-1828.30400863
-1828.30902935
-1828.30611366
-1828.29658424
-1828.28330545
-1828.26986674
-1828.25956687
-1828.25449640
-1828.25498641
-1828.25959710
-1828.26562417
-1828.26997280
-1828.27011004
-1828.26481149
-1828.25446519
-1828.24086705
-1828.22657917
-1828.22657917
-1828.21408138
-1828.20499052
-1828.19959485
-1828.19683900
-1828.19474251
-1828.19110100
-1828.18424540
-1828.17361661
-1828.15999797
-1828.14535388
-1828.13234058
-1828.12362905
-1828.12122343
-1828.12596115
-1828.13731787
-1828.15356908
-1828.17223993
-1828.19071492
-1828.20684367
-1828.21939774
-1828.22825860
-1828.23429107
-1828.23892574
-1828.24358460
-1828.24911585
-1828.25542517
-1828.26141693
-1828.26528282
-1828.26506034
-1828.25930234
-1828.24764417
-1828.23107865
-1828.21183001
-1828.19286093
-1828.17714126
-1828.16690324
-1828.16690324
-1828.16309335
-1828.16518912
-1828.17143690
-1828.17945867
-1828.18702784
-1828.19276097
-1828.19649628
-1828.19649628
-1828.19923532
-1828.20268918
-1828.20859757
-1828.21805870
-1828.23109376
-1828.24655626
-1828.26240763
-1828.27626041
-1828.28602092
-1828.29046658
-1828.28957891
-1828.28455049
-1828.27745953
-1828.27071604
-1828.26643223
-1828.26589224
-1828.26925737
-1828.27556381
-1828.28301801
-1828.28949113
-1828.29308342
-1828.29261055
-1828.28787878
-1828.27967851
-1828.27967851
-1828.26951608
-1828.25915325
-1828.25010281
-1828.24322568
-1828.23853958
-1828.23529614
-1828.23228608
-1828.22828026
-1828.22248344
-1828.21485059
-1828.20617814
-1828.19793042
-1828.19185016
-1828.18946360
-1828.19163946
-1828.19831932
-1828.20850789
-1828.22052495
-1828.23244152
-1828.24256543
-1828.24983722
-1828.25402436
-1828.25566722
-1828.25581267
-1828.25563236
-1828.25604047
-1828.25742701
-1828.25957096
-1828.26174937
-1828.26298901
-1828.26239372
-1828.25944739
-1828.25421346
-1828.24738057
-1828.24012612
-1828.23384171
-1828.22978759
-1828.22877835
-1828.23098740
-1828.23592237
-1828.24256578
-1828.24962569
-1828.25581983
-1828.26012121
-1828.26192145
-1828.26108693
-1828.25792947
-1828.25310640
-1828.24747121
-1828.24189947
-1828.23711369
-1828.23355589
-1828.23133495
-1828.23027090
-1828.23000998
-1828.23018899
-1828.23058966
-1828.23123265
-1828.23238157
-1828.23444506
-1828.23781665
-1828.24269936
-1828.24898487
-1828.25621470
-1828.26364572
-1828.27039519
-1828.27562846
-1828.27872944
-1828.27940812
-1828.27772058
-1828.27400737
-1828.26878676
-1828.26262872
-1828.25605321
-1828.24946347
-1828.24312522
-1828.23718332
-1828.23169820
-1828.22668635
-1828.22217478
-1828.21824701
-1828.21505738
-1828.21279606
-1828.21160375
-1828.21147865
-1828.21221942
-1828.21343572
-1828.21462545
-1828.21529357
-1828.21507852
-1828.21384589
-1828.21172163
-1828.20904956
-1828.20628265
-1828.20384018
-1828.20197651
-1828.20197651
-1828.20071662
-1828.19987163
-1828.19913908
-1828.19824796
-1828.19709457
-1828.19582046
-1828.19479204
-1828.19449730
-1828.19539356
-1828.19776071
-1828.20159720
-1828.20659147
-1828.21216596
-1828.21758112
-1828.22210765
-1828.22520450
-1828.22666961
-1828.22669986
-1828.22582380
-1828.22472750
-1828.22403031
-1828.22408185
-1828.22483909
-1828.22587487
-1828.22650664
-1828.22602005
-1828.22392870
-1828.22016387
-1828.21514798
-1828.20970534
-1828.20485345
-1828.20153036
-1828.20033254
-1828.20134570
-1828.20410721
-1828.20772069
-1828.21110121
-1828.21328851
-1828.21375635
-1828.21375635
-1828.21260488
-1828.21056924
-1828.20881919
-1828.20860462
-1828.21084693
-1828.21580958
-1828.22295610
-1828.23106184
-1828.23854318
-1828.24391178
-1828.24620978
-1828.24527266
-1828.24175163
-1828.23690137
-1828.23219650
-1828.22890405
-1828.22772265
-1828.22858546
-1828.23068876
-1828.23273900
-1828.23335682
-1828.23150916
-1828.22685029
-1828.21985724
-1828.21170599
-1828.20392304
-1828.19791148
-1828.19451475
-1828.19376772
-1828.19492611
-1828.19674654
-1828.19790349
-1828.19739940
-1828.19484882
-1828.19056706
-1828.18545802
-1828.18073137
-1828.17754798
-1828.17667521
-1828.17827786
-1828.18190811
-1828.18671132
-1828.19176351
-1828.19640663
-1828.20046193
-1828.20426024
-1828.20847506
-1828.21384240
-1828.22084558
-1828.22947286
-1828.23912742
-1828.24872374
-1828.25696119
-1828.26268028
-1828.26519343
-1828.26446496
-1828.26107553
-1828.25598847
-1828.25020442
-1828.24442265
-1828.23882442
-1828.23304249
-1828.22632800
-1828.21787570
-1828.20720706
-1828.19449566
-1828.18072042
-1828.16756812
-1828.15709283
-1828.15120148
-1828.15113602
-1828.15711299
-1828.16828146
-1828.18298971
-1828.19925505
-1828.21525415
-1828.22967973
-1828.24191993
-1828.25202889
-1828.26052557
-1828.26807886
-1828.27516585
-1828.28181298
-1828.28750143
-1828.29127458
-1828.29201991
-1828.28885381
-1828.28148467
-1828.27041940
-1828.25693983
-1828.24284419
-1828.23005105
-1828.22017517
-1828.21418255
-1828.21220081
-1828.21354628
-1828.21695820
-1828.22098284
-1828.22439355
-1828.22651338
-1828.22735000
-1828.22749577
-1828.22783417
-1828.22914872
-1828.23177203
-1828.23538939
-1828.23905711
-1828.24145521
-1828.24128804
-1828.23772610
-1828.23074596
-1828.22124527
-1828.21087305
-1828.20162172
-1828.19528737
-1828.19299358
-1828.19492445
-1828.20033540
-1828.20782398
-1828.21576172
-1828.22274742
-1828.22796791
-1828.23135577
-1828.23351436
-1828.23543825
-1828.23812448
-1828.24218877
-1828.24761527
-1828.25370705
-1828.25924891
-1828.26284300
-1828.26331617
-1828.26008406
-1828.25336251
-1828.24417049
-1828.23411361
-1828.22499986
-1828.21837217
-1828.21509579
-1828.21510870
-1828.21743301
-1828.22044938
-1828.22237493
-1828.22180546
-1828.21816207
-1828.21191211
-1828.20448473
-1828.19788936
-1828.19413293
-1828.19459484
-1828.19954971
-1828.20801490
-1828.21798545
-1828.22700782
-1828.23287784
-1828.23426124
-1828.23104194
-1828.22431769
-1828.21607365
-1828.21607365
-1828.20862476
-1828.20862476
-1828.20398640
-1828.20332657
-1828.20664007
-1828.21273280
-1828.21954346
-1828.22472409
-1828.22633017
-1828.22341466
-1828.21632047
-1828.20658363
-1828.19647343
-1828.18831465
-1828.18380740
-1828.18354574
-1828.18687407
-1828.19211539
-1828.19710727
-1828.19988100
-1828.19928992
-1828.19539746
-1828.18949655
-1828.18375802
-1828.18059693
-1828.18195908
-1828.18873086
-1828.20043145
-1828.21529486
-1828.23071403
-1828.24392579
-1828.25274378
-1828.25610458
-1828.25429416
-1828.24877378
-1828.24170282
-1828.23529782
-1828.23122743
-1828.23021066
-1828.23191956
-1828.23517516
-1828.23837462
-1828.24001514
-1828.23915808
-1828.23571078
-1828.23043778
-1828.22469776
-1828.22000126
-1828.21752508
-1828.21774076
-1828.22027643
-1828.22402871
-1828.22748985
-1828.22917904
-1828.22805848
-1828.22383040
-1828.22383040
-1828.22383040
-1828.15158390
-1828.09131999
-1828.05634040
-1828.05270486
-1828.07766116
-1828.12071783
-1828.16702401
-1828.16702401
-1828.20201301
-1828.21589536
-1828.21589536
-1828.20661153
-1828.18034401
-1828.14942656
-1828.12831337
-1828.12887084
-1828.15646068
-1828.20801520
-1828.27269831
-1828.33495381
-1828.37903107
-1828.39362136
-1828.37520286
-1828.32908048
-1828.26779952
-1828.20742575
-1828.16281087
-1828.14329244
-1828.15012207
-1828.17639544
-1828.20947471
-1828.23514183
-1828.24217897
-1828.22596143
-1828.18995858
-1828.14468385
-1828.10443164
-1828.08280230
-1828.08840515
-1828.12204550
-1828.17627754
-1828.23746221
-1828.28972249
-1828.31959322
-1828.31995702
-1828.29206863
-1828.24506222
-1828.19311112
-1828.15112594
-1828.13031194
-1828.13494680
-1828.16132351
-1828.19914847
-1828.23492978
-1828.25629157
-1828.25588638
-1828.23370625
-1828.19710511
-1828.15853089
-1828.13167291
-1828.12720751
-1828.14943397
-1828.19483069
-1828.25295321
-1828.30941776
-1828.35006009
-1828.36502183
-1828.35153768
-1828.31459591
-1828.31459591
-1828.26529729
-1828.21743499
-1828.18333608
-1828.17023318
-1828.17826261
-1828.20066384
-1828.22610648
-1828.24241841
-1828.24055730
-1828.21759693
-1828.17779837
-1828.13143764
-1828.09174047
-1828.07086676
-1828.07617840
-1828.10793728
-1828.15913279
-1828.21749525
-1828.26906939
-1828.30224977
-1828.31104746
-1828.29661422
-1828.26659351
-1828.23253598
-1828.20621084
-1828.19596277
-1828.20423510
-1828.22698567
-1828.25513812
-1828.27757601
-1828.28474859
-1828.27176866
-1828.24007806
-1828.19717608
-1828.15449767
-1828.12407464
-1828.11499060
-1828.13069147
-1828.16795678
-1828.21782910
-1828.26820690
-1828.30731224
-1828.32699687
-1828.32491024
-1828.30490284
-1828.27557797
-1828.24746392
-1828.22968558
-1828.22715475
-1828.23913377
-1828.25959788
-1828.27926270
-1828.28863853
-1828.28115082
-1828.25536622
-1828.21562626
-1828.17092017
-1828.13232125
-1828.10977643
-1828.10920894
-1828.13080911
-1828.16901563
-1828.21418581
-1828.25543670
-1828.28379218
-1828.29467886
-1828.28902422
-1828.27265213
-1828.25418150
-1828.25418150
-1828.24213100
-1828.24211055
-1828.25500599
-1828.27667718
-1828.29925915
-1828.31362877
-1828.31226745
-1828.29163525
-1828.25336684
-1828.20393957
-1828.15295028
-1828.11049517
-1828.08441741
-1828.07823170
-1828.09033444
-1828.11471974
-1828.14296155
-1828.16683844
-1828.18078644
-1828.18343723
-1828.17780213
-1828.17006919
-1828.16742519
-1828.17558938
-1828.19684227
-1828.22913770
-1828.26658183
-1828.30110170
-1828.32480195
-1828.33227791
-1828.32219217
-1828.29764142
-1828.26520975
-1828.23301257
-1828.20834486
-1828.19565067
-1828.19542256
-1828.20432893
-1828.21648978
-1828.22547957
-1828.22641361
-1828.21747362
-1828.20040313
-1828.17985872
-1828.16184713
-1828.15177495
-1828.15272605
-1828.16451748
-1828.18379438
-1828.20511861
-1828.22267061
-1828.23200714
-1828.23132893
-1828.22188455
-1828.20742962
-1828.19295490
-1828.18309500
-1828.18073050
-1828.18619978
-1828.19734905
-1828.21036412
-1828.22109871
-1828.22644185
-1828.22529495
-1828.21885317
-1828.21013510
-1828.20293934
-1828.20058184
-1828.20481095
-1828.21525265
-1828.22952552
-1828.24398308
-1828.25484900
-1828.25938314
-1828.25671579
-1828.24808098
-1828.23637386
-1828.22515207
-1828.21743743
-1828.21469319
-1828.21634575
-1828.21999908
-1828.22227397
-1828.21998621
-1828.21127768
-1828.19632102
-1828.17736793
-1828.15812357
-1828.14264099
-1828.13408945
-1828.13377793
-1828.14075999
-1828.15215121
-1828.16408885
-1828.17300368
-1828.17678337
-1828.17543286
-1828.17099897
-1828.16678970
-1828.16615827
-1828.17125363
-1828.18217040
-1828.19678549
-1828.21135738
-1828.22169277
-1828.22451800
-1828.21860197
-1828.20526788
-1828.18811010
-1828.17199314
-1828.16162738
-1828.16016269
-1828.16824686
-1828.18383825
-1828.20284837
-1828.22041897
-1828.23242069
-1828.23671461
-1828.23375760
-1828.22637892
-1828.21878431
-1828.21512493
-1828.21807306
-1828.22786804
-1828.24214079
-1828.25658741
-1828.26628330
-1828.26723288
-1828.25766612
-1828.23868836
-1828.21405654
-1828.18912500
-1828.16926730
-1828.15826574
-1828.15722662
-1828.16438717
-1828.17584280
-1828.18690373
-1828.19363162
-1828.19407954
-1828.18888421
-1828.18100986
-1828.17473048
-1828.17415781
-1828.18179842
-1828.19760600
-1828.21884649
-1828.24083845
-1828.25834062
-1828.26715390
-1828.26542046
-1828.25417806
-1828.23697742
-1828.21869432
-1828.20396484
-1828.19578433
-1828.19470461
-1828.19884143
-1828.20464188
-1828.20815045
-1828.20637238
-1828.19831417
-1828.18537408
-1828.17096824
-1828.15950787
-1828.15503684
-1828.15994536
-1828.17416015
-1828.19507375
-1828.21824875
-1828.23869958
-1828.25234541
-1828.25718080
-1828.25379870
-1828.24509510
-1828.23526530
-1828.22842039
-1828.22726825
-1828.23226724
-1828.24152281
-1828.25143994
-1828.25793055
-1828.25777605
-1828.24971198
-1828.23489620
-1828.21661353
-1828.19931028
-1828.18724232
-1828.18315881
-1828.18743414
-1828.19793026
-1828.21065478
-1828.22102879
-1828.22536577
-1828.22206799
-1828.21213828
-1828.19884015
-1828.18661624
-1828.17963728
-1828.18045624
-1828.18919275
-1828.20348560
-1828.21923385
-1828.23188648
-1828.23789407
-1828.23584878
-1828.22694284
-1828.21458570
-1828.20329413
-1828.19722294
-1828.19881766
-1828.20802044
-1828.22229918
-1828.23747879
-1828.24909562
-1828.25385039
-1828.25067849
-1828.24110098
-1828.22873415
-1828.21811162
-1828.21319561
-1828.21605085
-1828.22612234
-1828.24035775
-1828.25413393
-1828.26271221
-1828.26275474
-1828.25341797
-1828.23667193
-1828.21671628
-1828.19867445
-1828.18697267
-1828.18392540
-1828.18897715
-1828.19884399
-1828.20853157
-1828.21293273
-1828.20851986
-1828.19459133
-1828.17366279
-1828.15084714
-1828.13238653
-1828.12378056
-1828.12809572
-1828.14495529
-1828.17054490
-1828.19864255
-1828.22239860
-1828.23633301
-1828.23796007
-1828.22852407
-1828.21260571
-1828.19669694
-1828.18717019
-1828.18825672
-1828.20068018
-1828.22137925
-1828.24441449
-1828.26279328
-1828.27065569
-1828.26514140
-1828.24736242
-1828.22216861
-1828.19675000
-1828.17848557
-1828.17267710
-1828.18087514
-1828.20033284
-1828.22479480
-1828.24639624
-1828.25810173
-1828.25592189
-1828.24020917
-1828.21562365
-1828.18974853
-1828.17076679
-1828.16490052
-1828.17441760
-1828.19685473
-1828.22571869
-1828.25245954
-1828.26909178
-1828.27065175
-1828.25673508
-1828.23164896
-1828.20313362
-1828.18002176
-1828.16954810
-1828.17512813
-1828.19529500
-1828.22413564
-1828.25311110
-1828.27372021
-1828.28017506
-1828.27126434
-1828.25079198
-1828.22643604
-1828.20733497
-1828.20115355
-1828.21154166
-1828.23680796
-1828.27025103
-1828.30208001
-1828.32233990
-1828.32394223
-1828.30489295
-1828.26900919
-1828.22489912
-1828.18348963
-1828.15482932
-1828.14512489
-1828.15491809
-1828.17896577
-1828.20788591
-1828.23108787
-1828.24009451
-1828.23122132
-1828.20677020
-1828.17433241
-1828.14442165
-1828.12718546
-1828.12923657
-1828.15156495
-1828.18915030
-1828.23239674
-1828.26995907
-1828.26995907
-1828.29211355
-1828.29366814
-1828.27551679
-1828.24435977
-1828.21064816
-1828.18536831
-1828.17663209
-1828.18711873
-1828.21318083
-1828.24589633
-1828.27377241
-1828.28628092
-1828.27714351
-1828.24635088
-1828.20028672
-1828.14990211
-1828.10748862
-1828.08303644
-1828.08129165
-1828.10040289
-1828.13256191
-1828.16643592
-1828.19066126
-1828.19733064
-1828.18442827
-1828.15645686
-1828.12306465
-1828.09607989
-1828.08585302
-1828.09801181
-1828.13163604
-1828.17941594
-1828.22975821
-1828.27020653
-1828.29114276
-1828.28863983
-1828.26560224
-1828.23084799
-1828.19641570
-1828.17390332
-1828.17095612
-1828.18896701
-1828.22268797
-1828.26186951
-1828.29442892
-1828.31017362
-1828.30394970
-1828.27725013
-1828.23779770
-1828.19722427
-1828.16754483
-1828.15750264
-1828.16988970
-1828.20066002
-1828.24010842
-1828.27577006
-1828.29616849
-1828.29427267
-1828.26962372
-1828.22848036
-1828.18193473
-1828.14258687
-1828.12076979
-1828.12148914
-1828.14298801
-1828.17737399
-1828.21310112
-1828.23856397
-1828.24569095
-1828.23245520
-1828.20352803
-1828.16888012
-1828.14074883
-1828.12988186
-1828.14221238
-1828.17695070
-1828.22671198
-1828.27962484
-1828.32280817
-1828.34613870
-1828.34517944
-1828.32237640
-1828.28618638
-1828.24841078
-1828.22056823
-1828.21041614
-1828.21968589
-1828.24369750
-1828.27295382
-1828.29619656
-1828.30398158
-1828.29167263
-1828.26092968
-1828.21925381
-1828.17771500
-1828.14758564
-1828.13690721
-1828.14805040
-1828.17699693
-1828.21456208
-1828.24918254
-1828.27041769
-1828.27209159
-1828.25412622
-1828.22249925
-1828.18736071
-1828.15988854
-1828.14886072
-1828.15798686
-1828.18480586
-1828.22147769
-1828.25721160
-1828.28159065
-1828.28777795
-1828.27462039
-1828.24701039
-1828.21439343
-1828.18786234
-1828.17672683
-1828.18561682
-1828.21299837
-1828.25157585
-1828.29045764
-1828.31843026
-1828.32735108
-1828.31459547
-1828.28382913
-1828.24385687
-1828.20592665
-1828.18031631
-1828.17325539
-1828.18512275
-1828.21044943
-1828.23971296
-1828.26234888
-1828.27005582
-1828.25938140
-1828.23279492
-1828.19793451
-1828.16526456
-1828.14489627
-1828.14352894
-1828.16244295
-1828.19711717
-1828.23856650
-1828.27599442
-1828.29997457
-1828.30519597
-1828.29194927
-1828.26591475
-1828.23631429
-1828.21301553
-1828.20347234
-1828.21044037
-1828.23116441
-1828.25826682
-1828.28206954
-1828.29362797
-1828.28754580
-1828.26371985
-1828.22747008
-1828.18800849
-1828.15572554
-1828.13910596
-1828.14223195
-1828.16363299
-1828.19681273
-1828.23227384
-1828.26040491
-1828.27433361
-1828.27188070
-1828.25603368
-1828.23383073
-1828.21402149
-1828.20426839
-1828.20875281
-1828.22692474
-1828.25374145
-1828.28129672
-1828.30130152
-1828.30764143
-1828.29822555
-1828.27559387
-1828.24611118
-1828.21802028
-1828.19895661
-1828.19367779
-1828.20269332
-1828.22221044
-1828.24538283
-1828.26446741
-1828.27321429
-1828.26874661
-1828.25237994
-1828.22914835
-1828.20620923
-1828.19063551
-1828.18727275
-1828.19729132
-1828.21786280
-1828.24303172
-1828.26551407
-1828.27888252
-1828.27948688
-1828.26752124
-1828.24691864
-1828.22410059
-1828.20597674
-1828.19782258
-1828.20168373
-1828.21580299
-1828.23523505
-1828.25345537
-1828.26443736
-1828.26456087
-1828.25374041
-1828.23543046
-1828.21551788
-1828.20046201
-1828.19527242
-1828.20194979
-1828.21886659
-1828.24126630
-1828.26271361
-1828.27704802
-1828.28023268
-1828.27153322
-1828.25367305
-1828.23193501
-1828.21250268
-1828.20055095
-1828.19868432
-1828.20619826
-1828.21938172
-1828.23276137
-1828.24089235
-1828.24012378
-1828.22978497
-1828.21242315
-1828.19302402
-1828.17747285
-1828.17073457
-1828.17532114
-1828.19050746
-1828.21253547
-1828.23572635
-1828.25416341
-1828.26343020
-1828.26186883
-1828.25098565
-1828.23488743
-1828.21895519
-1828.20817041
-1828.20560664
-1828.21151971
-1828.22328982
-1828.23622822
-1828.24504221
-1828.24553897
-1828.23602841
-1828.21796285
-1828.19557907
-1828.17464180
-1828.16069451
-1828.15736153
-1828.16524002
-1828.18173003
-1828.20185005
-1828.21978767
-1828.23069536
-1828.23217265
-1828.22497481
-1828.21273550
-1828.20077740
-1828.19439275
-1828.19711790
-1828.20953924
-1828.22901219
-1828.25038488
-1828.26752364
-1828.27516923
-1828.27056288
-1828.25433370
-1828.23037210
-1828.20471869
-1828.18381573
-1828.17264083
-1828.17329323
-1828.18446243
-1828.20193031
-1828.21995399
-1828.23308056
-1828.23783229
-1828.23374976
-1828.22346994
-1828.21184393
-1828.20434846
-1828.20529222
-1828.21636131
-1828.23595810
-1828.25955598
-1828.28097576
-1828.29421183
-1828.29524975
-1828.28331402
-1828.26114400
-1828.23420840
-1828.20908976
-1828.19154725
-1828.18484984
-1828.18889911
-1828.20039057
-1828.21395751
-1828.22391920
-1828.22610472
-1828.21918641
-1828.20512595
-1828.18859141
-1828.17551682
-1828.17123502
-1828.17874606
-1828.19767245
-1828.19767245
-1828.22422676
-1828.25222403
-1828.27483756
-1828.28655290
-1828.28474391
-1828.27039940
-1828.24779581
-1828.22321217
-1828.20308489
-1828.19214060
-1828.19207636
-1828.20115634
-1828.21483826
-1828.22722442
-1828.23290907
-1828.22866411
-1828.21445681
-1828.19350909
-1828.17135070
-1828.15417604
-1828.14697238
-1828.15199449
-1828.16804886
-1828.19081349
-1828.21408468
-1828.23158907
-1828.23879583
-1828.23418461
-1828.21959238
-1828.19956511
-1828.17993939
-1828.16610894
-1828.16148857
-1828.16660485
-1828.17905708
-1828.19433483
-1828.20724381
-1828.21351597
-1828.21113409
-1828.20098230
-1828.18662375
-1828.17327235
-1828.16626238
-1828.16946455
-1828.18411585
-1828.20839132
-1828.23784542
-1828.26658172
-1828.28880484
-1828.30031318
-1828.29952291
-1828.29952291
-1828.28773565
-1828.26862607
-1828.24710973
-1828.22794229
-1828.21446513
-1828.20783433
-1828.20694515
-1828.20903139
-1828.21073480
-1828.20929637
-1828.20350507
-1828.19412474
-1828.18367827
-1828.17566984
-1828.17349159
-1828.17934347
-1828.19349052
-1828.21408525
-1828.23760478
-1828.25976368
-1828.27662058
-1828.28554102
-1828.28577168
-1828.27848225
-1828.26630841
-1828.25254382
-1828.24023997
-1828.23145414
-1828.22684710
-1828.22571662
-1828.22642498
-1828.22706997
-1828.22619534
-1828.22331677
-1828.21912094
-1828.21528081
-1828.21394984
-1828.21711112
-1828.22596302
-1828.24052773
-1828.25957450
-1828.28085875
-1828.30159230
-1828.31902334
-1828.33097171
-1828.33621400
-1828.33463897
-1828.32715881
-1828.31542535
-1828.30141685
-1828.28700540
-1828.27360003
-1828.26194704
-1828.25211674
-1828.24366395
-1828.23591226
-1828.22830065
-1828.22069889
-1828.21360283
-1828.20813713
-1828.20584572
-1828.20831793
-1828.21673080
-1828.23143333
-1828.25167630
-1828.27558468
-1828.30040726
-1828.32300471
-1828.34047800
-1828.35078548
-1828.35319091
-1828.34840604
-1828.33837603
-1828.32575945
-1828.31321772
-1828.30272382
-1828.29507918
-1828.28978035
-1828.28527831
-1828.27955240
-1828.27083007
-1828.25825582
-1828.24229954
-1828.22478873
-1828.20852474
-1828.19658648
-1828.19149685
-1828.19450915
-1828.20519774
-1828.22150003
-1828.24020027
-1828.25773676
-1828.27111142
-1828.27864513
-1828.28036738
-1828.27791440
-1828.27395987
-1828.27132738
-1828.27203860
-1828.27657929
-1828.28364343
-1828.29043945
-1828.29351287
-1828.28983025
-1828.27781217
-1828.25798555
-1828.23304739
-1828.20728466
-1828.18549837
-1828.17172798
-1828.16814773
-1828.17446211
-1828.18798037
-1828.20436467
-1828.21885326
-1828.22761069
-1828.22881948
-1828.22317537
-1828.21363674
-1828.20448298
-1828.19996935
-1828.20297576
-1828.21407548
-1828.23129640
-1828.25065203
-1828.26727643
-1828.27682621
-1828.27673874
-1828.26697893
-1828.25006900
-1828.23038418
-1828.21292961
-1828.20193865
-1828.19969301
-1828.20590091
-1828.21783077
-1828.23115929
-1828.24129865
-1828.24481112
-1828.24048074
-1828.22970541
-1828.21608462
-1828.20430120
-1828.19862951
-1828.20153367
-1828.21280199
-1828.22950942
-1828.24682476
-1828.25942484
-1828.26307241
-1828.25589574
-1828.23897265
-1828.21605686
-1828.19252021
-1828.17383208
-1828.16403658
-1828.16467711
-1828.17447807
-1828.18986123
-1828.20611527
-1828.21886792
-1828.22540782
-1828.22546417
-1828.22119366
-1828.21638788
-1828.21515949
-1828.22052142
-1828.23332171
-1828.25185565
-1828.27226151
-1828.28958137
-1828.29916362
-1828.29800459
-1828.28564566
-1828.26437472
-1828.23867355
-1828.21404957
-1828.19556782
-1828.18650169
-1828.18749310
-1828.19648704
-1828.20944956
-1828.22167674
-1828.22927430
-1828.23037506
-1828.22570264
-1828.21831058
-1828.21257769
-1828.21274931
-1828.22148784
-1828.23887777
-1828.26220712
-1828.28659992
-1828.30632742
-1828.31640947
-1828.31403498
-1828.29937677
-1828.27555701
-1828.24776549
-1828.22178670
-1828.20235651
-1828.19184926
-1828.18969756
-1828.19274316
-1828.19642657
-1828.19643458
-1828.19026553
-1828.17820305
-1828.16337836
-1828.15089562
-1828.14627973
-1828.15372066
-1828.17465393
-1828.20711764
-1828.24609393
-1828.28475883
-1828.31628307
-1828.33566691
-1828.34107149
-1828.33423195
-1828.31982851
-1828.30396447
-1828.29223229
-1828.28797018
-1828.29126945
-1828.29904743
-1828.30614444
-1828.30707111
-1828.29786941
-1828.27751998
-1828.24846740
-1828.21609296
-1828.18725364
-1828.16833252
-1828.16335824
-1828.17279517
-1828.19335432
-1828.21890735
-1828.24225272
-1828.25720449
-1828.26038616
-1828.25218731
-1828.23657102
-1828.21977797
-1828.20831564
-1828.20685653
-1828.21671604
-1828.23540511
-1828.25738489
-1828.27579186
-1828.28457944
-1828.28041914
-1828.26379707
-1828.23896208
-1828.21275538
-1828.19265825
-1828.18465040
-1828.19149591
-1828.21197411
-1828.24125916
-1828.27233089
-1828.29800096
-1828.31294758
-1828.31516992
-1828.30642695
-1828.29154916
-1828.27684666
-1828.26809588
-1828.26870506
-1828.27862638
-1828.29432755
-1828.30986763
-1828.31875690
-1828.31604258
-1828.29996140
-1828.27263981
-1828.23961861
-1828.20833087
-1828.18599391
-1828.17755469
-1828.18429275
-1828.20351113
-1828.22939087
-1828.25474502
-1828.27314639
-1828.28077524
-1828.27744235
-1828.26647730
-1828.25353086
-1828.24466692
-1828.24434622
-1828.25393870
-1828.27123588
-1828.29111245
-1828.30714086
-1828.31362679
-1828.30744648
-1828.28909903
-1828.26264638
-1828.23457096
-1828.21189201
-1828.20012254
-1828.20169055
-1828.21529464
-1828.23637286
-1828.25854207
-1828.27554755
-1828.28313085
-1828.28023761
-1828.26921345
-1828.25493936
-1828.24317764
-1828.23865084
-1828.24344276
-1828.25622096
-1828.27254499
-1828.28618576
-1828.29106730
-1828.28323846
-1828.26223730
-1828.23140306
-1828.19698393
-1828.16635504
-1828.14591939
-1828.13935322
-1828.14665959
-1828.16426564
-1828.18611923
-1828.20548870
-1828.21693812
-1828.21790866
-1828.20941420
-1828.19565313
-1828.18264216
-1828.17628909
-1828.18049331
-1828.19585328
-1828.21938169
-1828.24532227
-1828.26681901
-1828.27795121
-1828.27551213
-1828.25999003
-1828.23544859
-1828.20832695
-1828.18553600
-1828.17242647
-1828.17125702
-1828.18062175
-1828.19599462
-1828.21121778
-1828.22046777
-1828.22010645
-1828.20985054
-1828.19289740
-1828.17497942
-1828.16261860
-1828.16111783
-1828.17290263
-1828.19672479
-1828.22797265
-1828.25998995
-1828.28598611
-1828.30095225
-1828.30302302
-1828.29389311
-1828.27817932
-1828.26193427
-1828.25076199
-1828.24810355
-1828.25419932
-1828.26604387
-1828.27836810
-1828.28533404
-1828.28242734
-1828.26795887
-1828.24370525
-1828.21449695
-1828.18685504
-1828.16708833
-1828.15943280
-1828.16479857
-1828.18052216
-1828.20120747
-1828.22039218
-1828.23252914
-1828.23465398
-1828.22721356
-1828.21381262
-1828.19999784
-1828.19149158
-1828.19240521
-1828.20393995
-1828.22395491
-1828.24752720
-1828.26835993
-1828.28061602
-1828.28063206
-1828.26799661
-1828.24567463
-1828.21913750
-1828.19477562
-1828.17806925
-1828.17207023
-1828.17662929
-1828.18857253
-1828.20273318
-1828.21351380
-1828.21653429
-1828.20992950
-1828.19493080
-1828.17554404
-1828.15737563
-1828.14595566
-1828.14506316
-1828.15559553
-1828.17530141
-1828.19945077
-1828.22222654
-1828.23841555
-1828.24489298
-1828.24147270
-1828.23087424
-1828.21782548
-1828.20757812
-1828.20428229
-1828.20971655
-1828.22275239
-1828.23970288
-1828.25544444
-1828.26496059
-1828.26484800
-1828.25433421
-1828.23550364
-1828.21267311
-1828.19111896
-1828.17556164
-1828.16886679
-1828.17135809
-1828.18090099
-1828.19370567
-1828.20558515
-1828.21326511
-1828.21534879
-1828.21264155
-1828.20776810
-1828.20422562
-1828.20520766
-1828.21257189
-1828.22623816
-1828.24417612
-1828.26296637
-1828.27878402
-1828.28851528
-1828.29067736
-1828.28585599
-1828.27651704
-1828.26625075
-1828.25868231
-1828.25637501
-1828.26005053
-1828.26836343
-1828.27830339
-1828.28611318
-1828.28847172
-1828.28357074
-1828.27174835
-1828.25547397
-1828.23866901
-1828.22556536
-1828.21945304
-1828.22169602
-1828.23132258
-1828.24532764
-1828.25958450
-1828.27008327
-1828.27411839
-1828.27106376
-1828.26251012
-1828.25172774
-1828.24263178
-1828.23855922
-1828.24124514
-1828.25029812
-1828.26333662
-1828.27673308
-1828.28673227
-1828.29058975
-1828.28738192
-1828.27825522
-1828.26606271
-1828.25450821
-1828.24705933
-1828.24594609
-1828.25152337
-1828.26217606
-1828.27478982
-1828.28565787
-1828.29155164
-1828.29064544
-1828.28302835
-1828.27065171
-1828.25674781
-1828.24489421
-1828.23799337
-1828.23747353
-1828.24292524
-1828.25227363
-1828.26241107
-1828.27009982
-1828.27287686
-1828.26970172
-1828.26118474
-1828.24933548
-1828.23692659
-1828.22665621
-1828.22665621
-1828.22037070
-1828.21856022
-1828.22027933
-1828.22350442
-1828.22581720
-1828.22520464
-1828.22072858
-1828.21285525
-1828.20333681
-1828.19469104
-1828.18945534
-1828.18943738
-1828.19520026
-1828.20591583
-1828.21961573
-1828.23375521
-1828.24592432
-1828.25449386
-1828.25902199
-1828.26029742
-1828.26002443
-1828.26022982
-1828.26259033
-1828.26787052
-1828.27564922
-1828.28440979
-1828.29196983
-1828.29612195
-1828.29528038
-1828.28896399
-1828.27795903
-1828.26412595
-1828.24989308
-1828.23760056
-1828.22887889
-1828.22425790
-1828.22310603
-1828.22391652
-1828.22484081
-1828.22429982
-1828.22149006
-1828.21662249
-1828.21083028
-1828.20577142
-1828.20307266
-1828.20378840
-1828.20807139
-1828.21513354
-1828.22350905
-1828.23151430
-1828.23775359
-1828.24150919
-1828.24289719
-1828.24274415
-1828.24222770
-1828.24241250
-1828.24384073
-1828.24631096
-1828.24891036
-1828.25029423
-1828.24910959
-1828.24442479
-1828.23603678
-1828.22455054
-1828.21122754
-1828.19765145
-1828.18532854
-1828.17533654
-1828.16812563
-1828.16351158
-1828.16085593
-1828.15936247
-1828.15841120
-1828.15780568
-1828.15785620
-1828.15926355
-1828.16283443
-1828.16283443
-1828.16913541
-1828.17820202
-1828.18941383
-1828.20156458
-1828.21310926
-1828.22250491
-1828.22855733
-1828.23069168
-1828.22907218
-1828.22452429
-1828.21827226
-1828.21155690
-1828.20526689
-1828.19970714
-1828.19458766
-1828.18924479
-1828.18299984
-1828.17553750
-1828.16714401
-1828.15873889
-1828.15167995
-1828.14741289
-1828.14710480
-1828.15135744
-1828.16008830
-1828.17258194
-1828.18766747
-1828.20396342
-1828.22010928
-1828.23494153
-1828.24758271
-1828.25745784
-1828.26425592
-1828.26787675
-1828.26839015
-1828.26601402
-1828.26111531
-1828.25420090
-1828.24588174
-1828.23680820
-1828.22758757
-1828.21872148
-1828.21060077
-1828.20355251
-1828.19791830
-1828.19409453
-1828.19251662
-1828.19357236
-1828.19746535
-1828.20406577
-1828.21280434
-1828.22266594
-1828.23230027
-1828.24025730
-1828.24527899
-1828.24656672
-1828.24396804
-1828.23802130
-1828.22984431
-1828.22089505
-1828.21265799
-1828.20633090
-1828.20257544
-1828.20141165
-1828.20226077
-1828.20414666
-1828.20600252
-1828.20700314
-1828.20683972
-1828.20584467
-1828.20492460
-1828.20530030
-1828.20811476
-1828.21402255
-1828.22287892
-1828.23364263
-1828.24453112
-1828.25342589
-1828.25841935
-1828.25836657
-1828.25326365
-1828.24433181
-1828.23374840
-1828.22409021
-1828.21764475
-1828.21579344
-1828.21865649
-1828.22510792
-1828.23316434
-1828.24062445
-1828.24576491
-1828.24787500
-1828.24745095
-1828.24599418
-1828.24546748
-1828.24758308
-1828.25315737
-1828.26174237
-1828.27165284
-1828.28039112
-1828.28533970
-1828.28453590
-1828.27728685
-1828.26444478
-1828.24824278
-1828.23172502
-1828.21793980
-1828.20912736
-1828.20613992
-1828.20826928
-1828.21354011
-1828.21937568
-1828.22344757
-1828.22445040
-1828.22255697
-1828.21939528
-1828.21754068
-1828.21965331
-1828.22753224
-1828.24137235
-1828.25949053
-1828.27861682
-1828.29468769
-1828.30392352
-1828.30387388
-1828.29412668
-1828.27645553
-1828.25436735
-1828.23215199
-1828.21372384
-1828.20158258
-1828.19620924
-1828.19606649
-1828.19818950
-1828.19919009
-1828.19635637
-1828.18853217
-1828.17650149
-1828.16278204
-1828.15087099
-1828.14420164
-1828.14509569
-1828.15400638
-1828.16927271
-1828.18747772
-1828.20439525
-1828.21625117
-1828.22087265
-1828.21832191
-1828.21081616
-1828.20199691
-1828.19577607
-1828.19512148
-1828.20113570
-1828.21270505
-1828.22682188
-1828.23949037
-1828.24694279
-1828.24680505
-1828.23885200
-1828.22512513
-1828.20937352
-1828.19597418
-1828.18865844
-1828.18941796
-1828.19791417
-1828.21156771
-1828.22630127
-1828.23772691
-1828.24242379
-1828.23894629
-1828.22825436
-1828.21344468
-1828.19885624
-1828.18882149
-1828.18641679
-1828.19259793
-1828.20597503
-1828.22327152
-1828.24033021
-1828.25334620
-1828.25995810
-1828.25987502
-1828.25487606
-1828.24818997
-1828.24345843
-1828.24357776
-1828.24976580
-1828.26113309
-1828.27490319
-1828.28721177
-1828.29424761
-1828.29338349
-1828.28397948
-1828.26760849
-1828.24765209
-1828.22837911
-1828.21376755
-1828.20641671
-1828.20685876
-1828.21347344
-1828.22302525
-1828.23166837
-1828.23611523
-1828.23462764
-1828.22753718
-1828.21713205
-1828.20695247
-1828.20069746
-1828.20107167
-1828.20892900
-1828.22296701
-1828.24007558
-1828.25622748
-1828.26765389
-1828.27194040
-1828.26871791
-1828.25973531
-1828.24830268
-1828.23827120
-1828.23286247
-1828.23370618
-1828.24036392
-1828.25048595
-1828.26054216
-1828.26690160
-1828.26693089
-1828.25979542
-1828.24672423
-1828.23066660
-1828.21544371
-1828.20462864
-1828.20048754
-1828.20329428
-1828.21123240
-1828.22092714
-1828.22846276
-1828.23058558
-1828.22572901
-1828.21454221
-1828.19974646
-1828.18536510
-1828.17554012
-1828.17330165
-1828.17964617
-1828.19320080
-1828.21058503
-1828.22737428
-1828.23938267
-1828.24387951
-1828.24036742
-1828.23068584
-1828.21840605
-1828.20772535
-1828.20218460
-1828.20362667
-1828.21167084
-1828.22387502
-1828.23650574
-1828.24568925
-1828.24860568
-1828.24436805
-1828.23431543
-1828.22162080
-1828.21033105
-1828.20414359
-1828.20527511
-1828.21377251
-1828.22746243
-1828.24255397
-1828.25473053
-1828.26040349
-1828.25777615
-1828.24739196
-1828.23199879
-1828.21575551
-1828.20300194
-1828.19696723
-1828.19880180
-1828.20722947
-1828.21893720
-1828.22959354
-1828.23518707
-1828.23328019
-1828.22378453
-1828.20901620
-1828.19303211
-1828.18044312
-1828.17507914
-1828.17889247
-1828.19142130
-1828.20995445
-1828.23034114
-1828.24819615
-1828.26013939
-1828.26470184
-1828.26263543
-1828.25656307
-1828.25008628
-1828.24664399
-1828.24846652
-1828.25591697
-1828.26740348
-1828.27985753
-1828.28963386
-1828.29356552
-1828.28988089
-1828.27872371
-1828.26214256
-1828.24354639
-1828.22678547
-1828.21511276
-1828.21032095
-1828.21229143
-1828.21907566
-1828.22748664
-1828.23404458
-1828.23599778
-1828.23212889
-1828.22308592
-1828.21115974
-1828.19956723
-1828.19147192
-1828.18903868
-1828.19280834
-1828.20157208
-1828.21278527
-1828.22338496
-1828.23074485
-1828.23346133
-1828.23172645
-1828.22716603
-1828.22222327
-1828.21931134
-1828.22003543
-1828.22472025
-1828.23235829
-1828.24096687
-1828.24821602
-1828.25214846
-1828.25176093
-1828.24728633
-1828.24010668
-1828.23232796
-1828.22616611
-1828.22332634
-1828.22455647
-1828.22949694
-1828.23685054
-1828.24481651
-1828.25163572
-1828.25608203
-1828.25775320
-1828.25709824
-1828.25520972
-1828.25345881
-1828.25306964
-1828.25474430
-1828.25843000
-1828.26330811
-1828.26801033
-1828.27101210
-1828.27109110
-1828.26771078
-1828.26121957
-1828.25279358
-1828.24412987
-1828.23696819
-1828.23258182
-1828.23140244
-1828.23290206
-1828.23578877
-1828.23843061
-1828.23938877
-1828.23787532
-1828.23401360
-1828.22881193
-1828.22386996
-1828.22090050
-1828.22121693
-1828.22533002
-1828.23275930
-1828.24211385
-1828.25143189
-1828.25870891
-1828.26246970
-1828.26219418
-1828.25844693
-1828.25266781
-1828.24670319
-1828.24224703
-1828.24036369
-1828.24122670
-1828.24413667
-1828.24779090
-1828.25071136
-1828.25170281
-1828.25021365
-1828.24650704
-1828.24159117
-1828.23692319
-1828.23397247
-1828.23376122
-1828.23653695
-1828.24167591
-1828.24783625
-1828.25332163
-1828.25654189
-1828.25644448
-1828.25279955
-1828.24626001
-1828.23817524
-1828.23019408
-1828.22377243
-1828.21973195
-1828.21800795
-1828.21768561
-1828.21731782
-1828.21543891
-1828.21112216
-1828.20438759
-1828.19631837
-1828.18882768
-1828.18411937
-1828.18401426
-1828.18934732
-1828.19964966
-1828.21322702
-1828.22762302
-1828.24031941
-1828.24943431
-1828.25420475
-1828.25511094
-1828.25362325
-1828.25167665
-1828.25102799
-1828.25269520
-1828.25663606
-1828.26175722
-1828.26625895
-1828.26821149
-1828.26620256
-1828.25983951
-1828.24994427
-1828.23838515
-1828.22758226
-1828.21984442
-1828.21672942
-1828.21862073
-1828.22463221
-1828.23286541
-1828.24094039
-1828.24664478
-1828.24852798
-1828.24627718
-1828.24077631
-1828.23382779
-1828.22760973
-1828.22401377
-1828.22406346
-1828.22757036
-1828.23313734
-1828.23852941
-1828.24131283
-1828.23958700
-1828.23258703
-1828.22097647
-1828.20673340
-1828.19266363
-1828.18168603
-1828.17610161
-1828.17704151
-1828.18423423
-1828.19615272
-1828.21047229
-1828.22470766
-1828.23684399
-1828.24579072
-1828.25153606
-1828.25498357
-1828.25753126
-1828.26052519
-1828.26474447
-1828.27007578
-1828.27547738
-1828.27925069
-1828.27952945
-1828.27484411
-1828.26457751
-1828.24919413
-1828.23019167
-1828.20980211
-1828.19052787
-1828.17462332
-1828.16364155
-1828.15815400
-1828.15770471
-1828.16101553
-1828.16639267
-1828.17222633
-1828.17744384
-1828.18177770
-1828.18577008
-1828.19050229
-1828.19714974
-1828.20649379
-1828.21854276
-1828.23237797
-1828.24628387
-1828.25812758
-1828.26588506
-1828.26816776
-1828.26460492
-1828.25597563
-1828.24405712
-1828.23121406
-1828.21983936
-1828.21178553
-1828.20794234
-1828.20807329
-1828.21096822
-1828.21485865
-1828.21798893
-1828.21916801
-1828.21814615
-1828.21569992
-1828.21340286
-1828.21313447
-1828.21648529
-1828.22423089
-1828.23604777
-1828.25054965
-1828.26562900
-1828.27897561
-1828.28866120
-1828.29361061
-1828.29387121
-1828.29060135
-1828.28576774
-1828.28162477
-1828.28008482
-1828.28216699
-1828.28767649
-1828.29524996
-1828.30274230
-1828.30784818
-1828.30875291
-1828.30462596
-1828.29582143
-1828.28374440
-1828.27043087
-1828.25797169
-1828.24795739
-1828.24109106
-1828.23708809
-1828.23486757
-1828.23297469
-1828.23009708
-1828.22551126
-1828.21933842
-1828.21252835
-1828.20658485
-1828.20311769
-1828.20334242
-1828.20769444
-1828.21566981
-1828.22597392
-1828.23694647
-1828.24704654
-1828.25506302
-1828.25995137
-1828.26080249
-1828.25732104
-1828.25035776
-1828.24185821
-1828.23422600
-1828.22949839
-1828.22866629
-1828.23134717
-1828.23588957
-1828.23989794
-1828.24101270
-1828.23770546
-1828.22983518
-1828.21879191
-1828.20718182
-1828.19813229
-1828.19441405
-1828.19762949
-1828.20771351
-1828.22289420
-1828.24014489
-1828.25599730
-1828.26748686
-1828.27295382
-1828.27246409
-1828.26771584
-1828.26145962
-1828.25660225
-1828.25526991
-1828.25811767
-1828.26410462
-1828.27080912
-1828.27519212
-1828.27457794
-1828.26755508
-1828.25452038
-1828.23770345
-1828.22065090
-1828.20732527
-1828.20105606
-1828.20359583
-1828.21451752
-1828.23114896
-1828.24923434
-1828.26424290
-1828.27283666
-1828.27390759
-1828.26884422
-1828.26101114
-1828.25463694
-1828.25343764
-1828.25937685
-1828.27193434
-1828.28813290
-1828.30334163
-1828.31263637
-1828.31231467
-1828.30110094
-1828.28064330
-1828.25512087
-1828.23003429
-1828.21054903
-1828.19996010
-1828.19881895
-1828.20495641
-1828.21429986
-1828.22217955
-1828.22477808
-1828.22031431
-1828.20964641
-1828.19608098
-1828.18441025
-1828.17944726
-1828.18449954
-1828.20025520
-1828.22443559
-1828.25232188
-1828.27800403
-1828.29597957
-1828.30264137
-1828.29722312
-1828.28195178
-1828.26135796
-1828.24095834
-1828.22565883
-1828.21835845
-1828.21915158
-1828.22538294
-1828.23255267
-1828.23580759
-1828.23156584
-1828.21876602
-1828.19932567
-1828.17765941
-1828.15940719
-1828.14978061
-1828.15201532
-1828.16640551
-1828.19017794
-1828.21824868
-1828.24465781
-1828.26424618
-1828.27408356
-1828.27421534
-1828.26749706
-1828.25856527
-1828.25228434
-1828.25215182
-1828.25918002
-1828.27159920
-1828.28545995
-1828.29592764
-1828.29885736
-1828.29213906
-1828.27641619
-1828.25494547
-1828.23266691
-1828.21476951
-1828.20519073
-1828.20549765
-1828.21447514
-1828.22853476
-1828.24282304
-1828.25268222
-1828.25503128
-1828.24925222
-1828.23731621
-1828.22312176
-1828.21124721
-1828.20549659
-1828.20768411
-1828.21704719
-1828.23047303
-1828.24346837
-1828.25156835
-1828.25173501
-1828.24332852
-1828.22835116
-1828.21089662
-1828.19597069
-1828.18802626
-1828.18964840
-1828.20078357
-1828.21873583
-1828.23895228
-1828.25636056
-1828.26686420
-1828.26855406
-1828.26225799
-1828.25125680
-1828.24023987
-1828.23383075
-1828.23513821
-1828.24478334
-1828.26070795
-1828.27880097
-1828.29414005
-1828.30246821
-1828.30145267
-1828.29135913
-1828.27495869
-1828.25670536
-1828.24144072
-1828.23300504
-1828.23315889
-1828.24113414
-1828.25392526
-1828.26724007
-1828.27680032
-1828.27959923
-1828.27473466
-1828.26358598
-1828.24930530
-1828.23579609
-1828.22650951
-1828.22342867
-1828.22654413
-1828.23397023
-1828.24263109
-1828.24928951
-1828.25159384
-1828.24882721
-1828.24212668
-1828.23411912
-1828.22809298
-1828.22697889
-1828.23244743
-1828.24439622
-1828.26096546
-1828.27906468
-1828.29523049
-1828.30656481
-1828.31147585
-1828.31000547
-1828.30365910
-1828.29481029
-1828.28587433
-1828.27853257
-1828.27324768
-1828.26922754
-1828.26483081
-1828.25827214
-1828.24838717
-1828.23518024
-1828.21995536
-1828.20498876
-1828.19286191
-1828.18568060
-1828.18443474
-1828.18869989
-1828.19678804
-1828.20628849
-1828.21483066
-1828.22080178
-1828.22380100
-1828.22466149
-1828.22505132
-1828.22677467
-1828.23102908
-1828.23786977
-1828.24608519
-1828.25351841
-1828.25773540
-1828.25684194
-1828.25018402
-1828.23873773
-1828.22503955
-1828.21263082
-1828.20511128
-1828.20509110
-1828.21335046
-1828.22851306
-1828.24735140
-1828.26564771
-1828.27935863
-1828.28573879
-1828.28408193
-1828.27585904
-1828.26418833
-1828.25278812
-1828.24473809
-1828.24143195
-1828.24209976
-1828.24405875
-1828.24363595
-1828.23745870
-1828.22369881
-1828.20285557
-1828.17781577
-1828.15314674
-1828.13384765
-1828.12394584
-1828.12537748
-1828.13747622
-1828.15718852
-1828.17994315
-1828.20092057
-1828.21636251
-1828.22453992
-1828.22609298
-1828.22363380
-1828.22075599
-1828.22077869
-1828.22563012
-1828.23521889
-1828.24745260
-1828.25889135
-1828.26583517
-1828.26552345
-1828.25707214
-1828.24185825
-1828.22321215
-1828.20551355
-1828.19294773
-1828.18830253
-1828.19216383
-1828.20274993
-1828.21643848
-1828.22882267
-1828.23599208
-1828.23565773
-1828.22779275
-1828.21461310
-1828.19988680
-1828.18779568
-1828.18166844
-1828.18298298
-1828.19093862
-1828.20273880
-1828.21449985
-1828.22250739
-1828.22442824
-1828.22009459
-1828.21159994
-1828.20267170
-1828.19750657
-1828.19943047
-1828.20980077
-1828.22749732
-1828.24915307
-1828.27006598
-1828.28550434
-1828.29202705
-1828.28842800
-1828.27602048
-1828.25818801
-1828.23935095
-1828.22366193
-1828.21383246
-1828.21042114
-1828.21178225
-1828.21469070
-1828.21544154
-1828.21111493
-1828.20060622
-1828.18510179
-1828.16784036
-1828.15321836
-1828.14551898
-1828.14763773
-1828.16018941
-1828.18124662
-1828.20678419
-1828.23171823
-1828.25124149
-1828.26208689
-1828.26334484
-1828.25658115
-1828.24526462
-1828.23366174
-1828.22554528
-1828.22308226
-1828.22621689
-1828.23275341
-1828.23911870
-1828.24158954
-1828.23758528
-1828.22660431
-1828.21049311
-1828.19296957
-1828.17854420
-1828.17119344
-1828.17318418
-1828.18441343
-1828.20244712
-1828.22323453
-1828.24227019
-1828.25583774
-1828.26196041
-1828.26079824
-1828.25441574
-1828.24601303
-1828.23886886
-1828.23530337
-1828.23597593
-1828.23971637
-1828.24394108
-1828.24551599
-1828.24181483
-1828.23163720
-1828.21571643
-1828.19664241
-1828.17823289
-1828.16453492
-1828.15875985
-1828.16244439
-1828.17508170
-1828.19430428
-1828.21657436
-1828.23816417
-1828.25614415
-1828.26908474
-1828.27727450
-1828.28241088
-1828.28687288
-1828.29280897
-1828.30132011
-1828.31199425
-1828.32293025
-1828.33127780
-1828.33127780
-1828.33410774
-1828.32937085
-1828.31660509
-1828.29718232
-1828.27400887
-1828.25077504
-1828.23099462
-1828.21712228
-1828.21000799
-1828.20884087
-1828.21156788
-1828.21565228
-1828.21890703
-1828.22015334
-1828.21949309
-1828.21814597
-1828.21792299
-1828.22052418
-1828.22689951
-1828.22689951
-1828.23686439
-1828.24909601
-1828.26149050
-1828.27177905
-1828.27818201
-1828.27991854
-1828.27739631
-1828.27204942
-1828.26587865
-1828.26587865
-1828.26085437
-1828.25835158
-1828.25879532
-1828.26159101
-1828.26536223
-1828.26840971
-1828.26925592
-1828.26710591
-1828.26209533
-1828.25524567
-1828.24815427
-1828.24252209
-1828.23967179
-1828.24020176
-1828.24387666
-1828.24977082
-1828.25661441
-1828.26320903
-1828.26878026
-1828.27315778
-1828.27671598
-1828.28012276
-1828.28400128
-1828.28861806
-1828.29371675
-1828.29853974
-1828.30202589
-1828.30313020
-1828.30114629
-1828.29593766
-1828.28798193
-1828.27822679
-1828.26779755
-1828.25767628
-1828.24845384
-1828.24023728
-1828.23273582
-1828.22548706
-1828.21814671
-1828.21073616
-1828.20375386
-1828.19810616
-1828.19486612
-1828.19493639
-1828.19872932
-1828.20597437
-1828.21572987
-1828.22659145
-1828.23704586
-1828.24583571
-1828.25223798
-1828.25615432
-1828.25800072
-1828.25844664
-1828.25810414
-1828.25727489
-1828.25582718
-1828.25323503
-1828.24876971
-1828.24179314
-1828.23207014
-1828.22001117
-1828.20674726
-1828.19398600
-1828.18366713
-1828.17750459
-1828.17655983
-1828.18098679
-1828.19001041
-1828.20214693
-1828.21557417
-1828.22854669
-1828.23975120
-1828.24851212
-1828.25483294
-1828.25924376
-1828.26252302
-1828.26535592
-1828.26804123
-1828.27034293
-1828.27153543
-1828.27153543
-1828.27064316
-1828.26679393
-1828.25957234
-1828.24925618
-1828.23685039
-1828.22390170
-1828.21215033
-1828.20312112
-1828.19777906
-1828.19634041
-1828.19828135
-1828.20252905
-1828.20777142
-1828.20777142
-1828.21280557
-1828.21685534
-1828.21978443
-1828.22213039
-1828.22492790
-1828.22935153
-1828.23629164
-1828.24600625
-1828.25796258
-1828.27092726
-1828.28326762
-1828.29337856
-1828.30009073
-1828.30294142
-1828.30224091
-1828.29892314
-1828.29424825
-1828.28945329
-1828.28544675
-1828.28261792
-1828.28079801
-1828.27936662
-1828.27747422
-1828.27431754
-1828.26939508
-1828.26267569
-1828.25462685
-1828.24610188
-1828.23812538
-1828.23164247
-1828.22729835
-1828.22531933
-1828.22550365
-1828.22732682
-1828.23011664
-1828.23323422
-1828.23621227
-1828.23881288
-1828.24100063
-1828.24285628
-1828.24445670
-1828.24575930
-1828.24653336
-1828.24636178
-1828.24474096
-1828.24123939
-1828.23568318
-1828.23568318
-1828.22828061
-1828.21964073
-1828.21066198
-1828.20231954
-1828.19544262
-1828.19054913
-1828.18781160
-1828.18714414
-1828.18837489
-1828.19141313
-1828.19634308
-1828.20338904
-1828.21276080
-1828.22444326
-1828.23803777
-1828.23803777
-1828.25273228
-1828.25273228
-1828.26742200
-1828.28092286
-1828.29220739
-1828.30058817
-1828.30579988
-1828.30796828
-1828.30747223
-1828.30474390
-1828.30008576
-1828.29356846
-1828.28504727
-1828.27428134
-1828.26112349
-1828.24571791
-1828.22864574
-1828.21096098
-1828.19407913
-1828.17952904
-1828.16862888
-1828.16220106
-1828.16041770
-1828.16282345
-1828.16849182
-1828.17624719
-1828.18488847
-1828.19340187
-1828.20112721
-1828.20786285
-1828.21385733
-1828.21967684
-1828.22595251
-1828.23308363
-1828.24100144
-1828.24909066
-1828.25631482
-1828.26150901
-1828.26375177
-1828.26268495
-1828.25867819
-1828.25277467
-1828.24642996
-1828.24113728
-1828.23805835
-1828.23775199
-1828.24005236
-1828.24412228
-1828.24867002
-1828.25229474
-1828.25386649
-1828.25283917
-1828.25283917
-1828.24939031
-1828.24433407
-1828.23884051
-1828.23404673
-1828.23069287
-1828.22891101
-1828.22822523
-1828.22775641
-1828.22655735
-1828.22394569
-1828.21974469
-1828.21436089
-1828.20870952
-1828.20401349
-1828.20153009
-1828.20224175
-1828.20657710
-1828.21424987
-1828.22425841
-1828.23508972
-1828.24505589
-1828.25270146
-1828.25715101
-1828.25830531
-1828.25680630
-1828.25378343
-1828.25044844
-1828.24768164
-1828.24574355
-1828.24419878
-1828.24208570
-1828.23825588
-1828.23180923
-1828.22246584
-1828.21078383
-1828.19812370
-1828.18635977
-1828.17739655
-1828.17263566
-1828.17255429
-1828.17654695
-1828.18308677
-1828.19017136
-1828.19592282
-1828.19913926
-1828.19962054
-1828.19814975
-1828.19614402
-1828.19511853
-1828.19614240
-1828.19949627
-1828.20461053
-1828.21028716
-1828.21511257
-1828.21790839
-1828.21809710
-1828.21587743
-1828.21217820
-1828.20840088
-1828.20601861
-1828.20613608
-1828.20913236
-1828.21449879
-1828.22093146
-1828.22667272
-1828.23001158
