-1828.29731930
-1828.30501280
-1828.30840898
-1828.30894680
-1828.30848292
-1828.30863357
-1828.31022416
-1828.31302017
-1828.31582928
-1828.31692689
-1828.31466102
-1828.30803905
-1828.29710314
-1828.28298923
-1828.26765871
-1828.25338591
-1828.24216044
-1828.23517213
-1828.23253184
-1828.23331752
-1828.23592536
-1828.23861571
-1828.24008967
-1828.23989846
-1828.23857341
-1828.23742096
-1828.23805871
-1828.24183720
-1828.24933845
-1828.26012057
-1828.27279858
-1828.28543842
-1828.29613641
-1828.30359655
-1828.30751339
-1828.30864123
-1828.30852496
-1828.30897081
-1828.31142571
-1828.31644892
-1828.32345592
-1828.33082418
-1828.33635052
-1828.33792803
-1828.33423251
-1828.32518802
-1828.31204865
-1828.29705617
-1828.28276765
-1828.27126992
-1828.26352832
-1828.25909409
-1828.25627992
-1828.25275797
-1828.24639950
-1828.23606490
-1828.22207846
-1828.20622764
-1828.19127892
-1828.18017244
-1828.17514606
-1828.17706118
-1828.18512677
-1828.19711481
-1828.21000156
-1828.22086975
-1828.22778870
-1828.23040712
-1828.23004103
-1828.22923191
-1828.23090069
-1828.23735351
-1828.24945032
-1828.26619240
-1828.28486970
-1828.30174607
-1828.31308810
-1828.31624674
-1828.31045844
-1828.29711129
-1828.27939013
-1828.26139040
-1828.24696133
-1828.23862653
-1828.23689575
-1828.24017987
-1828.24533487
-1828.24866240
-1828.24866240
-1828.24866240
-1828.24707679
-1828.23908463
-1828.22528037
-1828.20820827
-1828.19162498
-1828.17937265
-1828.17420603
-1828.17692178
-1828.18606564
-1828.19831930
-1828.20946995
-1828.21567411
-1828.21463121
-1828.20628773
-1828.19285494
-1828.17812822
-1828.16633355
-1828.16085149
-1828.16322857
-1828.17277258
-1828.18684201
-1828.20171895
-1828.21378348
-1828.22061495
-1828.22168903
-1828.21846263
-1828.21384268
-1828.21118806
-1828.21317910
-1828.22088123
-1828.23331274
-1828.24765718
-1828.24765718
-1828.26005359
-1828.26673217
-1828.26514398
-1828.25473645
-1828.23715205
-1828.21580457
-1828.19495544
-1828.17856717
-1828.16926744
-1828.16771658
-1828.17256753
-1828.18101003
-1828.18973648
-1828.19601378
-1828.19855424
-1828.19789246
-1828.19617372
-1828.19640511
-1828.20140510
-1828.21277864
-1828.23025392
-1828.25159533
-1828.27314401
-1828.29081998
-1828.30127928
-1828.30287937
-1828.29612807
-1828.28350762
-1828.26871271
-1828.25555705
-1828.24688055
-1828.24378899
-1828.24544729
-1828.24947559
-1828.25281057
-1828.25276276
-1828.24794713
-1828.23879052
-1828.22746932
-1828.21729163
-1828.21171124
-1828.21327466
-1828.22282920
-1828.23922915
-1828.25963548
-1828.28030713
-1828.29764513
-1828.30917063
-1828.31414490
-1828.31366406
-1828.31022497
-1828.30690842
-1828.30641876
-1828.31026326
-1828.31830020
-1828.32878090
-1828.33888099
-1828.34555676
-1828.34647576
-1828.34074392
-1828.32921651
-1828.31429329
-1828.29926855
-1828.28740799
-1828.28740799
-1828.28104334
-1828.28093568
-1828.28610774
-1828.29418161
-1828.30211165
-1828.30708912
-1828.30734664
-1828.30264304
-1828.29429728
-1828.28478663
-1828.27702133
-1828.27352343
-1828.27573463
-1828.28364515
-1828.29582337
-1828.29731930
-1828.30501280
-1828.30840898
-1828.30894680
-1828.30848292
-1828.30863357
-1828.31022416
-1828.31302017
-1828.31582928
-1828.31692689
-1828.31466102
-1828.30803905
-1828.29710314
-1828.28298923
-1828.26765871
-1828.25338591
-1828.24216044
-1828.23517213
-1828.23253184
-1828.23331752
-1828.23592536
-1828.23861571
-1828.24008967
-1828.23989846
-1828.23857341
-1828.23742096
-1828.23805871
-1828.24183720
-1828.24933845
-1828.26012057
-1828.27279858
-1828.28543842
-1828.29613641
-1828.30359655
-1828.30751339
-1828.30864123
-1828.30852496
-1828.30897081
-1828.31142571
-1828.31644892
-1828.32345592
-1828.33082418
-1828.33635052
-1828.33792803
-1828.33423251
-1828.32518802
-1828.31204865
-1828.29705617
-1828.28276765
-1828.27126992
-1828.26352832
-1828.25909409
-1828.25627992
-1828.25275797
-1828.24639950
-1828.23606490
-1828.22207846
-1828.20622764
-1828.19127892
-1828.18017244
-1828.17514606
-1828.17706118
-1828.18512677
-1828.19711481
-1828.21000156
-1828.22086975
-1828.22778870
-1828.23040712
-1828.23004103
-1828.22923191
-1828.23090069
-1828.23735351
-1828.24945032
-1828.26619240
-1828.28486970
-1828.30174607
-1828.31308810
-1828.31624674
-1828.31045844
-1828.29711129
-1828.27939013
-1828.26139040
-1828.24696133
-1828.23862653
-1828.23689575
-1828.24017987
-1828.24533487
-1828.24866240
-1828.24707679
-1828.23908463
-1828.22528037
-1828.20820827
-1828.19162498
-1828.17937265
-1828.17420603
-1828.17692178
-1828.18606564
-1828.19831930
-1828.20946995
-1828.21567411
-1828.21463121
-1828.20628773
-1828.19285494
-1828.17812822
-1828.16633355
-1828.16085149
-1828.16322857
-1828.17277258
-1828.18684201
-1828.20171895
-1828.21378348
-1828.22061495
-1828.22168903
-1828.21846263
-1828.21384268
-1828.21118806
-1828.21317910
-1828.22088123
-1828.23331274
-1828.24765718
-1828.24765718
-1828.26005359
-1828.26673217
-1828.26514398
-1828.25473645
-1828.23715205
-1828.21580457
-1828.19495544
-1828.17856717
-1828.16926744
-1828.16771658
-1828.17256753
-1828.18101003
-1828.18973648
-1828.19601378
-1828.19855424
-1828.19789246
-1828.19617372
-1828.19640511
-1828.20140510
-1828.21277864
-1828.23025392
-1828.25159533
-1828.27314401
-1828.29081998
-1828.30127928
-1828.30287937
-1828.30287937
-1828.29612807
-1828.28350762
-1828.26871271
-1828.25555705
-1828.24688055
-1828.24378898
-1828.24544729
-1828.24947559
-1828.25281057
-1828.25276276
-1828.24794713
-1828.23879052
-1828.23879052
-1828.22746932
-1828.21729163
-1828.21171124
-1828.21327466
-1828.22282920
-1828.23922915
-1828.25963548
-1828.28030713
-1828.29764513
-1828.30917063
-1828.31414490
-1828.31366406
-1828.31022497
-1828.30690842
-1828.30641876
-1828.31026326
-1828.31830020
-1828.32878090
-1828.33888099
-1828.34555676
-1828.34647576
-1828.34074393
-1828.32921651
-1828.31429329
-1828.29926855
-1828.28740799
-1828.28104334
-1828.28093568
-1828.28610774
-1828.29418161
-1828.30211165
-1828.30708912
-1828.30734664
-1828.30264304
-1828.29429728
-1828.28478663
-1828.27702133
-1828.27352343
-1828.27573463
-1828.28364515
-1828.29582337
-1828.30981684
-1828.32280475
-1828.33233396
-1828.33695485
-1828.33656613
-1828.33237589
-1828.32646356
-1828.32109875
-1828.31802249
-1828.31792044
-1828.32022057
-1828.32328300
-1828.32493403
-1828.32319479
-1828.31698377
-1828.30655324
-1828.29350529
-1828.28039031
-1828.27001241
-1828.26465911
-1828.26547929
-1828.27218265
-1828.28313864
-1828.29584244
-1828.30760520
-1828.31626782
-1828.32073165
-1828.32115885
-1828.31880582
-1828.31554940
-1828.31325956
-1828.31318966
-1828.31557111
-1828.31951413
-1828.32325560
-1828.32468380
-1828.32199190
-1828.31426544
-1828.31426544
-1828.30183243
-1828.28625665
-1828.26996802
-1828.25563847
-1828.24547229
-1828.24063133
-1828.24095799
-1828.24508481
-1828.25088359
-1828.25611639
-1828.25910005
-1828.25918022
-1828.25689302
-1828.25377422
-1828.25186122
-1828.25305561
-1828.25853151
-1828.26837007
-1828.28151481
-1828.29602218
-1828.30952251
-1828.31975340
-1828.32504104
-1828.32463025
-1828.31880376
-1828.30878538
-1828.29644110
-1828.28384006
-1828.27278044
-1828.26440046
-1828.25898396
-1828.25600899
-1828.25441796
-1828.25301770
-1828.25090276
-1828.24777810
-1828.24410927
-1828.24104746
-1828.24014025
-1828.24288365
-1828.25024890
-1828.26232219
-1828.27816594
-1828.29596095
-1828.31339268
-1828.32818142
-1828.33860100
-1828.34385445
-1828.34419089
-1828.34074543
-1828.33514596
-1828.32901797
-1828.32351489
-1828.31902061
-1828.31509107
-1828.31066534
-1828.30447123
-1828.29551459
-1828.28350463
-1828.26908581
-1828.25379444
-1828.23976045
-1828.22919998
-1828.22384990
-1828.22449674
-1828.23075331
-1828.24116387
-1828.25360170
-1828.26582939
-1828.27606179
-1828.28335947
-1828.28776900
-1828.29017558
-1828.29192003
-1828.29429663
-1828.29807538
-1828.30319183
-1828.30869888
-1828.31300505
-1828.31435016
-1828.31138891
-1828.30369039
-1828.29198296
-1828.27804210
-1828.26425855
-1828.25300960
-1828.24603195
-1828.24397188
-1828.24625594
-1828.25131291
-1828.25708828
-1828.26167933
-1828.26389698
-1828.26358262
-1828.26159074
-1828.25946596
-1828.25890473
-1828.26118449
-1828.26671684
-1828.27486053
-1828.28404816
-1828.29220174
-1828.29731963
-1828.29807573
-1828.29424470
-1828.28682291
-1828.27778768
-1828.26954798
-1828.26426167
-1828.26322125
-1828.26650516
-1828.27299457
-1828.28073021
-1828.28748834
-1828.29140213
-1828.29146077
-1828.28774930
-1828.28138272
-1828.27414649
-1828.26795988
-1828.26430461
-1828.26379046
-1828.26598105
-1828.26954727
-1828.27269975
-1828.27377472
-1828.27178811
-1828.26678214
-1828.25984705
-1828.25282649
-1828.24779046
-1828.24642997
-1828.24956467
-1828.25690584
-1828.26713788
-1828.27828510
-1828.28823132
-1828.29523825
-1828.29831783
-1828.29738519
-1828.29317672
-1828.28697027
-1828.28020123
-1828.27406507
-1828.26922425
-1828.26568775
-1828.26289396
-1828.25996172
-1828.25602355
-1828.25054499
-1828.24352354
-1828.23551686
-1828.22749155
-1828.22054518
-1828.21559889
-1828.21316121
-1828.21323732
-1828.21540319
-1828.21900127
-1828.22336822
-1828.22803050
-1828.23279288
-1828.23770615
-1828.24294147
-1828.24861686
-1828.25465209
-1828.26071052
-1828.26624480
-1828.27064503
-1828.27342007
-1828.27436079
-1828.27361319
-1828.27163376
-1828.26904107
-1828.26640939
-1828.26407861
-1828.26205947
-1828.26006310
-1828.25765448
-1828.25447877
-1828.25046796
-1828.24595905
-1828.24166013
-1828.23846747
-1828.23716963
-1828.23814905
-1828.24118213
-1828.24542520
-1828.24961299
-1828.25240589
-1828.25278142
-1828.25034636
-1828.24547115
-1828.23920724
-1828.23301096
-1828.23301096
-1828.22834649
-1828.22628159
-1828.22718470
-1828.23061081
-1828.23542173
-1828.24011682
-1828.24328933
-1828.24407128
-1828.24242550
-1828.23918678
-1828.23582435
-1828.23398936
-1828.23498362
-1828.23931121
-1828.24647317
-1828.25507033
-1828.26319578
-1828.26898597
-1828.27117213
-1828.26945369
-1828.26459512
-1828.25821575
-1828.25233727
-1828.24881255
-1828.24879576
-1828.25240565
-1828.25868960
-1828.26590260
-1828.27203029
-1828.27539667
-1828.27517114
-1828.27160998
-1828.26596374
-1828.26008421
-1828.25584886
-1828.25459226
-1828.25459226
-1828.25670822
-1828.26154132
-1828.26759423
-1828.27298160
-1828.27599447
-1828.27561554
-1828.27185059
-1828.27185059
-1828.26578257
-1828.25932066
-1828.25469228
-1828.25380341
-1828.25765064
-1828.26597097
-1828.27724983
-1828.28910895
-1828.29896112
-1828.30474834
-1828.30553722
-1828.30179901
-1828.29527923
-1828.28849529
-1828.28399171
-1828.28356660
-1828.28770240
-1828.29536659
-1828.30425842
-1828.31145180
-1828.31426776
-1828.31111444
-1828.30203898
-1828.28878792
-1828.28878792
-1828.27433666
-1828.26201927
-1828.25451984
-1828.25305491
-1828.25700014
-1828.26409141
-1828.27114190
-1828.27504790
-1828.27377213
-1828.26699308
-1828.25623954
-1828.24445863
-1828.23517995
-1828.23151014
-1828.23525762
-1828.24642857
-1828.26321587
-1828.28248133
-1828.30058817
-1828.31435383
-1828.32187732
-1828.32300189
-1828.31929162
-1828.31351888
-1828.30880452
-1828.30764041
-1828.31110746
-1828.31850847
-1828.32754492
-1828.33497818
-1828.33758260
-1828.33310794
-1828.32098823
-1828.30259109
-1828.28093644
-1828.25994781
-1828.24343534
-1828.23409788
-1828.23283323
-1828.23856374
-1828.24862784
-1828.25962898
-1828.26847356
-1828.27329049
-1828.27393606
-1828.27193032
-1828.26984570
-1828.27034850
-1828.27521926
-1828.28468518
-1828.29727379
-1828.31021882
-1828.32026951
-1828.32465361
-1828.32189584
-1828.31225818
-1828.29767584
-1828.28121323
-1828.26622512
-1828.25546164
-1828.25038854
-1828.25088865
-1828.25542967
-1828.26162486
-1828.26702590
-1828.26989987
-1828.26974258
-1828.26737786
-1828.26461362
-1828.26359353
-1828.26605058
-1828.27269524
-1828.28290343
-1828.29478839
-1828.30562301
-1828.31250966
-1828.31311596
-1828.30628756
-1828.29237842
-1828.27319789
-1828.25159296
-1828.23075997
-1828.21346916
-1828.20142974
-1828.19497699
-1828.19316814
-1828.19424589
-1828.19630845
-1828.19796418
-1828.19877151
-1828.19933237
-1828.20102178
-1828.20544897
-1828.21382075
-1828.22641996
-1828.24237504
-1828.24237504
-1828.25979947
-1828.27625955
-1828.28942197
-1828.29767261
-1828.30051646
-1828.29865732
-1828.29374661
-1828.28789186
-1828.28307504
-1828.28065019
-1828.28104812
-1828.28376176
-1828.28760301
-1828.29114107
-1828.29318046
-1828.29312447
-1828.29111413
-1828.28791688
-1828.28461913
-1828.28223099
-1828.28133000
-1828.28184539
-1828.28305320
-1828.28377338
-1828.28271382
-1828.27885771
-1828.27178811
-1828.26185144
-1828.25011292
-1828.23811311
-1828.22749732
-1828.21961176
-1828.21520077
-1828.21428454
-1828.21626009
-1828.22017870
-1828.22510120
-1828.23040370
-1828.23593179
-1828.23593179
-1828.24196060
-1828.24897899
-1828.25737200
-1828.26712912
-1828.27769293
-1828.28802932
-1828.29688887
-1828.30315933
-1828.30617076
-1828.30586295
-1828.30276400
-1828.29780985
-1828.29206565
-1828.28642891
-1828.28140188
-1828.27699774
-1828.27281273
-1828.26824581
-1828.26279901
-1828.25635008
-1828.24929263
-1828.24248948
-1828.23703488
-1828.23389354
-1828.23353869
-1828.23572070
-1828.23948658
-1828.24344893
-1828.24622225
-1828.24685195
-1828.24511603
-1828.24159993
-1828.23754156
-1828.23448907
-1828.23386960
-1828.23657494
-1828.24268014
-1828.25138123
-1828.26120438
-1828.27045538
-1828.27778715
-1828.28268537
-1828.28568755
-1828.28819808
-1828.29192641
-1828.29812314
-1828.30696658
-1828.31735381
-1828.32716703
-1828.33386322
-1828.33520144
-1828.32990459
-1828.31807748
-1828.30126035
-1828.28208410
-1828.26361889
-1828.24859133
-1828.23868902
-1828.23416031
-1828.23382776
-1828.23552493
-1828.23683778
-1828.23592042
-1828.23212732
-1828.22624319
-1828.22023399
-1828.21659580
-1828.21750736
-1828.22405593
-1828.23578132
-1828.25067825
-1828.26568273
-1828.27751137
-1828.28361817
-1828.28296589
-1828.27636568
-1828.26625295
-1828.25597521
-1828.24879769
-1828.24695228
-1828.25099812
-1828.25969850
-1828.27044233
-1828.28008088
-1828.28591445
-1828.28651437
-1828.28212576
-1828.27452715
-1828.26641194
-1828.26047708
-1828.25849760
-1828.26067349
-1828.26545184
-1828.26993592
-1828.27077849
-1828.26529475
-1828.25242530
-1828.23321919
-1828.21067277
-1828.18898719
-1828.17246071
-1828.16433808
-1828.16595389
-1828.17640565
-1828.19286751
-1828.21144937
-1828.22835076
-1828.24095700
-1828.24854227
-1828.25237487
-1828.25519012
-1828.26019760
-1828.26990892
-1828.28513513
-1828.30447496
-1828.32450444
-1828.34068132
-1828.34871338
-1828.34592895
-1828.33217538
-1828.30995960
-1828.28381437
-1828.25909374
-1828.24055939
-1828.23116759
-1828.23139256
-1828.23927274
-1828.25113433
-1828.26279059
-1828.27082544
-1828.27359472
-1828.27165011
-1828.26747684
-1828.26463208
-1828.26654343
-1828.27531810
-1828.29091723
-1828.31097171
-1828.33131438
-1828.34709521
-1828.35411427
-1828.34999130
-1828.33483977
-1828.31126004
-1828.28367928
-1828.25722576
-1828.23645049
-1828.22423437
-1828.22118092
-1828.22563116
-1828.23429527
-1828.24330194
-1828.24937098
-1828.25076416
-1828.24774160
-1828.24238782
-1828.23785743
-1828.23728211
-1828.24267957
-1828.24267957
-1828.25421691
-1828.25421691
-1828.27005786
-1828.28683600
-1828.30058386
-1828.30783144
-1828.30654037
-1828.29662977
-1828.27994625
-1828.25972524
-1828.23971474
-1828.22322349
-1828.21236652
-1828.20769425
-1828.20825880
-1828.21205968
-1828.21671404
-1828.22015843
-1828.22120744
-1828.21981447
-1828.21698711
-1828.21437592
-1828.21368689
-1828.21610573
-1828.22190445
-1828.23034121
-1828.23985741
-1828.24849923
-1828.25443792
-1828.25645738
-1828.25427713
-1828.24863542
-1828.24110066
-1828.23366098
-1828.22819270
-1828.22596061
-1828.22730122
-1828.23158273
-1828.23744992
-1828.24326601
-1828.24761323
-1828.24969234
-1828.24951547
-1828.24783163
-1828.24582143
-1828.24465746
-1828.24508420
-1828.24715152
-1828.25018276
-1828.25297562
-1828.25416285
-1828.25261847
-1828.24780443
-1828.23995429
-1828.23005448
-1828.21964152
-1828.21964152
-1828.21964152
-1828.14420047
-1828.08470304
-1828.05403254
-1828.05722243
-1828.09022760
-1828.14133763
-1828.19479665
-1828.19479665
-1828.23552699
-1828.25356428
-1828.25356428
-1828.24689019
-1828.22181073
-1828.19076668
-1828.16825260
-1828.16611002
-1828.18965738
-1828.23584462
-1828.29398690
-1828.34885857
-1828.38519701
-1828.39226720
-1828.36710989
-1828.31551234
-1828.25040538
-1828.18817209
-1828.14395768
-1828.12738379
-1828.13993036
-1828.17475187
-1828.21896309
-1828.25768133
-1828.27860170
-1828.27571176
-1828.25103770
-1828.21389420
-1828.17788368
-1828.15657141
-1828.15916866
-1828.18755854
-1828.23556135
-1828.29067273
-1828.33773930
-1828.36346690
-1828.36038713
-1828.32909549
-1828.27807684
-1828.22119580
-1828.17361398
-1828.14737267
-1828.14796248
-1828.17288903
-1828.21263365
-1828.25369812
-1828.28279132
-1828.29088030
-1828.27587741
-1828.24316707
-1828.20383952
-1828.17119368
-1828.15660654
-1828.16602476
-1828.19813775
-1828.24476547
-1828.29331975
-1828.33057904
-1828.34662966
-1828.33778893
-1828.30764627
-1828.26591972
-1828.22550633
-1828.19862500
-1828.19320515
-1828.21059946
-1828.24527520
-1828.28654723
-1828.32181461
-1828.34033570
-1828.33640312
-1828.31099643
-1828.27142194
-1828.22906406
-1828.19592772
-1828.18102073
-1828.18767871
-1828.21263754
-1828.24713734
-1828.27967822
-1828.29956810
-1828.30016828
-1828.28086703
-1828.24723257
-1828.20931945
-1828.17865600
-1828.16480809
-1828.17253166
-1828.20037369
-1828.24112254
-1828.28396076
-1828.31765477
-1828.33380784
-1828.32920866
-1828.30660014
-1828.27367766
-1828.24065853
-1828.21717586
-1828.20943581
-1828.21848804
-1828.24009192
-1828.26617995
-1828.28744434
-1828.29624813
-1828.28896980
-1828.26709686
-1828.23676098
-1828.20689815
-1828.18660615
-1828.18248218
-1828.19671332
-1828.22645883
-1828.26467685
-1828.30213860
-1828.33002557
-1828.34234946
-1828.33750231
-1828.31851357
-1828.29196503
-1828.26591564
-1828.24747969
-1828.24076822
-1828.24580858
-1828.25873727
-1828.27317265
-1828.28232187
-1828.28115799
-1828.26801036
-1828.24509287
-1828.21783335
-1828.21783335
-1828.19323852
-1828.17780430
-1828.17560051
-1828.18708463
-1828.20897310
-1828.23520579
-1828.25870065
-1828.27338785
-1828.27591075
-1828.26650264
-1828.24880299
-1828.22869092
-1828.21250113
-1828.20516262
-1828.20880496
-1828.22222542
-1828.24135005
-1828.26052014
-1828.27420188
-1828.27861047
-1828.27279115
-1828.25887696
-1828.24146863
-1828.22630912
-1828.21861511
-1828.22153533
-1828.23517766
-1828.25650822
-1828.28015389
-1828.29988287
-1828.31031817
-1828.30838526
-1828.29409613
-1828.27046443
-1828.24261231
-1828.21634127
-1828.19657491
-1828.18611072
-1828.18501516
-1828.19080330
-1828.19934120
-1828.20618732
-1828.20798496
-1828.20350226
-1828.19402254
-1828.18297597
-1828.17491433
-1828.17414156
-1828.18339301
-1828.20295985
-1828.23049849
-1828.26156580
-1828.29071108
-1828.31281022
-1828.32428347
-1828.32388399
-1828.31287185
-1828.29454616
-1828.27327875
-1828.25332458
-1828.23774536
-1828.22773162
-1828.22248905
-1828.21969144
-1828.21634891
-1828.20983993
-1828.19881835
-1828.18374914
-1828.16690481
-1828.15182060
-1828.14234178
-1828.14153801
-1828.15077710
-1828.16923786
-1828.19399756
-1828.22068374
-1828.24452089
-1828.26149077
-1828.26929742
-1828.26787896
-1828.25932347
-1828.24720618
-1828.23553468
-1828.22759783
-1828.22505331
-1828.22752649
-1828.23283529
-1828.23777708
-1828.23923282
-1828.23525108
-1828.22578372
-1828.21283363
-1828.19996409
-1828.19129080
-1828.19025911
-1828.19857081
-1828.21558398
-1828.23838155
-1828.26249713
-1828.28309956
-1828.29628977
-1828.30012765
-1828.29508631
-1828.28379286
-1828.27015502
-1828.25814210
-1828.25060944
-1828.24852061
-1828.25078896
-1828.25475522
-1828.25713402
-1828.25513271
-1828.24742365
-1828.23467571
-1828.21947381
-1828.20564544
-1828.19716837
-1828.19698984
-1828.20609646
-1828.22313060
-1828.24466392
-1828.26607058
-1828.28274786
-1828.29134136
-1828.29063264
-1828.28182057
-1828.26813223
-1828.25385946
-1828.24310045
-1828.23857435
-1828.24083748
-1828.24814480
-1828.25700415
-1828.26327646
-1828.26349953
-1828.25602564
-1828.24162107
-1828.22332406
-1828.20558989
-1828.19298104
-1828.18879854
-1828.19406838
-1828.20718998
-1828.22435036
-1828.24057330
-1828.25109839
-1828.25268010
-1828.24444249
-1828.22805976
-1828.20722260
-1828.18657454
-1828.17042326
-1828.16159207
-1828.16073171
-1828.16627257
-1828.17502117
-1828.18322278
-1828.18777410
-1828.18722107
-1828.18222093
-1828.17533519
-1828.17020525
-1828.17037923
-1828.17814982
-1828.19376817
-1828.21527467
-1828.23899226
-1828.26054702
-1828.27608944
-1828.28335918
-1828.28226911
-1828.27484708
-1828.26455435
-1828.25519942
-1828.24978579
-1828.24962839
-1828.25402868
-1828.26058981
-1828.26607788
-1828.26754211
-1828.26332879
-1828.25365933
-1828.24059224
-1828.22738330
-1828.21745159
-1828.21328583
-1828.21564437
-1828.22329955
-1828.23342432
-1828.24249265
-1828.24740015
-1828.24645934
-1828.23993698
-1828.22997228
-1828.21989976
-1828.21319082
-1828.21235409
-1828.21813437
-1828.22928270
-1828.24295032
-1828.25558540
-1828.26404429
-1828.26655993
-1828.26326780
-1828.25611948
-1828.24822275
-1828.24282465
-1828.24226472
-1828.24722050
-1828.25648085
-1828.26730180
-1828.27623068
-1828.28015709
-1828.27727889
-1828.26769052
-1828.25341521
-1828.23785959
-1828.22482954
-1828.21739769
-1828.21697616
-1828.22288129
-1828.23253247
-1828.24224367
-1828.24836402
-1828.24841938
-1828.24190526
-1828.23047986
-1828.21750074
-1828.20702561
-1828.20258212
-1828.20606315
-1828.21708407
-1828.23301294
-1828.24969594
-1828.26267173
-1828.26852867
-1828.26596606
-1828.25623637
-1828.24279967
-1828.23029284
-1828.22311918
-1828.22409431
-1828.23356187
-1828.24926458
-1828.26701883
-1828.28199698
-1828.29022172
-1828.28980325
-1828.28154086
-1828.26869853
-1828.25602242
-1828.24830150
-1828.24890036
-1828.25870582
-1828.27580627
-1828.29601167
-1828.31405418
-1828.32512594
-1828.32629319
-1828.31735717
-1828.30091248
-1828.28156804
-1828.26457158
-1828.25424013
-1828.25267096
-1828.25912603
-1828.27028155
-1828.28127059
-1828.28721073
-1828.28474623
-1828.27314190
-1828.25459588
-1828.23367089
-1828.21600468
-1828.20666775
-1828.20864633
-1828.22189778
-1828.24326538
-1828.26730401
-1828.28777924
-1828.29943290
-1828.29948090
-1828.28840679
-1828.26979687
-1828.24926189
-1828.23275382
-1828.22478185
-1828.22707079
-1828.23806161
-1828.25341391
-1828.26734498
-1828.27441161
-1828.27118545
-1828.25732573
-1828.23572347
-1828.21168016
-1828.19135825
-1828.17996774
-1828.18021677
-1828.19150402
-1828.21007664
-1828.23012281
-1828.24546447
-1828.25135514
-1828.24585808
-1828.23040323
-1828.20936640
-1828.18878479
-1828.17457225
-1828.17077721
-1828.17840610
-1828.19516860
-1828.21622054
-1828.23564338
-1828.24822979
-1828.25102880
-1828.24420670
-1828.23097035
-1828.21657771
-1828.20673007
-1828.20580729
-1828.21549130
-1828.23418280
-1828.25740767
-1828.27910453
-1828.29341173
-1828.29341173
-1828.29641565
-1828.28733812
-1828.26878735
-1828.24599314
-1828.22525086
-1828.21204650
-1828.20944620
-1828.21723599
-1828.23207402
-1828.24857230
-1828.26098185
-1828.26495763
-1828.25889426
-1828.24442449
-1828.22592847
-1828.20916881
-1828.19946686
-1828.19997781
-1828.21062810
-1828.22807596
-1828.24671076
-1828.26038287
-1828.26430478
-1828.25654841
-1828.23866566
-1828.21524978
-1828.19257463
-1828.17672592
-1828.17180310
-1828.17873749
-1828.19508549
-1828.21585153
-1828.23508017
-1828.24772647
-1828.25122717
-1828.24628017
-1828.23659679
-1828.22770231
-1828.22515597
-1828.23275057
-1828.25123810
-1828.27797353
-1828.30758100
-1828.33344127
-1828.34955948
-1828.35226155
-1828.34121286
-1828.31945824
-1828.29248661
-1828.26660948
-1828.24714641
-1828.23696847
-1828.23579684
-1828.24046737
-1828.24604361
-1828.24744727
-1828.24111021
-1828.22615790
-1828.20477228
-1828.18161887
-1828.16250757
-1828.15269384
-1828.15531564
-1828.17043997
-1828.19499423
-1828.22360995
-1828.25012929
-1828.26933561
-1828.27839630
-1828.27758063
-1828.27004782
-1828.26077101
-1828.25492452
-1828.25623846
-1828.26580861
-1828.28173181
-1828.29966517
-1828.31415404
-1828.32031452
-1828.31536794
-1828.29955108
-1828.27612746
-1828.25049125
-1828.22863927
-1828.21546566
-1828.21338859
-1828.22170678
-1828.23688460
-1828.25366090
-1828.26665033
-1828.27194598
-1828.26821984
-1828.25699996
-1828.24206748
-1828.22819427
-1828.21963826
-1828.21883518
-1828.22565381
-1828.23743065
-1828.24976671
-1828.25786314
-1828.25799244
-1828.24867003
-1828.23115699
-1828.20915926
-1828.18779711
-1828.17215756
-1828.16586344
-1828.17006276
-1828.18315109
-1828.20129346
-1828.21959112
-1828.23354697
-1828.24038110
-1828.23981147
-1828.23406619
-1828.22712023
-1828.22337990
-1828.22622453
-1828.23684129
-1828.25374336
-1828.27312133
-1828.28993730
-1828.29941389
-1828.29846651
-1828.28661913
-1828.26614320
-1828.24138680
-1828.21751690
-1828.19905566
-1828.18865478
-1828.18644770
-1828.19016241
-1828.19593061
-1828.19954536
-1828.19778901
-1828.18945434
-1828.17577327
-1828.16012877
-1828.14709795
-1828.14109308
-1828.14498824
-1828.15917729
-1828.18137313
-1828.20722381
-1828.23154267
-1828.24975679
-1828.25913310
-1828.25944852
-1828.25292321
-1828.24346197
-1828.23543881
-1828.23238009
-1828.23591466
-1828.24530332
-1828.25767399
-1828.26889338
-1828.27483272
-1828.27264889
-1828.26171437
-1828.24390169
-1828.22313339
-1828.20431701
-1828.19197723
-1828.18899517
-1828.19581727
-1828.21036843
-1828.22868094
-1828.24604929
-1828.25836589
-1828.26325142
-1828.26064926
-1828.25272851
-1828.24313101
-1828.23580230
-1828.23375317
-1828.23812949
-1828.24786148
-1828.25999866
-1828.27062752
-1828.27608924
-1828.27412601
-1828.26460196
-1828.24958388
-1828.23275510
-1828.21835230
-1828.20994338
-1828.20940829
-1828.21641492
-1828.22853748
-1828.24196940
-1828.25261779
-1828.25726433
-1828.25445459
-1828.24486893
-1828.23106679
-1828.21668195
-1828.20531310
-1828.19944738
-1828.19975068
-1828.20493589
-1828.21224718
-1828.21839381
-1828.22063481
-1828.21767586
-1828.21010403
-1828.20022977
-1828.19139051
-1828.18693472
-1828.18919147
-1828.19873507
-1828.21416569
-1828.23246637
-1828.24983831
-1828.26275577
-1828.26893136
-1828.26790764
-1828.26109611
-1828.25126077
-1828.24161969
-1828.23483785
-1828.23222717
-1828.23340045
-1828.23646532
-1828.23869204
-1828.23744003
-1828.23105659
-1828.21946899
-1828.20430985
-1828.18852266
-1828.17557706
-1828.16852359
-1828.16917580
-1828.17763704
-1828.19231154
-1828.21038354
-1828.22862167
-1828.24425942
-1828.25571390
-1828.26292228
-1828.26721895
-1828.27078877
-1828.27587172
-1828.28395062
-1828.29518604
-1828.30826229
-1828.32071953
-1828.32966782
-1828.33267614
-1828.32857197
-1828.31789363
-1828.30284283
-1828.28674875
-1828.27317349
-1828.26492921
-1828.26328884
-1828.26764016
-1828.27568408
-1828.28414007
-1828.28974922
-1828.29027877
-1828.28522086
-1828.27597062
-1828.26541393
-1828.25704244
-1828.25385472
-1828.25736985
-1828.26707002
-1828.28044084
-1828.29361783
-1828.30244886
-1828.30366315
-1828.29580667
-1828.27967199
-1828.25809467
-1828.23519115
-1828.21524539
-1828.20157791
-1828.19570232
-1828.19702376
-1828.20314583
-1828.21070824
-1828.21649549
-1828.21848538
-1828.21650949
-1828.21231546
-1828.20900595
-1828.21002402
-1828.21799179
-1828.23375563
-1828.25593720
-1828.28112636
-1828.30469032
-1828.32195969
-1828.32946984
-1828.32590066
-1828.31243110
-1828.29241448
-1828.27044974
-1828.25112110
-1828.23776182
-1828.23160349
-1828.23155805
-1828.23469827
-1828.23727974
-1828.23600992
-1828.22916930
-1828.21725032
-1828.20291223
-1828.19025419
-1828.18361507
-1828.18624841
-1828.19927559
-1828.22122706
-1828.24832750
-1828.27544275
-1828.29742584
-1828.31047225
-1828.31309543
-1828.30644511
-1828.29389295
-1828.28001337
-1828.28001337
-1828.26925861
-1828.26470206
-1828.26721432
-1828.27530303
-1828.28565445
-1828.29420871
-1828.29743250
-1828.29340918
-1828.28243613
-1828.26697980
-1828.25100676
-1828.23885961
-1828.23399300
-1828.23791631
-1828.24967359
-1828.26602029
-1828.28225917
-1828.29351839
-1828.29608802
-1828.28846092
-1828.27175997
-1828.24943739
-1828.22633036
-1828.20732606
-1828.19603594
-1828.19385233
-1828.19965996
-1828.21029091
-1828.22157055
-1828.22963058
-1828.23208126
-1828.22869296
-1828.22138596
-1828.21356604
-1828.20901727
-1828.21068678
-1828.21973489
-1828.23511237
-1828.25379721
-1828.27160542
-1828.28434241
-1828.28895700
-1828.28436568
-1828.27171182
-1828.25399037
-1828.23515522
-1828.21899131
-1828.20808878
-1828.20322843
-1828.20335117
-1828.20609186
-1828.20609186
-1828.20869376
-1828.20901092
-1828.20629056
-1828.20149972
-1828.19709149
-1828.19627301
-1828.20198557
-1828.21590768
-1828.23777971
-1828.26527515
-1828.29446504
-1828.32077107
-1828.34013820
-1828.35007663
-1828.35026608
-1828.34254135
-1828.33025689
-1828.31723523
-1828.30662757
-1828.30002894
-1828.29711402
-1828.29589816
-1828.29352630
-1828.28733806
-1828.27588167
-1828.25954878
-1828.24063041
-1828.22276778
-1828.20995061
-1828.20536638
-1828.21043122
-1828.22429055
-1828.24393570
-1828.26492058
-1828.28251428
-1828.29298476
-1828.29463505
-1828.28825102
-1828.27680247
-1828.26449621
-1828.25549673
-1828.25269156
-1828.25685429
-1828.26643694
-1828.27803302
-1828.28739010
-1828.29069203
-1828.28573779
-1828.27267269
-1828.25402369
-1828.23402483
-1828.21742682
-1828.20815432
-1828.20822072
-1828.21720408
-1828.23243930
-1828.24984871
-1828.26515206
-1828.27508549
-1828.27827318
-1828.27550621
-1828.26936103
-1828.26329649
-1828.26051366
-1828.26293347
-1828.27059995
-1828.28168245
-1828.29306664
-1828.30133309
-1828.30381539
-1828.29940358
-1828.28885815
-1828.27454478
-1828.25969219
-1828.24741586
-1828.23982203
-1828.23746689
-1828.23933048
-1828.24327768
-1828.24683814
-1828.24802528
-1828.24595126
-1828.24105389
-1828.23488806
-1828.22957176
-1828.22707951
-1828.22861872
-1828.23428460
-1828.24309304
-1828.25335541
-1828.26326356
-1828.27146520
-1828.27746107
-1828.28167801
-1828.28523424
-1828.28946228
-1828.29538468
-1828.30330060
-1828.31262912
-1828.32203499
-1828.32980174
-1828.33432093
-1828.33455595
-1828.33034654
-1828.32245452
-1828.31233721
-1828.30171300
-1828.29203906
-1828.28407911
-1828.27768596
-1828.27189579
-1828.26531867
-1828.25671627
-1828.24556808
-1828.23241574
-1828.21884419
-1828.20708860
-1828.19939404
-1828.19733203
-1828.20129400
-1828.21032301
-1828.22234304
-1828.23470845
-1828.24491894
-1828.25127491
-1828.25328887
-1828.25173728
-1828.24834654
-1828.24521702
-1828.24413827
-1828.24601411
-1828.25055962
-1828.25638299
-1828.26143476
-1828.26367249
-1828.26173466
-1828.25538687
-1828.24561314
-1828.23432868
-1828.22381407
-1828.21605982
-1828.21221665
-1828.21231862
-1828.21535747
-1828.21966199
-1828.22346754
-1828.22547489
-1828.22524196
-1828.22328237
-1828.22085989
-1828.21954424
-1828.22065548
-1828.22478138
-1828.23152203
-1828.23956947
-1828.24710251
-1828.25234864
-1828.25411236
-1828.25208392
-1828.24684429
-1828.23959629
-1828.23175019
-1828.22449313
-1828.21847270
-1828.21367319
-1828.20951382
-1828.20513977
-1828.19982565
-1828.19334928
-1828.18621186
-1828.17961353
-1828.17518146
-1828.17452841
-1828.17876838
-1828.18814053
-1828.20185606
-1828.21823097
-1828.23507776
-1828.25025134
-1828.26217501
-1828.27020446
-1828.27470565
-1828.27684675
-1828.27816433
-1828.28002870
-1828.28317494
-1828.28742591
-1828.29170352
-1828.29433314
-1828.29357418
-1828.28822046
-1828.27809162
-1828.26424554
-1828.24883468
-1828.23462162
-1828.22428243
-1828.21969184
-1828.22142209
-1828.22861078
-1828.23925692
-1828.25085087
-1828.26113629
-1828.26874755
-1828.27353627
-1828.27648846
-1828.27927462
-1828.28357902
-1828.29042558
-1828.29971691
-1828.31015286
-1828.31955342
-1828.32548366
-1828.32598134
-1828.32015160
-1828.30845990
-1828.29263997
-1828.27525352
-1828.25904648
-1828.24628385
-1828.23825628
-1828.23508607
-1828.23587578
-1828.23912298
-1828.24325874
-1828.24714413
-1828.25036767
-1828.25327239
-1828.25671803
-1828.26167733
-1828.26880249
-1828.27809543
-1828.28878546
-1828.29945013
-1828.30833616
-1828.31378157
-1828.31463199
-1828.31052962
-1828.30200792
-1828.29036970
-1828.27738214
-1828.26487325
-1828.25433002
-1828.24661296
-1828.24185281
-1828.23956942
-1828.23896129
-1828.23927384
-1828.24011020
-1828.24157806
-1828.24422484
-1828.24877745
-1828.25579158
-1828.26532219
-1828.27674397
-1828.28879279
-1828.29981563
-1828.30817292
-1828.31266018
-1828.31282493
-1828.30908103
-1828.30258000
-1828.29487717
-1828.28749582
-1828.28153156
-1828.27740850
-1828.27486443
-1828.27314993
-1828.27136530
-1828.26881690
-1828.26527864
-1828.26108680
-1828.25704989
-1828.25421219
-1828.25354027
-1828.25561869
-1828.26045229
-1828.26741772
-1828.27539874
-1828.28305202
-1828.28913350
-1828.29278411
-1828.29370995
-1828.29221066
-1828.28906077
-1828.28529332
-1828.28192924
-1828.27973146
-1828.27903659
-1828.27970332
-1828.28119640
-1828.28279233
-1828.28384498
-1828.28402730
-1828.28344595
-1828.28258551
-1828.28208685
-1828.28245473
-1828.28382867
-1828.28591045
-1828.28806215
-1828.28950621
-1828.28955875
-1828.28780808
-1828.28421310
-1828.27909064
-1828.27300713
-1828.26661142
-1828.26046228
-1828.25490645
-1828.25005693
-1828.24586048
-1828.24220800
-1828.23904020
-1828.23639652
-1828.23441155
-1828.23326108
-1828.23307935
-1828.23385759
-1828.23537316
-1828.23719290
-1828.23876724
-1828.23960111
-1828.23943738
-1828.23838782
-1828.23695773
-1828.23593026
-1828.23614706
-1828.23823398
-1828.24237479
-1828.24820354
-1828.25486389
-1828.26123629
-1828.26625266
-1828.26920562
-1828.26995956
-1828.26900012
-1828.26732424
-1828.26618276
-1828.26672807
-1828.26964526
-1828.27488221
-1828.28158833
-1828.28829819
-1828.29332472
-1828.29524538
-1828.29332511
-1828.28775447
-1828.27961034
-1828.27055014
-1828.26231768
-1828.25621580
-1828.25271488
-1828.25132500
-1828.25078458
-1828.24950906
-1828.24618397
-1828.24032588
-1828.23261794
-1828.22487854
-1828.21962438
-1828.21934493
-1828.22571048
-1828.23896693
-1828.25772384
-1828.27922821
-1828.30005087
-1828.31698295
-1828.32788367
-1828.33219972
-1828.33101384
-1828.32660537
-1828.32166011
-1828.31837989
-1828.31777445
-1828.31935475
-1828.32133511
-1828.32128214
-1828.31699919
-1828.30735991
-1828.29281148
-1828.27537249
-1828.25813199
-1828.24439460
-1828.23673330
-1828.23622311
-1828.24209871
-1828.25194251
-1828.26237655
-1828.27006252
-1828.27270446
-1828.26975412
-1828.26258466
-1828.25406410
-1828.24764680
-1828.24625306
-1828.25127700
-1828.26204782
-1828.27592682
-1828.28903839
-1828.29743195
-1828.29831725
-1828.29098802
-1828.27714324
-1828.26047643
-1828.24565597
-1828.23697938
-1828.23711806
-1828.24632571
-1828.26236406
-1828.28116856
-1828.29805561
-1828.30909495
-1828.31222473
-1828.30777997
-1828.29827433
-1828.28751779
-1828.27934915
-1828.27638463
-1828.27916625
-1828.28597871
-1828.29338609
-1828.29732851
-1828.29442852
-1828.28310308
-1828.26413542
-1828.24053745
-1828.21674144
-1828.19737514
-1828.18598576
-1828.18408773
-1828.19081017
-1828.20323245
-1828.21730273
-1828.22905379
-1828.23574959
-1828.23662870
-1828.23302724
-1828.22785110
-1828.22458052
-1828.22610438
-1828.23375090
-1828.24680771
-1828.26266665
-1828.27755194
-1828.28760640
-1828.29002072
-1828.28387619
-1828.27045847
-1828.25292898
-1828.23544157
-1828.22195108
-1828.21507951
-1828.21537559
-1828.22120770
-1828.22931583
-1828.23585058
-1828.23758111
-1828.23290122
-1828.22233112
-1828.20836422
-1828.19470738
-1828.18514699
-1828.18239742
-1828.18727828
-1828.19847141
-1828.21291773
-1828.22672382
-1828.23630091
-1828.23940698
-1828.23579156
-1828.22725369
-1828.21707550
-1828.20900205
-1828.20606532
-1828.20963327
-1828.21897782
-1828.23149493
-1828.24351386
-1828.25144320
-1828.25290276
-1828.24749394
-1828.23697109
-1828.22475525
-1828.21491633
-1828.21092825
-1828.21459011
-1828.22545134
-1828.24092504
-1828.25704282
-1828.26961319
-1828.27542985
-1828.27318190
-1828.26378883
-1828.25006901
-1828.23584720
-1828.22477869
-1828.21925021
-1828.21969881
-1828.22455061
-1828.23078805
-1828.23496870
-1828.23438457
-1828.22800282
-1828.21689054
-1828.20399171
-1828.19330446
-1828.18870247
-1828.19276429
-1828.20595823
-1828.22643514
-1828.25049360
-1828.27358296
-1828.29155145
-1828.30177141
-1828.30381674
-1828.29948462
-1828.29948462
-1828.29215393
-1828.28567883
-1828.28314640
-1828.28587056
-1828.29293574
-1828.30144029
-1828.30737453
-1828.30686511
-1828.29740180
-1828.27867463
-1828.25277054
-1828.22366810
-1828.19618606
-1828.17469014
-1828.16194146
-1828.15841456
-1828.16229103
-1828.17011696
-1828.17793298
-1828.18252972
-1828.18245350
-1828.17844871
-1828.17319942
-1828.17045571
-1828.17380088
-1828.18543975
-1828.20538322
-1828.23127188
-1828.25890312
-1828.28330810
-1828.30007597
-1828.30654218
-1828.30250298
-1828.29024762
-1828.27390158
-1828.25826788
-1828.24750495
-1828.24401615
-1828.24787174
-1828.25691497
-1828.26751161
-1828.27570989
-1828.27846426
-1828.27457066
-1828.26503741
-1828.25278001
-1828.24171008
-1828.23549585
-1828.23638520
-1828.24448558
-1828.25770092
-1828.27232531
-1828.28408600
-1828.28933245
-1828.28603953
-1828.27435410
-1828.25653022
-1828.23628543
-1828.21776618
-1828.20442369
-1828.19812090
-1828.19872396
-1828.20428086
-1828.21172767
-1828.21789640
-1828.22053536
-1828.21901279
-1828.21450752
-1828.20962468
-1828.20755384
-1828.21103610
-1828.22145467
-1828.23831963
-1828.25930560
-1828.28082078
-1828.29893714
-1828.31042232
-1828.31042232
-1828.31356631
-1828.30856967
-1828.29739086
-1828.28310026
-1828.26896122
-1828.25750439
-1828.24988200
-1828.24567334
-1828.24315955
-1828.23998226
-1828.23400280
-1828.22411782
-1828.21077884
-1828.19599839
-1828.18281115
-1828.17435765
-1828.17290655
-1828.17913333
-1828.19187337
-1828.20841795
-1828.22526532
-1828.23910324
-1828.24772263
-1828.25058240
-1828.24885191
-1828.24492824
-1828.24158389
-1828.24102147
-1828.24414345
-1828.25026443
-1828.25735989
-1828.26277192
-1828.26413799
-1828.26022983
-1828.25141147
-1828.23956855
-1828.22755685
-1828.21837112
-1828.21428271
-1828.21618279
-1828.22332358
-1828.23354375
-1828.24392099
-1828.25164870
-1828.25486741
-1828.25319375
-1828.24779304
-1828.24098763
-1828.23551292
-1828.23365690
-1828.23653461
-1828.24373140
-1828.25341653
-1828.26290141
-1828.26947145
-1828.27123880
-1828.26774916
-1828.26015682
-1828.25090768
-1828.24301253
-1828.23914216
-1828.24081099
-1828.24790881
-1828.25870745
-1828.27035068
-1828.27966671
-1828.28406896
-1828.28228415
-1828.27469314
-1828.26319510
-1828.25062237
-1828.23987758
-1828.23306059
-1828.23088234
-1828.23255075
-1828.23614448
-1828.23930150
-1828.23999872
-1828.23718036
-1828.23106620
-1828.22306649
-1828.21533379
-1828.21010295
-1828.20901616
-1828.21264524
-1828.22034738
-1828.23048774
-1828.24095424
-1828.24978877
-1828.25574495
-1828.25860099
-1828.25913662
-1828.25880259
-1828.25919351
-1828.26150566
-1828.26613838
-1828.27256739
-1828.27950600
-1828.28530912
-1828.28848931
-1828.28818614
-1828.28445171
-1828.27824700
-1828.27116589
-1828.26495388
-1828.26098998
-1828.25987839
-1828.26128984
-1828.26409044
-1828.26672699
-1828.26773684
-1828.26622586
-1828.26215238
-1828.25633510
-1828.25017814
-1828.24522698
-1828.24268599
-1828.24305762
-1828.24601035
-1828.25050558
-1828.25514839
-1828.25865041
-1828.26026368
-1828.26003961
-1828.25881557
-1828.25793886
-1828.25882278
-1828.26248027
-1828.26919249
-1828.27841799
-1828.28896062
-1828.29932477
-1828.30813899
-1828.31449397
-1828.31810398
-1828.31925055
-1828.31855612
-1828.31667498
-1828.31402199
-1828.31061765
-1828.30610998
-1828.29995047
-1828.29167294
-1828.28117645
-1828.26891495
-1828.25591468
-1828.24360126
-1828.23346862
-1828.22669906
-1828.22384441
-1828.22468134
-1828.22829216
-1828.23335242
-1828.23854680
-1828.24297763
-1828.24643288
-1828.24942308
-1828.25296450
-1828.25817695
-1828.26582596
-1828.27596036
-1828.28777681
-1828.29975591
-1828.31004702
-1828.31698091
-1828.31955724
-1828.31774884
-1828.31252895
-1828.30559161
-1828.29885504
-1828.29389284
-1828.29148301
-1828.29140627
-1828.29256725
-1828.29337846
-1828.29230148
-1828.28836504
-1828.28149542
-1828.27254865
-1828.26303509
-1828.25462401
-1828.24858973
-1828.24538451
-1828.24447121
-1828.24447678
-1828.24360896
-1828.24022341
-1828.23336478
-1828.22312498
-1828.21071023
-1828.19817340
-1828.18789317
-1828.18194624
-1828.18156177
-1828.18682558
-1828.19671313
-1828.20943630
-1828.22298188
-1828.23567361
-1828.24659978
-1828.25577435
-1828.26400185
-1828.27249375
-1828.28235847
-1828.29412158
-1828.30742536
-1828.32100447
-1828.33294537
-1828.34116267
-1828.34394719
-1828.34042120
-1828.33075813
-1828.31609997
-1828.29821757
-1828.27903911
-1828.26020034
-1828.24275654
-1828.22711011
-1828.21315103
-1828.20053629
-1828.18901099
-1828.17867826
-1828.17011944
-1828.16431205
-1828.16235089
-1828.16505752
-1828.17261660
-1828.18437948
-1828.19891705
-1828.21432127
-1828.22866572
-1828.24048853
-1828.24913659
-1828.25486845
-1828.25866851
-1828.26184069
-1828.26549234
-1828.27007802
-1828.27515184
-1828.27942715
-1828.28114458
-1828.27864951
-1828.27100520
-1828.25842749
-1828.24240432
-1828.22542510
-1828.21038553
-1828.19983890
-1828.19530253
-1828.19684427
-1828.20308388
-1828.21163443
-1828.21985465
-1828.22567467
-1828.22821294
-1828.22798891
-1828.22666087
-1828.22637473
-1828.22894828
-1828.23515944
-1828.24437792
-1828.25467248
-1828.26337278
-1828.26788690
-1828.26652631
-1828.25905066
-1828.24677640
-1828.23220583
-1828.21829858
-1828.20760584
-1828.20153227
-1828.19998174
-1828.20148301
-1828.20375953
-1828.20453708
-1828.20233052
-1828.19695877
-1828.18962726
-1828.18256239
-1828.17830487
-1828.17888566
-1828.18513795
-1828.19636426
-1828.21046626
-1828.22450085
-1828.23548743
-1828.24122638
-1828.24089290
-1828.23525969
-1828.22647976
-1828.21747754
-1828.21110496
-1828.20931420
-1828.21259937
-1828.21987911
-1828.22886471
-1828.23680135
-1828.24136525
-1828.24143585
-1828.23749221
-1828.23148033
-1828.22618431
-1828.22428395
-1828.22741664
-1828.23555761
-1828.24694211
-1828.25857119
-1828.26713735
-1828.27006640
-1828.26633409
-1828.25680251
-1828.24397351
-1828.23124351
-1828.22187454
-1828.21800997
-1828.22002613
-1828.22644539
-1828.23442825
-1828.24068557
-1828.24253971
-1828.23880803
-1828.23024594
-1828.21939199
-1828.20983003
-1828.20507601
-1828.20745690
-1828.21733317
-1828.23291750
-1828.25074225
-1828.26663718
-1828.27692770
-1828.27949032
-1828.27435150
-1828.26365140
-1828.25097416
-1828.24025428
-1828.23457460
-1828.23523311
-1828.24135676
-1828.25017573
-1828.25790307
-1828.26096364
-1828.25721597
-1828.24677420
-1828.23211692
-1828.21742356
-1828.20732343
-1828.20545245
-1828.21327587
-1828.22955510
-1828.25064360
-1828.27152505
-1828.28728509
-1828.29455157
-1828.29246877
-1828.28289731
-1828.26978061
-1828.25786331
-1828.25115276
-1828.25160660
-1828.25846947
-1828.26849804
-1828.27700931
-1828.27943489
-1828.27288774
-1828.25723323
-1828.23530845
-1828.21220983
-1828.19385717
-1828.18525322
-1828.18898045
-1828.20438835
-1828.22775835
-1828.25341195
-1828.27542966
-1828.28942827
-1828.29383793
-1828.29027654
-1828.28291130
-1828.27701188
-1828.27714342
-1828.28556421
-1828.30133300
-1828.32041353
-1828.33678984
-1828.34425734
-1828.33838176
-1828.31800437
-1828.28579764
-1828.24762527
-1828.21088645
-1828.18242595
-1828.16670852
-1828.16476799
-1828.17413010
-1828.18968855
-1828.20531170
-1828.21574631
-1828.21825716
-1828.21348896
-1828.20526295
-1828.19935026
-1828.20157967
-1828.21587407
-1828.24281712
-1828.27922888
-1828.31889676
-1828.35427169
-1828.37859155
-1828.38777151
-1828.38145233
-1828.36292308
-1828.33801738
-1828.31335713
-1828.29443189
-1828.28404305
-1828.28156721
-1828.28329457
-1828.28376558
-1828.27767694
-1828.26175504
-1828.23600302
-1828.20391973
-1828.17162539
-1828.14614757
-1828.13338207
-1828.13634590
-1828.15423818
-1828.18260819
-1828.21458929
-1828.24281190
-1828.26145234
-1828.26779496
-1828.26286974
-1828.25097314
-1828.23823567
-1828.23065480
-1828.23219043
-1828.24350802
-1828.26174669
-1828.28139525
-1828.29601809
-1828.30030922
-1828.29184051
-1828.27196396
-1828.24555916
-1828.21969369
-1828.20158182
-1828.19645919
-1828.20601795
-1828.22788052
-1828.25627580
-1828.28371224
-1828.30315404
-1828.31006265
-1828.30371430
-1828.28736124
-1828.26717875
-1828.25028034
-1828.24241989
-1828.24610364
-1828.25970030
-1828.27786830
-1828.29318186
-1828.29847292
-1828.28914257
-1828.26472381
-1828.22920270
-1828.18999922
-1828.15590606
-1828.13459928
-1828.13046001
-1828.14334981
-1828.16872833
-1828.19910237
-1828.22636832
-1828.24429024
-1828.25032443
-1828.24622866
-1828.23730908
-1828.23055914
-1828.23227667
-1828.24590146
-1828.27076536
-1828.30215001
-1828.33264416
-1828.35435902
-1828.36132405
-1828.35131123
-1828.32655337
-1828.29314053
-1828.25927863
-1828.23293359
-1828.21954325
-1828.22050081
-1828.23286165
-1828.25036744
-1828.26546714
-1828.27171917
-1828.26583176
-1828.24871404
-1828.22522519
-1828.20269004
-1828.18864146
-1828.18847803
-1828.20374334
-1828.23155820
-1828.26537900
-1828.29686989
-1828.31833590
-1828.32497908
-1828.31629975
-1828.29621285
-1828.27180898
-1828.25112466
-1828.24057930
-1828.24294292
-1828.25655749
-1828.27605841
-1828.29426214
-1828.30453596
-1828.30290488
-1828.28928704
-1828.26751864
-1828.24416610
-1828.22649871
-1828.22023204
-1828.22774129
-1828.24728132
-1828.27347971
-1828.29894391
-1828.31649804
-1828.32134593
-1828.31248791
-1828.29295265
-1828.26879871
-1828.24720596
-1828.23427439
-1828.23317436
-1828.24322291
-1828.26014726
-1828.27746139
-1828.28853294
-1828.28870984
-1828.27683777
-1828.25570385
-1828.23124911
-1828.21078338
-1828.20073318
-1828.20461934
-1828.22192444
-1828.24822935
-1828.27658122
-1828.29962459
-1828.31182465
-1828.31109983
-1828.29939059
-1828.28199504
-1828.26588573
-1828.25751225
-1828.26075800
-1828.27566955
-1828.29835674
-1828.32210392
-1828.33935927
-1828.34400329
-1828.33320415
-1828.30829678
-1828.27442340
-1828.23904463
-1828.20977744
-1828.19223578
-1828.18852078
-1828.19681068
-1828.21213586
-1828.22807132
-1828.23881360
-1828.24101128
-1828.23480167
-1828.22374180
-1828.21366168
-1828.21078501
-1828.21970057
-1828.24180543
-1828.27470873
-1828.31277091
-1828.34861936
-1828.37517171
-1828.38757315
-1828.38447816
-1828.36831035
-1828.34446117
-1828.31966656
-1828.30007102
-1828.28952121
-1828.28857998
-1828.29452855
-1828.30234183
-1828.30634657
-1828.30206459
-1828.28768096
-1828.26470035
-1828.23759312
-1828.21253030
-1828.19560493
-1828.19105004
-1828.19999507
-1828.22013382
-1828.24639086
-1828.27239900
-1828.29232584
-1828.30249545
-1828.30232314
-1828.29428855
-1828.28297715
-1828.27351387
-1828.26990584
-1828.27381572
-1828.28412996
-1828.29742377
-1828.30913983
-1828.31508961
-1828.31280756
-1828.30234672
-1828.28628446
-1828.26896208
-1828.25519645
-1828.24887687
-1828.25186428
-1828.26350420
-1828.28086449
-1828.29960080
-1828.31517708
-1828.32408647
-1828.32472576
-1828.31769439
-1828.30546070
-1828.29151326
-1828.27927842
-1828.27112585
-1828.26775269
-1828.26810825
-1828.26986976
-1828.27031154
-1828.26727328
-1828.25994361
-1828.24920314
-1828.23742651
-1828.22780456
-1828.22339904
-1828.22620306
-1828.23650351
-1828.25272757
-1828.27183539
-1828.29014246
-1828.30433092
-1828.31233811
-1828.31385377
-1828.31027209
-1828.30413120
-1828.29822800
-1828.29469740
-1828.29435796
-1828.29651493
-1828.29927544
-1828.30024283
-1828.29736123
-1828.28963989
-1828.27754993
-1828.26297924
-1828.24876836
-1828.23796067
-1828.23298809
-1828.23502599
-1828.24370703
-1828.25726062
-1828.27302289
-1828.28813796
-1828.30025306
-1828.30800733
-1828.31121714
-1828.31073184
-1828.30803647
-1828.30472829
-1828.30202171
-1828.30040549
-1828.29952899
-1828.29833164
-1828.29537930
-1828.28932329
-1828.27935425
-1828.26552959
-1828.24888308
-1828.23127640
-1828.21502356
-1828.20239133
-1828.19509977
-1828.19396127
-1828.19873911
-1828.20826073
-1828.22074779
-1828.23426375
-1828.24716030
-1828.25839811
-1828.26766396
-1828.27526588
-1828.28185837
-1828.28810126
-1828.29434659
-1828.30045424
-1828.30576457
-1828.30924051
-1828.30972337
-1828.30622921
-1828.29820951
-1828.28572394
-1828.26950509
-1828.25090564
-1828.23173962
-1828.21402529
-1828.19964904
-1828.19001159
-1828.18574721
-1828.18662860
-1828.19171726
-1828.19969311
-1828.20923887
-1828.21934340
-1828.22945305
-1828.23945423
-1828.24950308
-1828.25977586
-1828.27021542
-1828.28036576
-1828.28935967
-1828.29606735
-1828.29937151
-1828.29847914
-1828.29318697
-1828.28401494
-1828.27216165
-1828.25928557
-1828.24716410
-1828.23731902
-1828.23071395
-1828.22761114
-1828.22761554
-1828.22991040
-1828.23359515
-1828.23802293
-1828.24301529
-1828.24887806
-1828.25620166
-1828.26552710
-1828.27699441
-1828.29010153
-1828.30366212
-1828.31598016
-1828.32519446
-1828.32970317
-1828.32854631
-1828.32165238
-1828.30987530
-1828.29482023
-1828.27848795
-1828.26283386
-1828.24934355
-1828.23874528
-1828.23093872
-1828.22516687
-1828.22039058
-1828.21574602
-1828.21096084
-1828.20656095
-1828.20380770
-1828.20433591
-1828.20960634
-1828.22031514
-1828.23597536
-1828.25481164
-1828.27405053
-1828.29054711
-1828.30157169
-1828.30551814
-1828.30232116
-1828.29344275
-1828.28144888
-1828.26929917
-1828.25955902
-1828.25375032
-1828.25200972
-1828.25315589
-1828.25514092
-1828.25576832
-1828.25345177
-1828.24777861
-1828.23969745
-1828.23126061
-1828.22500193
-1828.22313933
-1828.22685113
-1828.23584413
-1828.24835315
-1828.26157798
-1828.27242420
-1828.27834749
-1828.27804468
-1828.27181083
-1828.26144228
-1828.24971747
-1828.23959995
-1828.23338742
-1828.23205031
-1828.23494977
-1828.24002758
-1828.24442593
-1828.24538355
-1828.24113551
-1828.23154440
-1828.21825637
-1828.20431654
-1828.19334485
-1828.18850035
-1828.19154338
-1828.20227746
-1828.21855705
-1828.23686783
-1828.25331811
-1828.26473429
-1828.26953102
-1828.26808646
-1828.26252644
-1828.25598030
-1828.25155091
-1828.25131201
-1828.25563386
-1828.26305612
-1828.27075372
-1828.27545353
-1828.27451986
-1828.26686856
-1828.25341889
-1828.23694248
-1828.22134426
-1828.21058950
-1828.20759313
-1828.21339715
-1828.22688163
-1828.24507367
-1828.26396706
-1828.27960547
-1828.28913187
-1828.29151379
-1828.28774879
-1828.28048514
-1828.27315506
-1828.26884798
-1828.26926836
-1828.27410779
-1828.28104472
-1828.28640260
-1828.28628190
-1828.27782975
-1828.26025196
-1828.23525443
-1828.20674801
-1828.17988433
-1828.15970097
-1828.14976970
-1828.15126273
-1828.16271488
-1828.18055061
-1828.20020840
-1828.21752366
-1828.22994901
-1828.23724772
-1828.24144957
-1828.24608508
-1828.25492877
-1828.27063272
-1828.29369488
-1828.32208247
-1828.35165426
-1828.37723953
-1828.39405460
-1828.39902897
-1828.39165561
-1828.37411135
-1828.35062522
-1828.32628201
-1828.30560965
-1828.29136741
-1828.28388348
-1828.28113566
-1828.27953591
-1828.27518796
-1828.26522329
-1828.24882699
-1828.22762163
-1828.20529299
-1828.18655561
-1828.17576012
-1828.17555914
-1828.18604641
-1828.20464834
-1828.22681390
-1828.24732455
-1828.26182322
-1828.26810415
-1828.26676173
-1828.26098288
-1828.25552047
-1828.25515132
-1828.26309167
-1828.27987245
-1828.30305095
-1828.32786403
-1828.34863066
-1828.36046234
-1828.36074928
-1828.34996232
-1828.33152217
-1828.31078387
-1828.29342780
-1828.28374511
-1828.28334429
-1828.29069074
-1828.30163485
-1828.31076257
-1828.31312908
-1828.30581810
-1828.28886522
-1828.26526763
-1828.24011709
-1828.21911703
-1828.20694218
-1828.20591874
-1828.21539756
-1828.23199424
-1828.25060807
-1828.26592011
-1828.27392949
-1828.27309212
-1828.26471988
-1828.25253369
-1828.24147752
-1828.23614593
-1828.23929155
-1828.25087009
-1828.26793617
-1828.28543929
-1828.28543929
-1828.29770954
-1828.30017258
-1828.29078656
-1828.27075380
-1828.24427384
-1828.21740920
-1828.19638516
-1828.18585088
-1828.18761053
-1828.20020337
-1828.21943802
-1828.23970392
-1828.25567041
-1828.26385076
-1828.26358070
-1828.25709874
-1828.24872122
-1828.24336643
-1828.24489392
-1828.24489392
-1828.25479648
-1828.27164534
-1828.29145101
-1828.30880747
-1828.31846514
-1828.31685766
-1828.30312573
-1828.27936788
-1828.25006100
-1828.25006100
-1828.22086082
-1828.19713790
-1828.18264363
-1828.17865613
-1828.18380947
-1828.19464079
-1828.20670247
-1828.21591900
-1828.21980223
-1828.21817873
-1828.21320418
-1828.20866636
-1828.20876062
-1828.21670521
-1828.23360677
-1828.25792849
-1828.28573344
-1828.31165476
-1828.33032477
-1828.33784949
-1828.33290672
-1828.31712728
-1828.29464268
-1828.27092835
-1828.25127017
-1828.23930648
-1828.23607040
-1828.23981712
-1828.24668157
-1828.25196302
-1828.25166269
-1828.24379377
-1828.22906853
-1828.21073967
-1828.19364992
-1828.18277907
-1828.18173397
-1828.19164755
-1828.21079797
-1828.23506175
-1828.25905758
-1828.27764971
-1828.28737895
-1828.28741451
-1828.27975314
-1828.26860849
-1828.25916275
-1828.25603466
-1828.26189574
-1828.27663980
-1828.29734022
-1828.31902279
-1828.33604894
-1828.34371308
-1828.33960113
-1828.32429917
-1828.30124274
-1828.27574585
-1828.25349030
-1828.23892573
-1828.23404305
-1828.23788031
-1828.24689815
-1828.25610796
-1828.26062512
-1828.25719074
-1828.24521817
-1828.22705637
-1828.20738013
-1828.19187815
-1828.18560939
-1828.19150655
-1828.20947507
-1828.23635642
-1828.26678051
-1828.29464435
-1828.31478211
-1828.32431357
-1828.32329000
-1828.31447152
-1828.30233315
-1828.30233315
-1828.29161619
-1828.28587107
-1828.28641535
-1828.29200360
-1828.29929060
-1828.30393828
-1828.30200687
-1828.29123923
-1828.27184308
-1828.24655992
-1828.21999888
-1828.19743479
-1828.18340663
-1828.18340663
-1828.18052160
-1828.18879710
-1828.20572388
-1828.22701997
-1828.24785068
-1828.26414124
-1828.27361860
-1828.27627250
-1828.27414718
-1828.27053994
-1828.26886729
-1828.27154545
-1828.27921035
-1828.29050240
-1828.30247457
-1828.31149362
-1828.31436565
-1828.30935098
-1828.29675826
-1828.27893488
-1828.25965887
-1828.24310292
-1828.23268303
-1828.23013004
-1828.23507174
-1828.24522524
-1828.25714537
-1828.26728308
-1828.27303576
-1828.27347566
-1828.26955568
-1828.26372658
-1828.25909946
-1828.25839989
-1828.26303657
-1828.27258516
-1828.28484732
-1828.29647907
-1828.30398517
-1828.30475266
-1828.29782793
-1828.28421639
-1828.26663212
-1828.24878926
-1828.23441811
-1828.22627885
-1828.22544169
-1828.22544169
-1828.23103979
-1828.24057085
-1828.25065738
-1828.25804855
-1828.26057302
-1828.25775646
-1828.25093587
-1828.24282720
-1828.23668994
-1828.23532677
-1828.24021078
-1828.25099648
-1828.26556646
-1828.28060881
-1828.29256431
-1828.29256431
-1828.29867070
-1828.29867070
-1828.29778947
-1828.29076593
-1828.28020119
-1828.26969220
-1828.26276511
-1828.26181274
-1828.26735721
-1828.27786438
-1828.29016618
-1828.30037269
-1828.30500057
-1828.30199460
-1828.29131993
-1828.27497143
-1828.25638276
-1828.23943390
-1828.22735660
-1828.22187083
-1828.22279694
-1828.22824106
-1828.23528681
-1828.24095904
-1828.24317924
-1828.24141504
-1828.23684731
-1828.23199391
-1828.22990034
-1828.23314532
-1828.24296358
-1828.25876219
-1828.27819069
-1828.29774444
-1828.31371485
-1828.32320032
-1828.32487290
-1828.31929704
-1828.30871384
-1828.29637186
-1828.28559323
-1828.27883673
-1828.27703785
-1828.27940555
-1828.28375796
-1828.28728790
-1828.28753033
-1828.28322532
-1828.27479392
-1828.26427197
-1828.25471897
-1828.24927453
-1828.24927453
-1828.25013963
-1828.25778970
-1828.27067749
-1828.28554940
-1828.29831945
-1828.30523769
-1828.30399948
-1828.29443992
-1828.27858705
-1828.26006672
-1828.24302956
-1828.23093725
-1828.22558184
-1828.22663883
-1828.23188258
-1828.23800532
-1828.24176651
-1828.24111770
-1828.23594188
-1828.22815561
-1828.22113836
-1828.21865987
-1828.22364200
-1828.23713963
-1828.25785910
-1828.28236536
-1828.30592972
-1828.32377175
-1828.33234529
-1828.33029905
-1828.31883787
-1828.30136953
-1828.28253604
-1828.26689787
-1828.25765909
-1828.25580819
-1828.25993077
-1828.26675276
-1828.27225576
-1828.27301807
-1828.26738112
-1828.25607683
-1828.24211804
-1828.22996172
-1828.22417685
-1828.22799920
-1828.24221737
-1828.26474896
-1828.29107276
-1828.31541636
-1828.33235093
-1828.33832639
-1828.33267516
-1828.31778413
-1828.29838147
-1828.28014561
-1828.26805356
-1828.26495882
-1828.27082425
-1828.28283834
-1828.29637037
-1828.30646853
-1828.30944000
-1828.30402208
-1828.29179400
-1828.27669566
