-1828.34655406
-1828.36345450
-1828.37694005
-1828.38495777
-1828.38643832
-1828.38154187
-1828.37158041
-1828.35862799
-1828.34494244
-1828.33236549
-1828.32188896
-1828.31352554
-1828.30649301
-1828.29965438
-1828.29205137
-1828.28335574
-1828.27409710
-1828.26559668
-1828.25962110
-1828.25786633
-1828.26142041
-1828.27036314
-1828.28362451
-1828.29914402
-1828.31430347
-1828.32652269
-1828.33387223
-1828.33553504
-1828.33197974
-1828.32477562
-1828.31609596
-1828.30805529
-1828.30208405
-1828.29853497
-1828.29664383
-1828.29486256
-1828.29147391
-1828.28529476
-1828.27622886
-1828.26547057
-1828.25525793
-1828.24825740
-1828.24676619
-1828.25198564
-1828.26359908
-1828.27978885
-1828.29769555
-1828.31418472
-1828.32668207
-1828.33382814
-1828.33575084
-1828.33388952
-1828.33042872
-1828.32754220
-1828.32669002
-1828.32820229
-1828.33127017
-1828.33432270
-1828.33564904
-1828.33403754
-1828.32922185
-1828.32199288
-1828.31397048
-1828.30714579
-1828.30333290
-1828.30367026
-1828.30829602
-1828.31627978
-1828.32585876
-1828.33491484
-1828.34157080
-1828.34471528
-1828.34429119
-1828.34125559
-1828.33720929
-1828.33383437
-1828.33230671
-1828.33288241
-1828.33478805
-1828.33645319
-1828.33601822
-1828.33195251
-1828.32359682
-1828.31144960
-1828.29711047
-1828.28289771
-1828.27124918
-1828.26409243
-1828.26409243
-1828.26409243
-1828.26235641
-1828.26575779
-1828.27291975
-1828.28179008
-1828.29026129
-1828.29681067
-1828.30094983
-1828.30331709
-1828.30536206
-1828.30873090
-1828.31456022
-1828.32293341
-1828.33269137
-1828.34168636
-1828.34740706
-1828.34777512
-1828.34185765
-1828.33025890
-1828.31505141
-1828.29925356
-1828.28599856
-1828.27765349
-1828.27516161
-1828.27781545
-1828.28354356
-1828.28961553
-1828.29354559
-1828.29389529
-1828.29071966
-1828.28551869
-1828.28071322
-1828.27881437
-1828.27881437
-1828.28154000
-1828.28916014
-1828.30027735
-1828.31212562
-1828.32132542
-1828.32487352
-1828.32108562
-1828.31019599
-1828.29442501
-1828.27746271
-1828.26349419
-1828.25604292
-1828.25696698
-1828.26592130
-1828.28045956
-1828.29677533
-1828.31085849
-1828.31974416
-1828.32243996
-1828.32025790
-1828.31640655
-1828.31496953
-1828.31955925
-1828.33207211
-1828.35192979
-1828.37606877
-1828.39970615
-1828.41766543
-1828.42586761
-1828.42253028
-1828.40870807
-1828.38798585
-1828.36541650
-1828.34601578
-1828.33328561
-1828.32822512
-1828.32914884
-1828.33234653
-1828.33337312
-1828.32855714
-1828.31626346
-1828.29752968
-1828.27587044
-1828.25631170
-1828.24392878
-1828.24232286
-1828.25249610
-1828.27247128
-1828.29777815
-1828.32267398
-1828.34173947
-1828.35137611
-1828.35075967
-1828.34196724
-1828.32924630
-1828.31765846
-1828.31150329
-1828.31300393
-1828.32164411
-1828.33435413
-1828.34648691
-1828.35328285
-1828.35138721
-1828.33994475
-1828.33994475
-1828.32094231
-1828.29868239
-1828.27854737
-1828.26541650
-1828.26222819
-1828.26911622
-1828.28339181
-1828.30037218
-1828.31480115
-1828.32242671
-1828.32125178
-1828.31208783
-1828.29824571
-1828.28447120
-1828.27544825
-1828.34655406
-1828.36345450
-1828.37694005
-1828.38495777
-1828.38643832
-1828.38154187
-1828.37158041
-1828.35862799
-1828.34494244
-1828.33236549
-1828.32188896
-1828.31352554
-1828.30649301
-1828.29965438
-1828.29205137
-1828.28335574
-1828.27409710
-1828.26559668
-1828.25962110
-1828.25786633
-1828.26142041
-1828.27036314
-1828.28362451
-1828.29914402
-1828.31430347
-1828.32652269
-1828.33387223
-1828.33553504
-1828.33197974
-1828.32477562
-1828.31609596
-1828.30805529
-1828.30208405
-1828.29853497
-1828.29664383
-1828.29486256
-1828.29147391
-1828.28529476
-1828.27622886
-1828.26547057
-1828.25525793
-1828.24825740
-1828.24676619
-1828.25198564
-1828.26359908
-1828.27978885
-1828.29769555
-1828.31418472
-1828.32668207
-1828.33382814
-1828.33575084
-1828.33388952
-1828.33042872
-1828.32754220
-1828.32669002
-1828.32820229
-1828.33127017
-1828.33432270
-1828.33564904
-1828.33403754
-1828.32922185
-1828.32199288
-1828.31397048
-1828.30714579
-1828.30333290
-1828.30367026
-1828.30829602
-1828.31627978
-1828.32585876
-1828.33491484
-1828.34157080
-1828.34471528
-1828.34429119
-1828.34125559
-1828.33720929
-1828.33383437
-1828.33230671
-1828.33288241
-1828.33478805
-1828.33645319
-1828.33601822
-1828.33195251
-1828.32359682
-1828.31144960
-1828.29711047
-1828.28289771
-1828.27124918
-1828.26409243
-1828.26235641
-1828.26575779
-1828.27291975
-1828.28179008
-1828.29026129
-1828.29681067
-1828.30094983
-1828.30331709
-1828.30536206
-1828.30873090
-1828.31456022
-1828.32293341
-1828.33269137
-1828.34168636
-1828.34740706
-1828.34777512
-1828.34185765
-1828.33025890
-1828.31505141
-1828.29925356
-1828.28599856
-1828.27765349
-1828.27516161
-1828.27781545
-1828.28354356
-1828.28961553
-1828.29354559
-1828.29389529
-1828.29071966
-1828.28551869
-1828.28071322
-1828.27881437
-1828.27881437
-1828.28154000
-1828.28916014
-1828.30027735
-1828.31212562
-1828.32132542
-1828.32487352
-1828.32108562
-1828.31019599
-1828.29442501
-1828.27746271
-1828.26349419
-1828.25604292
-1828.25696698
-1828.26592130
-1828.28045956
-1828.29677533
-1828.31085849
-1828.31974416
-1828.32243996
-1828.32025790
-1828.31640655
-1828.31496953
-1828.31955925
-1828.33207211
-1828.35192979
-1828.37606877
-1828.37606877
-1828.39970614
-1828.41766543
-1828.42586760
-1828.42253028
-1828.40870807
-1828.38798585
-1828.36541650
-1828.34601578
-1828.33328561
-1828.32822512
-1828.32914884
-1828.33234653
-1828.33234653
-1828.33234653
-1828.33337312
-1828.32855714
-1828.31626346
-1828.29752968
-1828.27587044
-1828.25631170
-1828.24392878
-1828.24232286
-1828.25249610
-1828.27247128
-1828.29777815
-1828.32267398
-1828.34173947
-1828.35137611
-1828.35075967
-1828.34196724
-1828.32924630
-1828.31765846
-1828.31150329
-1828.31300393
-1828.32164411
-1828.33435413
-1828.34648691
-1828.35328285
-1828.35138721
-1828.33994475
-1828.32094231
-1828.29868238
-1828.27854737
-1828.26541650
-1828.26222819
-1828.26911622
-1828.28339181
-1828.30037219
-1828.31480115
-1828.32242670
-1828.32125178
-1828.31208782
-1828.29824571
-1828.28447120
-1828.27544825
-1828.27433612
-1828.28179429
-1828.29578218
-1828.31219701
-1828.32614504
-1828.33344658
-1828.33191922
-1828.32206144
-1828.30692498
-1828.29122376
-1828.27993900
-1828.27683817
-1828.28335717
-1828.29817308
-1828.31759964
-1828.33667531
-1828.35061598
-1828.35618907
-1828.35259975
-1828.34164593
-1828.32709338
-1828.31349288
-1828.30479469
-1828.30318290
-1828.30846314
-1828.31819217
-1828.32848061
-1828.33524225
-1828.33549160
-1828.32830513
-1828.31515459
-1828.29950326
-1828.28579624
-1828.27814963
-1828.27913450
-1828.28902106
-1828.30569216
-1828.32525290
-1828.32525290
-1828.34315747
-1828.35552540
-1828.36024749
-1828.35753751
-1828.34976830
-1828.34064907
-1828.33401011
-1828.33257917
-1828.33713350
-1828.34627526
-1828.35688660
-1828.36510500
-1828.36751119
-1828.36216959
-1828.34921843
-1828.33084539
-1828.31065472
-1828.29263472
-1828.28002917
-1828.27446197
-1828.27556009
-1828.28118272
-1828.28816019
-1828.29331261
-1828.29443565
-1828.29095603
-1828.28407011
-1828.27632959
-1828.27080304
-1828.27008322
-1828.27544689
-1828.28641775
-1828.30087739
-1828.31566092
-1828.32747172
-1828.33381374
-1828.33368277
-1828.32781705
-1828.31843922
-1828.30858372
-1828.30119257
-1828.29825790
-1828.30026558
-1828.30609758
-1828.31343526
-1828.31952744
-1828.32209055
-1828.32005043
-1828.31390624
-1828.30560321
-1828.29795146
-1828.29377814
-1828.29506368
-1828.30233938
-1828.31452446
-1828.32923755
-1828.34348027
-1828.35447301
-1828.36039545
-1828.36081714
-1828.35669374
-1828.34994638
-1828.34277789
-1828.33694363
-1828.33321528
-1828.33120159
-1828.32956165
-1828.32654334
-1828.32065765
-1828.31128217
-1828.29898764
-1828.28550240
-1828.27329952
-1828.26495241
-1828.26244259
-1828.26662659
-1828.27701976
-1828.29195183
-1828.30903843
-1828.32581190
-1828.34031400
-1828.35148395
-1828.35923839
-1828.36425843
-1828.36756677
-1828.37004978
-1828.37207015
-1828.37328681
-1828.37275703
-1828.36928125
-1828.36189223
-1828.35030443
-1828.33517659
-1828.31807476
-1828.30114215
-1828.28657469
-1828.27606528
-1828.27038785
-1828.26926029
-1828.27151881
-1828.27553344
-1828.27973179
-1828.28306883
-1828.28529626
-1828.28696946
-1828.28916989
-1828.29304159
-1828.29928542
-1828.30780239
-1828.31763043
-1828.32718821
-1828.33472691
-1828.33883043
-1828.33880766
-1828.33486788
-1828.32803704
-1828.31984452
-1828.31188467
-1828.30539331
-1828.30096751
-1828.29850633
-1828.29737176
-1828.29669636
-1828.29573311
-1828.29411777
-1828.29196151
-1828.28976282
-1828.28817597
-1828.28774240
-1828.28867077
-1828.29074236
-1828.29336440
-1828.29575598
-1828.29720585
-1828.29732278
-1828.29619201
-1828.29437196
-1828.29273429
-1828.29219365
-1828.29341910
-1828.29662463
-1828.30150971
-1828.30735991
-1828.31326799
-1828.31839953
-1828.32220420
-1828.32450878
-1828.32547767
-1828.32545375
-1828.32476644
-1828.32356858
-1828.32177826
-1828.31913860
-1828.31538517
-1828.31044270
-1828.30458706
-1828.29848405
-1828.29308572
-1828.28938241
-1828.28809094
-1828.28938191
-1828.29275148
-1828.29710158
-1828.30103042
-1828.30323511
-1828.30291807
-1828.30005162
-1828.29543013
-1828.29045866
-1828.28673313
-1828.28549973
-1828.28716190
-1828.29103151
-1828.29549098
-1828.29855257
-1828.29857919
-1828.29488225
-1828.28799055
-1828.27953065
-1828.27176521
-1828.26693519
-1828.26658364
-1828.27106899
-1828.27940739
-1828.28951421
-1828.29878693
-1828.30486980
-1828.30636953
-1828.30329404
-1828.29706573
-1828.29008376
-1828.28497484
-1828.28375163
-1828.28714710
-1828.29433694
-1828.29433694
-1828.30314058
-1828.31064692
-1828.31409252
-1828.31172497
-1828.30340537
-1828.29075524
-1828.27679249
-1828.26513488
-1828.25899074
-1828.26023303
-1828.26883104
-1828.28283799
-1828.29892960
-1828.31336572
-1828.32307035
-1828.32651410
-1828.32411246
-1828.31801918
-1828.31137355
-1828.30724237
-1828.30759411
-1828.31262973
-1828.32068146
-1828.32871071
-1828.33326102
-1828.33157259
-1828.32253004
-1828.30714250
-1828.28839716
-1828.27050623
-1828.25775513
-1828.25329360
-1828.25823071
-1828.27131593
-1828.28930730
-1828.30791479
-1828.30791479
-1828.32304029
-1828.33194490
-1828.33398389
-1828.33069452
-1828.32520868
-1828.32117770
-1828.32155755
-1828.32155755
-1828.32763310
-1828.33859043
-1828.35176309
-1828.36345739
-1828.37009867
-1828.36933341
-1828.36076504
-1828.34610367
-1828.32868325
-1828.31250744
-1828.30109275
-1828.29646906
-1828.29864684
-1828.30570573
-1828.31447868
-1828.32159539
-1828.32455602
-1828.32248909
-1828.31636680
-1828.30861534
-1828.30226180
-1828.29989668
-1828.30279279
-1828.31044850
-1828.31044850
-1828.32069963
-1828.33036248
-1828.33619550
-1828.33589755
-1828.32884025
-1828.31630891
-1828.30118085
-1828.28712554
-1828.27754850
-1828.27459752
-1828.27852677
-1828.28762760
-1828.29875653
-1828.30831404
-1828.31336219
-1828.31254435
-1828.30649871
-1828.29764418
-1828.28938126
-1828.28497135
-1828.28645136
-1828.29393911
-1828.30556823
-1828.31808044
-1828.32789024
-1828.33225907
-1828.33019665
-1828.32279929
-1828.31291087
-1828.30421346
-1828.30002228
-1828.30216514
-1828.31031079
-1828.32197189
-1828.33320922
-1828.33982028
-1828.33864689
-1828.32860298
-1828.31107092
-1828.28955149
-1828.26864555
-1828.25270224
-1828.24456707
-1828.24481679
-1828.25171497
-1828.26186868
-1828.27135912
-1828.27698771
-1828.27726862
-1828.27287558
-1828.26642754
-1828.26165900
-1828.26222367
-1828.27048025
-1828.28665149
-1828.30863789
-1828.33253354
-1828.35370760
-1828.36811216
-1828.37342096
-1828.36966049
-1828.35913163
-1828.34564745
-1828.33333372
-1828.32537477
-1828.32310186
-1828.32570397
-1828.33063935
-1828.33459189
-1828.33466046
-1828.32939428
-1828.31936034
-1828.30704926
-1828.29614932
-1828.29040350
-1828.29240048
-1828.30268666
-1828.31947955
-1828.33909959
-1828.35699171
-1828.36903575
-1828.37272328
-1828.36784073
-1828.35643860
-1828.34211684
-1828.32887740
-1828.31990893
-1828.31668341
-1828.31860190
-1828.32327960
-1828.32737477
-1828.32770024
-1828.32227596
-1828.31101325
-1828.29581867
-1828.28009541
-1828.28009541
-1828.26778383
-1828.26222176
-1828.26515713
-1828.27621105
-1828.29294934
-1828.31155916
-1828.32792571
-1828.33879607
-1828.34267609
-1828.34020030
-1828.33386518
-1828.32721841
-1828.32374071
-1828.32577168
-1828.33379348
-1828.34628625
-1828.36018892
-1828.37182472
-1828.37801168
-1828.37703961
-1828.36921799
-1828.35681683
-1828.34341401
-1828.33282859
-1828.32796339
-1828.32992623
-1828.33770291
-1828.34849416
-1828.35860212
-1828.36458544
-1828.36430985
-1828.35756764
-1828.34607623
-1828.33288033
-1828.32137100
-1828.31423017
-1828.31263805
-1828.31596544
-1828.32202769
-1828.32202769
-1828.32781023
-1828.33042851
-1828.32804171
-1828.32043379
-1828.30909743
-1828.29678493
-1828.28667586
-1828.28140828
-1828.28228535
-1828.28889509
-1828.29926188
-1828.31047172
-1828.31956438
-1828.32440965
-1828.32430587
-1828.32013078
-1828.31402060
-1828.30869199
-1828.30660554
-1828.30921250
-1828.31648070
-1828.32685350
-1828.33766413
-1828.34592453
-1828.34925652
-1828.34666031
-1828.33885577
-1828.32806932
-1828.31732600
-1828.30947756
-1828.30628063
-1828.30783962
-1828.31259209
-1828.31786034
-1828.32077381
-1828.31926834
-1828.31282232
-1828.30268068
-1828.29148864
-1828.28245309
-1828.27830081
-1828.28038330
-1828.28821681
-1828.29961554
-1828.31136885
-1828.32023696
-1828.32394751
-1828.32187159
-1828.31517282
-1828.30639038
-1828.29859771
-1828.29441978
-1828.29521903
-1828.30071464
-1828.30914536
-1828.31792426
-1828.32454476
-1828.32743460
-1828.32647339
-1828.32301163
-1828.31939932
-1828.31819812
-1828.32132706
-1828.32941327
-1828.34154565
-1828.35549518
-1828.36835086
-1828.37736665
-1828.38077715
-1828.37833005
-1828.37136809
-1828.36242390
-1828.35442111
-1828.34973416
-1828.34939812
-1828.35274945
-1828.35762996
-1828.36111046
-1828.36048791
-1828.35422829
-1828.34254988
-1828.32744239
-1828.31212717
-1828.30010142
-1828.29407035
-1828.29509371
-1828.30222589
-1828.31276666
-1828.32306732
-1828.32963554
-1828.33019896
-1828.32439315
-1828.31386239
-1828.30174720
-1828.29169745
-1828.28671672
-1828.28818506
-1828.29537708
-1828.30563075
-1828.31515030
-1828.32018918
-1828.31825245
-1828.30893416
-1828.29411943
-1828.27749032
-1828.26347842
-1828.25597882
-1828.25720414
-1828.26702300
-1828.28296116
-1828.30087824
-1828.31612912
-1828.32488095
-1828.32522141
-1828.31772944
-1828.30531772
-1828.29237078
-1828.28339640
-1828.28159145
-1828.28780807
-1828.30029562
-1828.31530064
-1828.32827263
-1828.33525910
-1828.33408367
-1828.32498295
-1828.31054272
-1828.29494860
-1828.28276348
-1828.27759032
-1828.28100937
-1828.29211266
-1828.30778016
-1828.32362036
-1828.33528652
-1828.33976613
-1828.33623857
-1828.32624455
-1828.31313214
-1828.30097266
-1828.29328085
-1828.29192758
-1828.29657157
-1828.30478076
-1828.31281633
-1828.31683203
-1828.31411854
-1828.30400605
-1828.28814036
-1828.27005214
-1828.25415561
-1828.24448119
-1828.24352094
-1828.25153602
-1828.26652391
-1828.28484184
-1828.30228377
-1828.31529397
-1828.32193768
-1828.32193768
-1828.32235472
-1828.32235472
-1828.31858149
-1828.31381656
-1828.31137069
-1828.31361366
-1828.32121994
-1828.33291975
-1828.34583727
-1828.35631585
-1828.36100217
-1828.35786908
-1828.34686747
-1828.33000500
-1828.31081834
-1828.29338455
-1828.28116471
-1828.27602044
-1828.27771128
-1828.28402894
-1828.29152842
-1828.29661898
-1828.29666027
-1828.29071782
-1828.27979201
-1828.26647102
-1828.25413771
-1828.24594852
-1828.24388109
-1828.24814755
-1828.25716723
-1828.26810881
-1828.27781775
-1828.28383399
-1828.28516449
-1828.28257181
-1828.27829795
-1828.27530772
-1828.27631109
-1828.28288601
-1828.29496077
-1828.31083250
-1828.32769117
-1828.34246856
-1828.35274900
-1828.35744182
-1828.35702934
-1828.35331527
-1828.34878271
-1828.34575731
-1828.34565041
-1828.34850794
-1828.35300078
-1828.35685333
-1828.35757242
-1828.35324674
-1828.35324674
-1828.35324674
-1828.27896279
-1828.21308769
-1828.16923174
-1828.15464948
-1828.16832989
-1828.20156985
-1828.24082669
-1828.24082669
-1828.27197214
-1828.28464061
-1828.28464061
-1828.27534287
-1828.24840663
-1828.21446952
-1828.18701466
-1828.17802728
-1828.19410286
-1828.23420956
-1828.28977161
-1828.34707299
-1828.39124866
-1828.41068318
-1828.40048480
-1828.36398729
-1828.31181957
-1828.25882077
-1828.21970527
-1828.20478298
-1828.21701061
-1828.25125492
-1828.29599486
-1828.33694106
-1828.36147611
-1828.36256441
-1828.34092404
-1828.30477762
-1828.26724072
-1828.24216170
-1828.23970257
-1828.26305051
-1828.30728275
-1828.36074014
-1828.40847895
-1828.43674510
-1828.43709856
-1828.40893819
-1828.35966553
-1828.30243984
-1828.25222610
-1828.22134166
-1828.21586931
-1828.23402158
-1828.26692640
-1828.30157356
-1828.32498249
-1828.32831872
-1828.30968041
-1828.27472434
-1828.23493946
-1828.20410400
-1828.19400542
-1828.21073910
-1828.25271048
-1828.31095496
-1828.37168400
-1828.42027842
-1828.44552964
-1828.44283893
-1828.41542838
-1828.41542838
-1828.37320925
-1828.32967876
-1828.29779156
-1828.28604872
-1828.29599820
-1828.32188594
-1828.35257103
-1828.37509728
-1828.37881801
-1828.35879935
-1828.31745591
-1828.26393312
-1828.21143391
-1828.17331127
-1828.15913045
-1828.17188970
-1828.20723657
-1828.25489092
-1828.30181695
-1828.33615572
-1828.35071843
-1828.34497417
-1828.32496533
-1828.30119948
-1828.28520121
-1828.28579991
-1828.30629511
-1828.34335513
-1828.38796490
-1828.42810566
-1828.45233880
-1828.45320065
-1828.42939329
-1828.38613624
-1828.33361013
-1828.28399068
-1828.24797149
-1828.23180347
-1828.23572253
-1828.25418872
-1828.27784059
-1828.29651728
-1828.30243235
-1828.29252738
-1828.26934261
-1828.24016481
-1828.21473674
-1828.20221677
-1828.20832360
-1828.23352743
-1828.27283851
-1828.31724131
-1828.35631939
-1828.38127747
-1828.38744322
-1828.37551459
-1828.35121295
-1828.32346530
-1828.30167867
-1828.29293461
-1828.29993428
-1828.32030568
-1828.34745478
-1828.37269037
-1828.38794950
-1828.38827651
-1828.37329838
-1828.34725972
-1828.31763836
-1828.31763836
-1828.29279237
-1828.27938490
-1828.28037956
-1828.29421479
-1828.31538073
-1828.33619764
-1828.34921632
-1828.34948520
-1828.33599558
-1828.31188808
-1828.28338863
-1828.25785376
-1828.24153837
-1828.23777405
-1828.24609774
-1828.26255937
-1828.28108071
-1828.29542014
-1828.30111861
-1828.29684800
-1828.28475738
-1828.26975069
-1828.25792920
-1828.25468996
-1828.26304416
-1828.28266316
-1828.30991917
-1828.33891612
-1828.36319939
-1828.37763094
-1828.37985579
-1828.37093294
-1828.35492607
-1828.33760836
-1828.32467489
-1828.32000840
-1828.32453781
-1828.33601676
-1828.34978857
-1828.36028062
-1828.36275992
-1828.35480935
-1828.33706652
-1828.31303247
-1828.28802177
-1828.26760724
-1828.25602531
-1828.25504043
-1828.26357218
-1828.27817666
-1828.29418759
-1828.30715437
-1828.31412178
-1828.31438216
-1828.30950032
-1828.30265498
-1828.29752639
-1828.29708542
-1828.30266421
-1828.31356267
-1828.32730782
-1828.34043923
-1828.34957123
-1828.35239077
-1828.34829233
-1828.33849512
-1828.32562509
-1828.31292008
-1828.30331329
-1828.29864762
-1828.29925305
-1828.30396655
-1828.31057291
-1828.31650560
-1828.31959331
-1828.31863609
-1828.31365842
-1828.30579589
-1828.29687225
-1828.28881757
-1828.28312120
-1828.28046614
-1828.28064723
-1828.28276101
-1828.28558198
-1828.28798212
-1828.28924410
-1828.28918524
-1828.28806889
-1828.28638046
-1828.28456619
-1828.28285411
-1828.28122683
-1828.27953634
-1828.27769533
-1828.27584428
-1828.27439670
-1828.27394041
-1828.27501518
-1828.27786688
-1828.28227605
-1828.28754162
-1828.29264956
-1828.29658031
-1828.29866953
-1828.29889568
-1828.29796528
-1828.29712845
-1828.29774193
-1828.30071467
-1828.30603442
-1828.31257056
-1828.31826153
-1828.32067033
-1828.31775292
-1828.30858598
-1828.29381449
-1828.27564957
-1828.25737830
-1828.24252485
-1828.23388699
-1828.23275015
-1828.23850947
-1828.24883602
-1828.26034064
-1828.26955663
-1828.27396976
-1828.27279028
-1828.26723900
-1828.26022172
-1828.25546043
-1828.25631744
-1828.26466303
-1828.28014719
-1828.30012427
-1828.32028781
-1828.33585152
-1828.34294113
-1828.33976891
-1828.32720341
-1828.30854826
-1828.28856546
-1828.27204784
-1828.26238630
-1828.26056904
-1828.26492042
-1828.27166393
-1828.27614708
-1828.27437743
-1828.26439292
-1828.24702924
-1828.22582297
-1828.20604653
-1828.19314570
-1828.19106139
-1828.20094860
-1828.22071721
-1828.24554960
-1828.26927174
-1828.28616262
-1828.29264475
-1828.28833936
-1828.27614467
-1828.26131012
-1828.24978146
-1828.24632423
-1828.25300482
-1828.26849604
-1828.28843845
-1828.30674640
-1828.31746963
-1828.31665100
-1828.30360585
-1828.28122361
-1828.25517961
-1828.23228097
-1828.21845188
-1828.21695774
-1828.22742462
-1828.24595246
-1828.26629794
-1828.28177889
-1828.28732423
-1828.28104948
-1828.26487800
-1828.24399906
-1828.22531274
-1828.21533008
-1828.21815320
-1828.23416203
-1828.25980978
-1828.28861187
-1828.31306174
-1828.32688919
-1828.32699921
-1828.31448256
-1828.29435903
-1828.27411720
-1828.26145837
-1828.26192719
-1828.27714606
-1828.30420167
-1828.33639620
-1828.36515148
-1828.38251138
-1828.38348597
-1828.36753104
-1828.33870738
-1828.30447646
-1828.27348040
-1828.25298438
-1828.24675246
-1828.25401310
-1828.26983746
-1828.28678782
-1828.29731490
-1828.29615943
-1828.28203501
-1828.25809852
-1828.23106605
-1828.20923482
-1828.20000887
-1828.20765247
-1828.23195807
-1828.26821797
-1828.30852577
-1828.34402483
-1828.36744182
-1828.37515505
-1828.36816689
-1828.35169306
-1828.33349075
-1828.32142270
-1828.32100509
-1828.33367373
-1828.35630055
-1828.38212062
-1828.40279631
-1828.41099275
-1828.40266737
-1828.37837866
-1828.34320179
-1828.30528863
-1828.27351115
-1828.25490328
-1828.25265459
-1828.26525191
-1828.28702733
-1828.30996044
-1828.32618587
-1828.33043696
-1828.32164091
-1828.30317928
-1828.28174321
-1828.26515745
-1828.25986132
-1828.26882305
-1828.29053578
-1828.31940505
-1828.34741587
-1828.36656086
-1828.37128848
-1828.36020683
-1828.33652086
-1828.30707296
-1828.28029295
-1828.26369026
-1828.26165209
-1828.27421542
-1828.29717676
-1828.32348244
-1828.34544541
-1828.35710346
-1828.35598772
-1828.34378660
-1828.32572782
-1828.30887196
-1828.29984662
-1828.30270401
-1828.31755575
-1828.34041806
-1828.36432559
-1828.38139170
-1828.38518166
-1828.37268407
-1828.34525936
-1828.30828021
-1828.26956784
-1828.23711492
-1828.21679745
-1828.21077980
-1828.21708373
-1828.23043255
-1828.24408827
-1828.25210063
-1828.25126989
-1828.24221438
-1828.22919846
-1828.21877766
-1828.21766593
-1828.23049657
-1828.25817459
-1828.29734837
-1828.34117193
-1828.38115054
-1828.40950289
-1828.42133096
-1828.41593448
-1828.39687562
-1828.37078080
-1828.34526426
-1828.32661628
-1828.31797379
-1828.31853239
-1828.32402201
-1828.32828299
-1828.32541752
-1828.31184204
-1828.28759305
-1828.25647079
-1828.22499396
-1828.20047280
-1828.18882387
-1828.19279405
-1828.21115058
-1828.23908649
-1828.23908649
-1828.26970102
-1828.29608534
-1828.31334908
-1828.31995712
-1828.31797660
-1828.31219858
-1828.30845002
-1828.31163412
-1828.32410601
-1828.34485354
-1828.36974233
-1828.39273036
-1828.40769571
-1828.41030797
-1828.39936974
-1828.37721458
-1828.34905033
-1828.32144428
-1828.30042525
-1828.28976777
-1828.28998025
-1828.29829003
-1828.30962340
-1828.31826536
-1828.31967965
-1828.31192231
-1828.29622095
-1828.27655850
-1828.25841366
-1828.24705341
-1828.24589084
-1828.25540282
-1828.27293854
-1828.29348507
-1828.31116938
-1828.32102745
-1828.32050249
-1828.31019923
-1828.29365976
-1828.27623284
-1828.26339558
-1828.25905978
-1828.26439050
-1828.27752413
-1828.29425434
-1828.30945644
-1828.31878322
-1828.32006170
-1828.31395947
-1828.30370742
-1828.29399313
-1828.28940179
-1828.29289669
-1828.30483261
-1828.32277238
-1828.34215160
-1828.35758309
-1828.36439795
-1828.35997841
-1828.34449175
-1828.32081138
-1828.29365231
-1828.26819167
-1828.24860218
-1828.23694908
-1828.23277899
-1828.23349351
-1828.23537716
-1828.23493087
-1828.23009321
-1828.22096954
-1828.20984297
-1828.20049401
-1828.19703968
-1828.20263711
-1828.21843822
-1828.24310868
-1828.27307560
-1828.30344640
-1828.32934228
-1828.34722634
-1828.35580638
-1828.35623604
-1828.35154779
-1828.34552820
-1828.34139354
-1828.34070776
-1828.34286918
-1828.34535402
-1828.34460880
-1828.33732288
-1828.32166387
-1828.29808148
-1828.26941664
-1828.24028362
-1828.21589070
-1828.20065355
-1828.19699929
-1828.20471905
-1828.22106883
-1828.24160932
-1828.26153392
-1828.27706688
-1828.28650548
-1828.29057256
-1828.29198107
-1828.29436270
-1828.30092352
-1828.31325150
-1828.33066870
-1828.35033481
-1828.36805871
-1828.37956563
-1828.38182526
-1828.37403486
-1828.35794119
-1828.33741857
-1828.31740651
-1828.30254525
-1828.29590877
-1828.29821699
-1828.30775181
-1828.32099465
-1828.33378954
-1828.34267354
-1828.34594900
-1828.34416351
-1828.33983285
-1828.33650293
-1828.33745731
-1828.34448620
-1828.35712994
-1828.37264809
-1828.38674179
-1828.39482436
-1828.39345003
-1828.38145948
-1828.36046798
-1828.33452707
-1828.30903551
-1828.28923382
-1828.27874229
-1828.27858807
-1828.28700111
-1828.30004212
-1828.31285951
-1828.32119476
-1828.32268545
-1828.31756181
-1828.30851217
-1828.29977104
-1828.29570520
-1828.29934135
-1828.31130375
-1828.32949008
-1828.34961199
-1828.36644059
-1828.37537290
-1828.37382334
-1828.36199869
-1828.34283976
-1828.32118645
-1828.30241204
-1828.29090677
-1828.28880504
-1828.29535309
-1828.30714207
-1828.31918143
-1828.32649700
-1828.32574603
-1828.31632378
-1828.30059986
-1828.28321259
-1828.26963938
-1828.26449060
-1828.27004720
-1828.28547495
-1828.30693933
-1828.32861540
-1828.34433693
-1828.34944402
-1828.34224903
-1828.32461311
-1828.30140044
-1828.27898944
-1828.26331184
-1828.25804227
-1828.26348714
-1828.27653578
-1828.29165841
-1828.30266471
-1828.30466788
-1828.29566025
-1828.27720513
-1828.25402449
-1828.23260023
-1828.21919889
-1828.21793939
-1828.22949897
-1828.25086668
-1828.27622258
-1828.29867033
-1828.31229074
-1828.31389542
-1828.30397349
-1828.28653162
-1828.26789034
-1828.25478843
-1828.25235506
-1828.26255844
-1828.28359716
-1828.31041605
-1828.33620295
-1828.35441220
-1828.36069940
-1828.35417343
-1828.33759290
-1828.31646667
-1828.29735726
-1828.28592001
-1828.28525281
-1828.29502788
-1828.31164018
-1828.32932127
-1828.34189236
-1828.34464858
-1828.33579716
-1828.31700510
-1828.29287652
-1828.26952646
-1828.25270251
-1828.24604601
-1828.25002634
-1828.26186820
-1828.27647269
-1828.28803781
-1828.29187582
-1828.28587350
-1828.27115332
-1828.25174430
-1828.23336145
-1828.22167825
-1828.22061277
-1828.23115079
-1828.25105397
-1828.27553284
-1828.29867933
-1828.31522539
-1828.32209298
-1828.31927407
-1828.30976088
-1828.29854489
-1828.29101811
-1828.29126438
-1828.30078458
-1828.31802058
-1828.33880624
-1828.35759983
-1828.36913158
-1828.36997412
-1828.35955270
-1828.34028161
-1828.31678776
-1828.29447736
-1828.27791438
-1828.26950766
-1828.26891855
-1828.27334204
-1828.27856637
-1828.28045570
-1828.27637999
-1828.26613644
-1828.25206592
-1828.23833905
-1828.22962721
-1828.22958397
-1828.23961059
-1828.25829269
-1828.28170009
-1828.30446177
-1828.32128623
-1828.32846112
-1828.32488110
-1828.31229573
-1828.29472065
-1828.27719416
-1828.26427280
-1828.25871523
-1828.26075373
-1828.26815936
-1828.27706596
-1828.28328356
-1828.28369002
-1828.27726908
-1828.26547331
-1828.25180697
-1828.24076125
-1828.23643230
-1828.24125518
-1828.25524276
-1828.27597454
-1828.29931432
-1828.32063212
-1828.33613027
-1828.34387136
-1828.34421218
-1828.33953800
-1828.33340408
-1828.32935782
-1828.32980734
-1828.33528625
-1828.34432635
-1828.35397644
-1828.36078543
-1828.36194121
-1828.35619912
-1828.34429954
-1828.32875630
-1828.31308534
-1828.30072946
-1828.29402486
-1828.29352894
-1828.29352894
-1828.29792213
-1828.30450175
-1828.31010929
-1828.31218184
-1828.30959319
-1828.30300160
-1828.29459938
-1828.28735607
-1828.28400138
-1828.28608886
-1828.29344200
-1828.30416038
-1828.31519603
-1828.32331572
-1828.32615244
-1828.32299906
-1828.31508297
-1828.30521052
-1828.29688406
-1828.29317069
-1828.29568791
-1828.30404498
-1828.31592015
-1828.32776696
-1828.33592472
-1828.33778444
-1828.33264970
-1828.32201149
-1828.30913853
-1828.29810119
-1828.29250481
-1828.29433742
-1828.30328941
-1828.31678875
-1828.33073583
-1828.34073408
-1828.34343441
-1828.33757346
-1828.32438816
-1828.30727068
-1828.29076836
-1828.27922763
-1828.27548382
-1828.28000218
-1828.29073209
-1828.30373152
-1828.31438275
-1828.31883383
-1828.31521957
-1828.30428071
-1828.28917557
-1828.28917557
-1828.27453265
-1828.26502357
-1828.26389552
-1828.27191442
-1828.28704450
-1828.30497892
-1828.32037736
-1828.32844374
-1828.32638521
-1828.31429077
-1828.29516066
-1828.27406161
-1828.25666362
-1828.24760806
-1828.24918731
-1828.26074229
-1828.27892708
-1828.29875993
-1828.31513614
-1828.32435644
-1828.32522768
-1828.31940370
-1828.31085867
-1828.30463595
-1828.30524360
-1828.31517390
-1828.33401387
-1828.35843074
-1828.38305651
-1828.40201531
-1828.41063680
-1828.40682739
-1828.39168015
-1828.36913365
-1828.34478591
-1828.32423240
-1828.31143494
-1828.30762171
-1828.31104152
-1828.31763559
-1828.32241590
-1828.32112723
-1828.31166218
-1828.29480992
-1828.27408157
-1828.25468401
-1828.24194124
-1828.23966364
-1828.24894914
-1828.26778887
-1828.29159601
-1828.31451455
-1828.33108843
-1828.33780803
-1828.33405908
-1828.32220195
-1828.30678410
-1828.29312360
-1828.28570444
-1828.28684863
-1828.29606593
-1828.31025832
-1828.32471551
-1828.33459969
-1828.33646962
-1828.32938392
-1828.31523397
-1828.29821063
-1828.28355606
-1828.27598884
-1828.27829344
-1828.29048531
-1828.30982069
-1828.33162659
-1828.35069517
-1828.36281357
-1828.36595057
-1828.36075660
-1828.35021748
-1828.33861053
-1828.33008580
-1828.32733048
-1828.33073212
-1828.33829389
-1828.34631688
-1828.35063495
-1828.34799183
-1828.33714071
-1828.31929898
-1828.29782730
-1828.27725029
-1828.26192799
-1828.25480398
-1828.25660091
-1828.26569978
-1828.27872739
-1828.29164670
-1828.30100357
-1828.30494334
-1828.30367842
-1828.29927919
-1828.29487794
-1828.29354603
-1828.29721927
-1828.30600302
-1828.31810085
-1828.33039006
-1828.33946925
-1828.34281192
-1828.33962840
-1828.33115416
-1828.32026573
-1828.31056919
-1828.30525274
-1828.30607262
-1828.31278625
-1828.32320824
-1828.33387681
-1828.34113682
-1828.34230559
-1828.33656237
-1828.32526171
-1828.31156323
-1828.29947826
-1828.29262638
-1828.29309158
-1828.30073036
-1828.31317955
-1828.32655793
-1828.33666995
-1828.34032808
-1828.33636024
-1828.32599860
-1828.31251688
-1828.30023374
-1828.29315780
-1828.29368801
-1828.30178427
-1828.31489331
-1828.32868517
-1828.33838395
-1828.34028462
-1828.33296670
-1828.31781484
-1828.29865701
-1828.28062135
-1828.26855836
-1828.26551387
-1828.27172743
-1828.28449540
-1828.29897174
-1828.30970013
-1828.31238168
-1828.30530987
-1828.28997737
-1828.27068094
-1828.25324248
-1828.24324429
-1828.24433082
-1828.25708521
-1828.27882372
-1828.30437178
-1828.32758440
-1828.34316403
-1828.34822279
-1828.34311971
-1828.33129866
-1828.31818004
-1828.30942258
-1828.30907761
-1828.31821694
-1828.33447855
-1828.35271643
-1828.36656250
-1828.37042165
-1828.36126531
-1828.33966262
-1828.30973945
-1828.27805144
-1828.25169622
-1828.23621412
-1828.23392024
-1828.24319821
-1828.25900555
-1828.27446768
-1828.28307737
-1828.28081304
-1828.26749159
-1828.24691624
-1828.22574404
-1828.21141342
-1828.20976914
-1828.22315225
-1828.24957459
-1828.28326406
-1828.31637767
-1828.34135608
-1828.35317013
-1828.35078932
-1828.33742565
-1828.31948000
-1828.30451654
-1828.29887159
-1828.30563949
-1828.32365073
-1828.34777071
-1828.37043892
-1828.38399393
-1828.38308619
-1828.36642564
-1828.33730311
-1828.30266358
-1828.27101916
-1828.24989722
-1828.24367259
-1828.25241266
-1828.27199658
-1828.29541285
-1828.31487116
-1828.32412768
-1828.32033416
-1828.30486240
-1828.28284546
-1828.26156352
-1828.24815880
-1828.24736811
-1828.25997066
-1828.28244490
-1828.30797121
-1828.32849676
-1828.33721331
-1828.33064966
-1828.30970799
-1828.27939431
-1828.24741299
-1828.22202741
-1828.20974322
-1828.21344909
-1828.23159584
-1828.25870763
-1828.28709125
-1828.30921454
-1828.32001461
-1828.31841618
-1828.30758559
-1828.29384290
-1828.28458114
-1828.28582538
-1828.30021778
-1828.32603697
-1828.35758383
-1828.38680840
-1828.40569511
-1828.40867615
-1828.39433958
-1828.36591086
-1828.33035401
-1828.29635152
-1828.27177341
-1828.26140630
-1828.26563747
-1828.28049397
-1828.29901132
-1828.31350616
-1828.31803344
-1828.31027371
-1828.29227587
-1828.26982018
-1828.25062430
-1828.24193096
-1828.24823502
-1828.26983436
-1828.30264457
-1828.33930806
-1828.37127102
-1828.39122006
-1828.39519358
-1828.38372408
-1828.36164442
-1828.33657281
-1828.31654850
-1828.30755837
-1828.31173393
-1828.32678350
-1828.34681532
-1828.36429152
-1828.37247669
-1828.36761842
-1828.35018057
-1828.32475064
-1828.29865575
-1828.27971520
-1828.27381473
-1828.28302656
-1828.30486163
-1828.33292494
-1828.35883709
-1828.37484553
-1828.37626774
-1828.36294098
-1828.33921749
-1828.31254491
-1828.29110200
-1828.28125159
-1828.28560204
-1828.30227037
-1828.32553877
-1828.34768952
-1828.36142761
-1828.36215337
-1828.34938480
-1828.32690461
-1828.30159300
-1828.28129641
-1828.27238821
-1828.27777086
-1828.29594769
-1828.32147020
-1828.34663157
-1828.36388361
-1828.36819462
-1828.35860622
-1828.33849508
-1828.31446999
-1828.29425938
-1828.28424303
-1828.28740681
-1828.30236630
-1828.32377647
-1828.34401484
-1828.35562650
-1828.35374680
-1828.33774855
-1828.31156414
-1828.28256158
-1828.25930429
-1828.24888494
-1828.25467576
-1828.27522585
-1828.30467323
-1828.33455245
-1828.35640992
-1828.36439522
-1828.35701090
-1828.33748509
-1828.31267038
-1828.29082798
-1828.27900582
-1828.28083446
-1828.29540930
-1828.31759464
-1828.33964950
-1828.35365825
-1828.35402345
-1828.33923823
-1828.31240536
-1828.28033109
-1828.25147921
-1828.23341436
-1828.23053195
-1828.24276391
-1828.26567380
-1828.29189288
-1828.31343650
-1828.32417661
-1828.32168422
-1828.30788761
-1828.28835447
-1828.27044064
-1828.26090269
-1828.26370717
-1828.27872521
-1828.30171518
-1828.32559888
-1828.34266141
-1828.34699753
-1828.33643928
-1828.31332617
-1828.28386678
-1828.25627561
-1828.23831170
-1828.23497919
-1828.24709269
-1828.27111149
-1828.30028464
-1828.32675000
-1828.34394000
-1828.34855464
-1828.34148583
-1828.32741266
-1828.31320147
-1828.30562347
-1828.30911475
-1828.32427692
-1828.34757663
-1828.37235504
-1828.39083247
-1828.39650955
-1828.38621485
-1828.36116277
-1828.32667047
-1828.29062507
-1828.26115523
-1828.24424300
-1828.24200177
-1828.25216243
-1828.26891748
-1828.28485134
-1828.29334821
-1828.29071746
-1828.27737062
-1828.25768830
-1828.23862740
-1828.22751055
-1828.22969505
-1828.24684271
-1828.27632550
-1828.31195233
-1828.34577395
-1828.37042388
-1828.38126861
-1828.37771363
-1828.36327899
-1828.34442760
-1828.32853100
-1828.32159303
-1828.32644900
-1828.34196958
-1828.36350601
-1828.38441365
-1828.39816878
-1828.40041834
-1828.39033305
-1828.37085276
-1828.34776424
-1828.32790886
-1828.31706750
-1828.31818399
-1828.33044253
-1828.34949481
-1828.36875881
-1828.38140228
-1828.38241308
-1828.37012625
-1828.34673709
-1828.31763901
-1828.28979423
-1828.26963325
-1828.26113427
-1828.26467976
-1828.27703697
-1828.29247157
-1828.30463415
-1828.30863083
-1828.30262028
-1828.28843727
-1828.27103783
-1828.25693711
-1828.25212915
-1828.26013320
-1828.28078392
-1828.31015812
-1828.34167264
-1828.36803926
-1828.38345181
-1828.38533174
-1828.37507615
-1828.35757465
-1828.33965317
-1828.32792518
-1828.32672723
-1828.33677432
-1828.35494213
-1828.37523298
-1828.39062203
-1828.39520633
-1828.38600867
-1828.36390494
-1828.33339557
-1828.30131740
-1828.27486848
-1828.25953372
-1828.25753003
-1828.26722947
-1828.28373729
-1828.30043651
-1828.31103759
-1828.31151044
-1828.30131695
-1828.28357829
-1828.26412650
-1828.24972841
-1828.24600598
-1828.25568550
-1828.27770866
-1828.30748431
-1828.33819308
-1828.36277398
-1828.37596854
-1828.37581152
-1828.36412079
-1828.34583879
-1828.32744137
-1828.31492289
-1828.31198624
-1828.31898793
-1828.33296069
-1828.34866487
-1828.36032415
-1828.36348189
-1828.35640334
-1828.34060413
-1828.32037344
-1828.30145758
-1828.28932777
-1828.28754835
-1828.28754835
-1828.29674323
-1828.31444846
-1828.33588672
-1828.35541046
-1828.36816418
-1828.37147015
-1828.36551860
-1828.35317961
-1828.33900530
-1828.32774747
-1828.32285742
-1828.32544310
-1828.33399351
-1828.34493888
-1828.35384274
-1828.35683235
-1828.35182860
-1828.33919202
-1828.32162298
-1828.30335008
-1828.28886222
-1828.28156809
-1828.28280145
-1828.29145874
-1828.30438421
-1828.31736399
-1828.32642633
-1828.32904138
-1828.32485349
-1828.31572015
-1828.30505267
-1828.29666247
-1828.29348860
-1828.29663274
-1828.30500030
-1828.31567884
-1828.32490471
-1828.32928563
-1828.32688794
-1828.31784978
-1828.30433502
-1828.28985723
-1828.27818655
-1828.27219654
-1828.27301106
-1828.27973008
-1828.28979566
-1828.29988049
-1828.30699339
-1828.30944844
-1828.30739367
-1828.30272615
-1828.29844138
-1828.29762851
-1828.30243354
-1828.31331410
-1828.32880521
-1828.34585743
-1828.36063810
-1828.36957880
-1828.37037735
-1828.36267373
-1828.34817479
-1828.33017147
-1828.31257732
-1828.29879061
-1828.29074512
-1828.28844223
-1828.29011127
-1828.29293135
-1828.29406859
-1828.29168004
-1828.28556042
-1828.27722246
-1828.26939806
-1828.26510833
-1828.26660369
-1828.26660369
-1828.27449818
-1828.28740245
-1828.30219892
-1828.31491545
-1828.32194370
-1828.32120512
-1828.31287538
-1828.29941085
-1828.28484717
-1828.27357959
-1828.26901284
-1828.27250444
-1828.28295492
-1828.29717212
-1828.31091408
-1828.32026928
-1828.32294477
-1828.31903598
-1828.31103138
-1828.30303485
-1828.29944193
-1828.30348770
-1828.31612570
-1828.33559587
-1828.35782831
-1828.37757197
-1828.38989946
-1828.39163912
-1828.38228714
-1828.36414031
-1828.34160081
-1828.31987109
-1828.30344066
-1828.29481978
-1828.29390558
-1828.29816692
-1828.30357293
-1828.30596625
-1828.30244124
-1828.29231809
-1828.27742562
-1828.26162603
-1828.24971338
-1828.24598820
-1828.25292958
-1828.27035751
-1828.29534475
-1828.32294735
-1828.34753410
-1828.36433764
-1828.37075507
-1828.36700125
-1828.35591985
-1828.34201692
-1828.33002270
-1828.32343486
-1828.32348426
-1828.32884372
-1828.33614623
-1828.34114856
-1828.34015244
-1828.33124761
-1828.31500438
-1828.29440918
-1828.27405792
-1828.25883466
-1828.25246613
-1828.25639320
-1828.26932357
-1828.28761341
-1828.30635936
-1828.32085573
-1828.32796564
-1828.32697884
-1828.31970839
-1828.30980661
-1828.30153105
-1828.29835927
-1828.30189291
-1828.31138166
-1828.32399473
-1828.33573922
-1828.34272609
-1828.34240753
-1828.33441541
-1828.32076339
-1828.30532539
-1828.29272197
-1828.28692905
-1828.29001403
-1828.30141686
-1828.31800602
-1828.33493207
-1828.34704087
-1828.35042925
-1828.34365853
-1828.32824778
-1828.30827250
-1828.28918458
-1828.27619311
-1828.27270379
-1828.27929328
-1828.29353712
-1828.31074695
-1828.32540651
-1828.33285348
-1828.33071416
-1828.31963487
-1828.30308387
-1828.28627934
-1828.27457524
-1828.27179929
-1828.27905763
-1828.29437829
-1828.31329938
-1828.33020854
-1828.34002949
-1828.33972609
-1828.32919962
-1828.31129928
-1828.29096374
-1828.27375368
-1828.26420869
-1828.26452172
-1828.27393122
-1828.28899631
-1828.30467830
-1828.31589520
-1828.31906420
-1828.31317393
-1828.30006071
-1828.28381291
-1828.26948777
-1828.26153660
-1828.26241254
-1828.27177636
-1828.28654726
-1828.30176844
-1828.31205912
-1828.31321011
-1828.30345936
-1828.28406146
-1828.25897682
-1828.23375649
-1828.21396712
-1828.20361292
-1828.20404072
-1828.21364959
-1828.22848607
-1828.24352301
-1828.25423411
-1828.25798632
-1828.25481614
-1828.24737209
-1828.24002792
-1828.23745006
-1828.24306554
-1828.25789933
-1828.28015003
-1828.30563240
-1828.32895934
-1828.34509519
-1828.35081644
-1828.34563028
-1828.33188239
-1828.31403142
-1828.29731478
-1828.28622319
-1828.28323786
-1828.28820702
-1828.29851237
-1828.30995762
-1828.31807891
-1828.31949640
-1828.31290193
-1828.29939728
-1828.28211329
-1828.26523544
-1828.25274722
-1828.24727393
-1828.24934947
-1828.25732983
-1828.26794096
-1828.27731499
-1828.28218111
-1828.28086804
-1828.27380572
-1828.26337937
-1828.25317828
-1828.24688388
-1828.24713486
-1828.25471989
-1828.26833563
-1828.28496855
-1828.30078147
-1828.31222763
-1828.31706204
-1828.31493210
-1828.30738427
-1828.29728843
-1828.28787729
-1828.28170365
-1828.27985446
-1828.28165345
-1828.28494698
-1828.28686773
-1828.28483861
-1828.27748040
-1828.26514719
-1828.24989342
-1828.23489675
-1828.22352335
-1828.21833547
-1828.22036098
-1828.22885222
-1828.24161071
-1828.25576375
-1828.26872485
-1828.27900165
-1828.28658159
-1828.29278066
-1828.29963630
-1828.30906788
-1828.32209565
-1828.33836808
-1828.35614720
-1828.37274665
-1828.38528737
-1828.39153002
-1828.39053522
-1828.38293683
-1828.37075067
-1828.35677716
-1828.34378293
-1828.33371585
-1828.32720469
-1828.32347166
-1828.32068641
-1828.31664945
-1828.30958962
-1828.29884573
-1828.28520672
-1828.27081317
-1828.25861584
-1828.25154519
-1828.25163539
-1828.25936454
-1828.27344280
-1828.29112448
-1828.30896626
-1828.32381531
-1828.33373100
-1828.33852547
-1828.33975445
-1828.34014253
-1828.34261861
-1828.34926650
-1828.36052933
-1828.37494017
-1828.38947182
-1828.40043063
-1828.40459724
-1828.40026618
-1828.38784423
-1828.36982252
-1828.35011774
-1828.33299145
-1828.32186960
-1828.31841327
-1828.32211285
-1828.33051595
-1828.34001639
-1828.34696310
-1828.34875776
-1828.34461136
-1828.33574064
-1828.32494353
-1828.31569145
-1828.31101057
-1828.31250263
-1828.31980561
-1828.33065457
-1828.34153038
-1828.34869274
-1828.34929866
-1828.34227317
-1828.32867380
-1828.31143354
-1828.29453792
-1828.28187703
-1828.27611265
-1828.27792819
-1828.28589612
-1828.29700124
-1828.30763686
-1828.31476627
-1828.31688836
-1828.31449972
-1828.30991213
-1828.30647845
-1828.30745640
-1828.31488296
-1828.32881097
-1828.34715437
-1828.36620870
-1828.38167716
-1828.38989522
-1828.38887760
-1828.37886832
-1828.36225579
-1828.34287971
-1828.32494229
-1828.31185177
-1828.30533051
-1828.30503222
-1828.30878465
-1828.31338006
-1828.31568136
-1828.31369348
-1828.30725640
-1828.29808655
-1828.28915298
-1828.28360196
-1828.28367790
-1828.29000869
-1828.30142776
-1828.31529852
-1828.32822421
-1828.33694458
-1828.33920073
-1828.33432889
-1828.32342578
-1828.30903961
-1828.29447758
-1828.28291025
-1828.27652543
-1828.27596985
-1828.28022848
-1828.28698716
-1828.29335408
-1828.29675941
-1828.29573824
-1828.29037983
-1828.28228516
-1828.27405818
-1828.26847599
-1828.26760339
-1828.27213724
-1828.28116775
-1828.29243659
-1828.30300053
-1828.31009368
-1828.31191854
-1828.30814406
-1828.29996038
-1828.28970247
-1828.28015533
-1828.27374422
-1828.27186675
-1828.27455569
-1828.28057157
-1828.28790465
-1828.29448997
-1828.29891829
-1828.30088917
-1828.30127428
-1828.30176235
-1828.30422327
-1828.30999722
-1828.31934014
-1828.33122158
-1828.34353719
-1828.35367119
-1828.35923392
-1828.35873895
-1828.35202138
-1828.34029140
-1828.32580293
-1828.31124708
-1828.29903214
-1828.29066420
-1828.28639898
-1828.28527044
-1828.28548694
-1828.28507117
-1828.28254521
-1828.27745439
-1828.27055855
-1828.26363527
-1828.25895356
-1828.25857393
-1828.26367208
-1828.27410416
-1828.28834952
-1828.30386189
-1828.31775225
-1828.32758739
-1828.33205643
-1828.33129882
-1828.32678487
-1828.32079173
-1828.31564025
-1828.31294287
-1828.31309917
-1828.31521141
-1828.31744706
-1828.31772146
-1828.31447327
-1828.30726521
-1828.29701375
-1828.28576174
-1828.27606878
-1828.27021997
-1828.26951432
-1828.27386386
-1828.28184448
-1828.29116620
-1828.29939251
-1828.30466974
-1828.30622043
-1828.30446953
-1828.30078876
-1828.29696956
-1828.29461681
-1828.29464350
-1828.29702067
-1828.30084520
-1828.30468887
-1828.30710688
-1828.30713735
-1828.30461423
-1828.30020310
-1828.29516194
-1828.29090556
-1828.28854235
-1828.28853010
-1828.29055983
-1828.29369779
-1828.29672760
-1828.29857591
-1828.29867351
-1828.29715001
-1828.29477964
-1828.29271823
-1828.29209662
-1828.29361441
-1828.29726135
-1828.30226454
-1828.30731036
-1828.31096276
-1828.31217202
-1828.31067848
-1828.30717116
-1828.30311946
-1828.30031769
-1828.30027974
-1828.30368926
-1828.31010358
-1828.31802792
-1828.32536197
-1828.33007511
-1828.33089289
-1828.32775430
-1828.32188075
-1828.31540697
-1828.31069561
-1828.30954027
-1828.31252527
-1828.31875930
-1828.32609248
-1828.33175092
-1828.33321016
-1828.32902433
-1828.31934894
-1828.30597056
-1828.29181849
-1828.28009435
-1828.27329350
-1828.27242732
-1828.27672552
-1828.28390051
-1828.29090515
-1828.29491717
-1828.29422825
-1828.28878038
-1828.28017892
-1828.27119257
-1828.26490519
-1828.26376851
-1828.26884741
-1828.27948311
-1828.29346892
-1828.30769128
-1828.31903618
-1828.32529398
-1828.32578419
-1828.32151302
-1828.31481391
-1828.30858408
-1828.30535754
-1828.30650411
-1828.31179644
-1828.31948405
-1828.32684709
-1828.33106449
-1828.33012790
-1828.32351486
-1828.31241636
-1828.29943173
-1828.28781091
-1828.28047664
-1828.27911842
-1828.28365075
-1828.29222355
-1828.30179060
-1828.30906658
-1828.31157986
-1828.30847591
-1828.30082441
-1828.29130605
-1828.28338441
-1828.28020772
-1828.28359165
-1828.29341867
-1828.30763241
-1828.32283969
-1828.33532235
-1828.34215045
-1828.34205837
-1828.33581821
-1828.32599268
-1828.31614410
-1828.30972649
-1828.30901383
-1828.31439961
-1828.32428461
-1828.33559796
-1828.34477966
-1828.34892729
-1828.34672504
-1828.33887412
-1828.32787882
-1828.31725744
-1828.31043023
-1828.30962087
-1828.31512413
-1828.32515761
-1828.33635103
-1828.34473724
-1828.34695485
-1828.34130668
-1828.32835354
-1828.31083252
-1828.29290167
-1828.27890932
-1828.27207591
-1828.27352585
-1828.28197660
-1828.29418356
-1828.30599864
-1828.31370728
-1828.31523679
-1828.31084920
-1828.30309185
-1828.29599966
-1828.29379308
-1828.29947981
-1828.31380212
-1828.33487918
-1828.35866113
-1828.38006730
-1828.39445061
-1828.39893853
-1828.39323447
-1828.37963898
-1828.36230259
-1828.34596499
-1828.33455642
-1828.33008553
-1828.33213155
-1828.33809035
-1828.34407703
-1828.34621157
-1828.34189287
-1828.33066855
-1828.31443160
-1828.29689665
-1828.28250443
-1828.27508961
-1828.27671360
-1828.28700515
-1828.30320566
-1828.32090524
-1828.33526897
-1828.34241817
-1828.34056077
-1828.33055080
-1828.31567111
-1828.30068927
-1828.29043482
-1828.28832322
-1828.29527158
-1828.30936830
-1828.32642360
-1828.34124586
-1828.34925371
-1828.34791521
-1828.33755875
-1828.32128175
-1828.30400078
-1828.29091762
-1828.28589441
-1828.29023636
-1828.30226834
-1828.31784084
-1828.33161630
-1828.33872420
-1828.33628396
-1828.32430668
-1828.30571003
-1828.28542081
-1828.26886038
-1828.26028216
-1828.26147250
-1828.27123001
-1828.28577584
-1828.29995094
-1828.30883034
-1828.30923948
-1828.30072919
-1828.28570288
-1828.26868969
-1828.25497067
-1828.24897526
-1828.25292022
-1828.26610946
-1828.28510532
-1828.30473425
-1828.31961963
-1828.32579172
-1828.32188781
-1828.30958624
-1828.29311891
-1828.27800011
-1828.26934778
-1828.27032226
-1828.28116200
-1828.29910768
-1828.31922415
-1828.33586689
-1828.34436943
-1828.34244858
-1828.33090982
-1828.31343475
-1828.29550123
-1828.28275279
-1828.27931155
-1828.28654048
-1828.30263946
-1828.32321300
-1828.34263541
-1828.35579336
-1828.35966315
-1828.35422213
-1828.34241375
-1828.32917990
-1828.31987970
-1828.31858439
-1828.32677985
-1828.34284875
-1828.36247516
-1828.37985716
-1828.38937074
-1828.38721414
-1828.37254221
-1828.34776487
-1828.31789994
-1828.28917408
-1828.26727489
-1828.25578315
-1828.25524291
-1828.26316610
-1828.27494434
-1828.28537868
-1828.29034666
-1828.28808939
-1828.27973529
-1828.26890893
-1828.26055792
-1828.25934721
-1828.26812430
-1828.28690880
-1828.31274288
-1828.34044793
-1828.36407786
-1828.37861432
-1828.38140941
-1828.37291804
-1828.35650372
-1828.33737609
-1828.32100028
-1828.31146873
-1828.31034311
-1828.31631452
-1828.32575664
-1828.33399895
-1828.33691519
-1828.33232323
-1828.32075846
-1828.30537455
-1828.29099368
-1828.28260521
-1828.28376952
-1828.29543398
-1828.31553411
-1828.33949825
-1828.36151553
-1828.37617348
-1828.37997013
-1828.37224999
-1828.35528630
-1828.33351517
-1828.31216134
-1828.29570244
-1828.28662634
-1828.28485990
-1828.28800559
-1828.29230364
-1828.29398723
-1828.29060987
-1828.28192150
-1828.27003124
-1828.25878444
-1828.25256314
-1828.25486493
-1828.26709647
-1828.28797126
-1828.31369864
-1828.33893603
-1828.35823040
-1828.36752253
-1828.36526956
-1828.35283933
-1828.33406062
-1828.31405787
-1828.29771459
-1828.28822458
-1828.28616776
-1828.28941456
-1828.29390221
-1828.29503963
-1828.28929825
-1828.27545876
-1828.25511725
-1828.23229850
-1828.21229392
-1828.20008210
-1828.19882649
-1828.20889788
-1828.22773642
-1828.25058856
-1828.27188408
-1828.28683916
-1828.29278873
-1828.28985237
-1828.28075197
-1828.26984548
-1828.26169745
-1828.25961588
-1828.26461705
-1828.27513254
-1828.28755355
-1828.29742645
-1828.30091893
-1828.29609099
-1828.28358266
-1828.26650052
-1828.24952907
-1828.23754786
-1828.23416363
-1828.24062750
-1828.25545989
-1828.27489324
-1828.29399288
-1828.30810306
-1828.31417442
-1828.31158204
-1828.30219029
-1828.28966362
-1828.27824876
-1828.27141340
-1828.27078679
-1828.27570994
-1828.28353608
-1828.29055697
-1828.29325670
-1828.28949830
-1828.27927089
-1828.26475433
-1828.24969189
-1828.23825830
-1828.23379374
-1828.23779514
-1828.24947596
-1828.26602345
-1828.28344788
-1828.29777571
-1828.30620577
-1828.30788801
-1828.30408142
-1828.29765804
-1828.29210252
-1828.29033846
-1828.29374917
-1828.30169983
-1828.31170381
-1828.32017799
-1828.32353961
-1828.31931266
-1828.30690667
-1828.28784669
-1828.26538690
-1828.24362473
-1828.22638138
-1828.21617410
-1828.21358541
-1828.21721275
-1828.22421801
-1828.23129128
-1828.23574002
-1828.23635977
-1828.23380900
-1828.23036801
-1828.22916807
-1828.23310634
-1828.24382262
-1828.26105255
-1828.28258751
-1828.30485522
-1828.32394334
-1828.33674477
-1828.34185571
-1828.33995003
-1828.33350836
-1828.32599110
-1828.32071364
-1828.31978956
-1828.32348086
-1828.33015257
-1828.33685794
-1828.34035387
-1828.33822156
-1828.32973694
-1828.31619965
-1828.30062346
-1828.28687726
-1828.27855017
-1828.27788434
-1828.28510695
-1828.29835997
-1828.31423704
-1828.32877414
-1828.33858240
-1828.34178842
-1828.33850474
-1828.33067988
-1828.32139331
-1828.31380518
-1828.31010168
-1828.31076870
-1828.31444144
-1828.31837696
-1828.31939582
-1828.31498101
-1828.30418630
-1828.28806555
-1828.26948728
-1828.25238608
-1828.24066843
-1828.23710187
-1828.24251434
-1828.25555502
-1828.27309274
-1828.29113150
-1828.30597916
-1828.31529893
-1828.31873030
-1828.31788349
-1828.31571618
-1828.31548655
-1828.31962171
-1828.32885458
-1828.34190730
-1828.35582551
-1828.36685798
-1828.37161147
-1828.36811631
-1828.35647817
-1828.33890438
-1828.31908477
-1828.30111134
-1828.28827622
-1828.28213680
-1828.28216362
-1828.28607010
-1828.29067581
-1828.29299012
-1828.29116092
-1828.28500072
-1828.27595297
-1828.26653250
-1828.25943852
-1828.25663940
-1828.25871794
-1828.26468591
-1828.27231698
-1828.27888333
-1828.28205118
-1828.28066054
-1828.27512841
-1828.26736122
-1828.26019154
-1828.25651904
-1828.25842123
-1828.26651020
-1828.27973283
-1828.29567852
-1828.31129726
-1828.32379939
-1828.33145933
-1828.33408062
-1828.33297351
-1828.33046117
-1828.32905982
-1828.33057880
-1828.33544134
-1828.34242644
-1828.34895218
-1828.35181398
-1828.34818227
-1828.33655790
-1828.31738855
-1828.29314045
-1828.26776931
-1828.24572937
-1828.23078737
-1828.22500509
-1828.22819597
-1828.23803179
-1828.25077689
-1828.26241901
-1828.26241901
-1828.26986916
-1828.27185773
-1828.26926358
-1828.26476465
-1828.26190790
-1828.26389229
-1828.27244884
-1828.28718624
-1828.30562431
-1828.32389273
-1828.33788404
-1828.34449428
-1828.34255497
-1828.33316627
-1828.31933055
-1828.30501671
-1828.29397166
-1828.28864343
-1828.28953935
-1828.28953935
-1828.29517766
-1828.30264281
-1828.30857156
-1828.31025764
-1828.30653177
-1828.29814059
-1828.28750565
-1828.27794249
-1828.27258996
-1828.27258996
-1828.27339547
-1828.28047125
-1828.29202063
-1828.30485050
-1828.31530949
-1828.32037445
-1828.31855377
-1828.31034443
-1828.29809434
-1828.28531212
-1828.27562751
-1828.27172406
-1828.27455998
-1828.28312090
-1828.29476434
-1828.30605176
-1828.31379675
-1828.31602049
-1828.31251246
-1828.30482906
-1828.29575078
-1828.28836052
-1828.28504073
-1828.28671564
-1828.29257818
-1828.30039399
-1828.30727567
-1828.31067236
-1828.30923890
-1828.30328707
-1828.29468523
-1828.28622939
-1828.28073030
-1828.28009933
-1828.28472996
-1828.29335392
-1828.30341237
-1828.31183847
-1828.31601404
-1828.31459169
-1828.30792533
-1828.29796022
-1828.28763044
-1828.27995967
-1828.27715873
-1828.27999862
-1828.28763536
-1828.29792066
-1828.30810060
-1828.31567852
-1828.31918901
-1828.31863414
-1828.31545232
-1828.31201506
-1828.31081963
-1828.31363844
-1828.32089449
-1828.33146565
-1828.34297190
-1828.35246044
-1828.35727848
-1828.35586854
-1828.34823530
-1828.33594261
-1828.32164955
-1828.30833468
-1828.29844827
-1828.29324439
-1828.29248100
-1828.29458520
-1828.29722821
-1828.29814430
-1828.29592542
-1828.29053676
-1828.28337512
-1828.27683915
-1828.27354685
-1828.27544687
-1828.28311686
-1828.29547876
-1828.31001860
-1828.31001860
-1828.32346081
-1828.33268402
-1828.33560202
-1828.33174460
-1828.32236060
-1828.31002534
-1828.29786636
-1828.28863514
-1828.28391199
-1828.28366759
-1828.28633443
-1828.28936682
-1828.29012049
-1828.29012049
-1828.28677583
-1828.27900799
-1828.26818155
-1828.25698583
-1828.24861559
-1828.24575232
-1828.24965722
-1828.25967948
-1828.27334033
-1828.28697899
-1828.29677524
-1828.29983379
-1828.29501675
-1828.28327267
-1828.26736509
-1828.25109069
-1828.23821068
-1828.23140766
-1828.23158323
-1828.23770306
-1828.24723549
-1828.25704362
-1828.26445414
-1828.26815050
-1828.26861670
-1828.26797012
-1828.26923599
-1828.27529339
-1828.28781704
-1828.30656134
-1828.32921934
-1828.35190821
-1828.37016107
-1828.38013175
-1828.37967203
-1828.36896247
-1828.35048803
-1828.32835012
-1828.30710226
-1828.29046562
-1828.28032989
-1828.27635111
-1828.27626415
-1828.27681178
-1828.27497810
-1828.26913248
-1828.25970460
-1828.25970460
-1828.24916346
-1828.24127934
-1828.23989870
-1828.24761136
-1828.26473284
-1828.28896204
-1828.31584776
-1828.33995049
-1828.35634407
-1828.36200068
-1828.35662016
-1828.34266545
-1828.32458647
-1828.30747590
-1828.29555677
-1828.29555677
-1828.29097372
-1828.29097372
-1828.29323391
-1828.29949350
-1828.30557340
-1828.30740690
-1828.30245923
-1828.29066369
-1828.27457460
-1828.25866821
-1828.24798862
-1828.24655435
-1828.25601726
-1828.27500048
-1828.29933849
-1828.32316301
-1828.34051055
-1828.34697945
-1828.34094319
-1828.32396548
-1828.30030468
-1828.27566784
-1828.25558316
-1828.24387133
-1828.24166284
-1828.24724841
-1828.25678337
-1828.26563566
-1828.26994956
-1828.26793891
-1828.26050163
-1828.25095855
-1828.24398137
-1828.24405593
-1828.25395458
-1828.27369900
-1828.30036120
-1828.32876597
-1828.35290609
-1828.36763635
-1828.37013442
-1828.36068857
-1828.34257182
-1828.32105387
-1828.30184457
-1828.28945520
-1828.28596216
-1828.29054144
-1828.29990623
-1828.30948840
-1828.31499390
-1828.31383700
-1828.31383700
-1828.30601806
-1828.29415605
-1828.28267220
-1828.27635874
-1828.27877591
-1828.29099216
-1828.31108639
-1828.33459081
-1828.35574228
-1828.36914580
-1828.37133241
-1828.36174988
-1828.34290864
-1828.31965630
-1828.29779317
-1828.28243429
-1828.27655268
-1828.28016421
-1828.29041838
-1828.30261642
-1828.31180550
-1828.31441509
-1828.30938710
-1828.29847744
-1828.28564632
-1828.27573866
-1828.27286810
-1828.27899585
-1828.29318176
-1828.31172865
-1828.32921693
-1828.34009882
-1828.34037946
-1828.32886658
-1828.30760616
-1828.28136404
-1828.25629858
-1828.23820766
-1828.23087703
-1828.23501913
-1828.24813173
-1828.26531669
-1828.28081880
-1828.28980616
-1828.28985458
-1828.28166461
-1828.26879567
-1828.25649921
-1828.25000330
-1828.25281084
-1828.26552765
-1828.28559770
-1828.30801675
-1828.32680061
-1828.33675796
-1828.33503612
-1828.32198131
-1828.30106806
-1828.27791982
-1828.25871387
-1828.24842956
-1828.24945476
-1828.26094334
-1828.27911767
-1828.29841480
-1828.31315925
