-1828.31451219
-1828.30572991
-1828.29656101
-1828.28788325
-1828.28036589
-1828.27437009
-1828.26995103
-1828.26696157
-1828.26522304
-1828.26470384
-1828.26563466
-1828.26850904
-1828.27394263
-1828.28243171
-1828.29407476
-1828.30835240
-1828.32405652
-1828.33941433
-1828.35240824
-1828.36121912
-1828.36467578
-1828.36257126
-1828.35573396
-1828.34582948
-1828.33492857
-1828.32497889
-1828.31731764
-1828.31236370
-1828.30959067
-1828.30778201
-1828.30550688
-1828.30166587
-1828.29594316
-1828.28903826
-1828.28255999
-1828.27862028
-1828.27921640
-1828.28557351
-1828.29764576
-1828.31395163
-1828.33181380
-1828.34797191
-1828.35940081
-1828.36410980
-1828.36168338
-1828.35340689
-1828.34191585
-1828.33046034
-1828.32198305
-1828.31826798
-1828.31942490
-1828.32386237
-1828.32877984
-1828.33104531
-1828.32819533
-1828.31928028
-1828.30528071
-1828.28895154
-1828.27411071
-1828.26457020
-1828.26302132
-1828.27024182
-1828.28485361
-1828.30369169
-1828.32266386
-1828.33786703
-1828.34663865
-1828.34824694
-1828.34400852
-1828.33679289
-1828.33003641
-1828.32659273
-1828.32775488
-1828.33277602
-1828.33905782
-1828.34294742
-1828.34091235
-1828.33073055
-1828.31232118
-1828.28795721
-1828.26178126
-1828.23876447
-1828.22338881
-1828.21844204
-1828.22425913
-1828.23865935
-1828.25759645
-1828.27634099
-1828.27634099
-1828.27634099
-1828.29086155
-1828.29896619
-1828.30088391
-1828.29908910
-1828.29743454
-1828.29983679
-1828.30893206
-1828.32509762
-1828.34615740
-1828.36785701
-1828.38498341
-1828.39281682
-1828.38848802
-1828.37186472
-1828.34568372
-1828.31489813
-1828.28540315
-1828.26250509
-1828.24956430
-1828.24721886
-1828.25339064
-1828.26406798
-1828.27461969
-1828.28124746
-1828.28214190
-1828.27799437
-1828.27172020
-1828.26745781
-1828.26915026
-1828.27913427
-1828.29717954
-1828.32030412
-1828.32030412
-1828.34344285
-1828.36080696
-1828.36752111
-1828.36105595
-1828.34201860
-1828.31406591
-1828.28295022
-1828.25497222
-1828.23529659
-1828.22661521
-1828.22855615
-1828.23800265
-1828.25020651
-1828.26034515
-1828.26504478
-1828.26340385
-1828.25721793
-1828.25033393
-1828.24736067
-1828.25212338
-1828.26635444
-1828.28901290
-1828.31643589
-1828.34326150
-1828.36384484
-1828.37375625
-1828.37094171
-1828.35624031
-1828.33312109
-1828.30672152
-1828.28245301
-1828.26456522
-1828.25507808
-1828.25339009
-1828.25667531
-1828.26095738
-1828.26251044
-1828.25914231
-1828.25095498
-1828.24034598
-1828.23128131
-1828.22805782
-1828.23395041
-1828.25011763
-1828.27507779
-1828.30492188
-1828.33421437
-1828.35737112
-1828.37012534
-1828.37065772
-1828.36003177
-1828.34179380
-1828.32084971
-1828.30198399
-1828.28849240
-1828.28134528
-1828.27912510
-1828.27872174
-1828.27654885
-1828.26987002
-1828.25782121
-1828.24179299
-1828.22507067
-1828.21183929
-1828.21183929
-1828.20588514
-1828.20939846
-1828.22224071
-1828.24191155
-1828.26420902
-1828.28438940
-1828.29847045
-1828.30428903
-1828.30199955
-1828.29387344
-1828.28346949
-1828.27444959
-1828.26940662
-1828.26906956
-1828.27211630
-1828.31451219
-1828.30572991
-1828.29656101
-1828.28788325
-1828.28036589
-1828.27437009
-1828.26995103
-1828.26696157
-1828.26522304
-1828.26470384
-1828.26563466
-1828.26850904
-1828.27394263
-1828.28243171
-1828.29407476
-1828.30835240
-1828.32405652
-1828.33941433
-1828.35240824
-1828.36121912
-1828.36467578
-1828.36257126
-1828.35573396
-1828.34582948
-1828.33492857
-1828.32497889
-1828.31731764
-1828.31236370
-1828.30959067
-1828.30778201
-1828.30550688
-1828.30166587
-1828.29594316
-1828.28903826
-1828.28255999
-1828.27862028
-1828.27921640
-1828.28557351
-1828.29764576
-1828.31395163
-1828.33181380
-1828.34797191
-1828.35940081
-1828.36410980
-1828.36168338
-1828.35340689
-1828.34191585
-1828.33046034
-1828.32198305
-1828.31826798
-1828.31942490
-1828.32386237
-1828.32877984
-1828.33104531
-1828.32819533
-1828.31928028
-1828.30528071
-1828.28895154
-1828.27411071
-1828.26457020
-1828.26302132
-1828.27024182
-1828.28485361
-1828.30369169
-1828.32266386
-1828.33786703
-1828.34663865
-1828.34824694
-1828.34400852
-1828.33679289
-1828.33003641
-1828.32659273
-1828.32775488
-1828.33277602
-1828.33905782
-1828.34294742
-1828.34091235
-1828.33073055
-1828.31232118
-1828.28795721
-1828.26178126
-1828.23876447
-1828.22338881
-1828.21844204
-1828.22425913
-1828.23865935
-1828.25759645
-1828.27634099
-1828.29086155
-1828.29896619
-1828.30088391
-1828.29908910
-1828.29743454
-1828.29983679
-1828.30893206
-1828.32509762
-1828.34615740
-1828.36785701
-1828.38498341
-1828.39281682
-1828.38848802
-1828.37186472
-1828.34568372
-1828.31489813
-1828.28540315
-1828.26250509
-1828.24956430
-1828.24721886
-1828.25339064
-1828.26406798
-1828.27461969
-1828.28124746
-1828.28214190
-1828.27799437
-1828.27172020
-1828.26745781
-1828.26915026
-1828.27913427
-1828.29717954
-1828.32030412
-1828.32030412
-1828.34344285
-1828.36080696
-1828.36752111
-1828.36105595
-1828.34201860
-1828.31406591
-1828.28295023
-1828.25497222
-1828.23529659
-1828.22661521
-1828.22855615
-1828.23800265
-1828.25020651
-1828.26034515
-1828.26504478
-1828.26340385
-1828.25721794
-1828.25033393
-1828.24736067
-1828.25212338
-1828.26635444
-1828.28901290
-1828.31643589
-1828.34326150
-1828.36384484
-1828.37375625
-1828.37375625
-1828.37094171
-1828.35624031
-1828.33312109
-1828.30672152
-1828.28245301
-1828.26456522
-1828.25507809
-1828.25339009
-1828.25667531
-1828.26095738
-1828.26251044
-1828.25914231
-1828.25914231
-1828.25914231
-1828.25095498
-1828.24034598
-1828.23128131
-1828.22805782
-1828.23395041
-1828.25011763
-1828.27507779
-1828.30492188
-1828.33421437
-1828.35737112
-1828.37012534
-1828.37065772
-1828.36003177
-1828.34179380
-1828.32084971
-1828.30198399
-1828.28849240
-1828.28134528
-1828.27912510
-1828.27872175
-1828.27654885
-1828.26987002
-1828.25782121
-1828.24179300
-1828.22507067
-1828.21183929
-1828.20588514
-1828.20939846
-1828.22224071
-1828.24191155
-1828.26420902
-1828.28438941
-1828.29847045
-1828.30428903
-1828.30199955
-1828.29387344
-1828.28346949
-1828.27444959
-1828.26940662
-1828.26906956
-1828.27211630
-1828.27565311
-1828.27619990
-1828.27088653
-1828.25848272
-1828.23995449
-1828.21837274
-1828.19818350
-1828.18403748
-1828.17949265
-1828.18596510
-1828.20224618
-1828.22476283
-1828.24852229
-1828.26847319
-1828.28088725
-1828.28434475
-1828.28003503
-1828.27127480
-1828.26240052
-1828.25736663
-1828.25849213
-1828.26572834
-1828.27668461
-1828.28740050
-1828.29361359
-1828.29214909
-1828.28198034
-1828.26464311
-1828.24386274
-1828.22451675
-1828.21123303
-1828.20706550
-1828.21264299
-1828.22604372
-1828.24345098
-1828.26035702
-1828.27294814
-1828.27924671
-1828.27924671
-1828.27964503
-1828.27669589
-1828.27423438
-1828.27610775
-1828.28489380
-1828.30098993
-1828.32234021
-1828.34488489
-1828.36360655
-1828.37387437
-1828.37271179
-1828.35962178
-1828.33674884
-1828.30833542
-1828.27962060
-1828.25549678
-1828.23929040
-1828.23201224
-1828.23227968
-1828.23693452
-1828.24215766
-1828.24474387
-1828.24314780
-1828.23797607
-1828.23178116
-1828.22821690
-1828.23081290
-1828.24175964
-1828.26105841
-1828.28632563
-1828.31332808
-1828.33708890
-1828.35324380
-1828.35924551
-1828.35502361
-1828.34293236
-1828.32699059
-1828.31166575
-1828.30057041
-1828.29545632
-1828.29580641
-1828.29913273
-1828.30187906
-1828.30065225
-1828.29338268
-1828.28005537
-1828.26278599
-1828.24522209
-1828.23147997
-1828.22494726
-1828.22731332
-1828.23811845
-1828.25492034
-1828.27401083
-1828.29144717
-1828.30409044
-1828.31035585
-1828.31047974
-1828.30625580
-1828.30034094
-1828.29535774
-1828.29306742
-1828.29384738
-1828.29663858
-1828.29935834
-1828.29965300
-1828.29573658
-1828.28707594
-1828.27469553
-1828.26100713
-1828.24918148
-1828.24223689
-1828.24210654
-1828.24899277
-1828.26121846
-1828.27566038
-1828.28863451
-1828.29696652
-1828.29891649
-1828.29466035
-1828.28618906
-1828.27666495
-1828.26942776
-1828.26697005
-1828.27017520
-1828.27806393
-1828.28811207
-1828.29704698
-1828.30187219
-1828.30081041
-1828.29386116
-1828.28281824
-1828.27073168
-1828.26099149
-1828.25632388
-1828.25800366
-1828.26552086
-1828.27679026
-1828.28881609
-1828.29859454
-1828.30397459
-1828.30422334
-1828.30014013
-1828.29370520
-1828.28738183
-1828.28330472
-1828.28259651
-1828.28502836
-1828.28911631
-1828.29262085
-1828.29329953
-1828.28967261
-1828.28157660
-1828.27033226
-1828.25845592
-1828.24900106
-1828.24471229
-1828.24723739
-1828.25662195
-1828.27124634
-1828.28822634
-1828.30417106
-1828.31611319
-1828.32231443
-1828.32271310
-1828.31885258
-1828.31333547
-1828.30898111
-1828.30795521
-1828.31111032
-1828.31773219
-1828.32576735
-1828.33245893
-1828.33520976
-1828.33241109
-1828.32397632
-1828.31141947
-1828.29744740
-1828.28519558
-1828.27731630
-1828.27522125
-1828.27868542
-1828.28594460
-1828.29424966
-1828.30070954
-1828.30316360
-1828.30082792
-1828.29452615
-1828.28644817
-1828.27949010
-1828.27637456
-1828.27879424
-1828.28683418
-1828.29884488
-1828.31181642
-1828.32215951
-1828.32668757
-1828.32351109
-1828.31259856
-1828.29583233
-1828.27653036
-1828.25857631
-1828.24539960
-1828.23910553
-1828.23997723
-1828.24649078
-1828.25582114
-1828.26469351
-1828.27034024
-1828.27130012
-1828.26783453
-1828.26183736
-1828.25625769
-1828.25417999
-1828.25784419
-1828.26788952
-1828.28307087
-1828.30053668
-1828.31660800
-1828.32781803
-1828.33190662
-1828.32847077
-1828.31906466
-1828.30672075
-1828.29502969
-1828.28705668
-1828.28442412
-1828.28684215
-1828.29222769
-1828.29736570
-1828.29891757
-1828.29448772
-1828.28342306
-1828.26710597
-1828.24863518
-1828.24863518
-1828.23199445
-1828.22096382
-1828.21807986
-1828.22396414
-1828.23718863
-1828.25472028
-1828.27279939
-1828.28798929
-1828.29808928
-1828.30264894
-1828.30294238
-1828.30143595
-1828.30091267
-1828.30351721
-1828.31001213
-1828.31946912
-1828.32949902
-1828.33696735
-1828.33898802
-1828.33388155
-1828.32179926
-1828.30480431
-1828.28637308
-1828.27045271
-1828.26035552
-1828.25784353
-1828.26266597
-1828.27270513
-1828.28467103
-1828.29512743
-1828.30152559
-1828.30293730
-1828.30026248
-1828.29585398
-1828.29266986
-1828.29321911
-1828.29321911
-1828.29862257
-1828.30810551
-1828.31909177
-1828.32791878
-1828.33093908
-1828.32567937
-1828.31168244
-1828.31168244
-1828.29076336
-1828.26660116
-1828.24378117
-1828.22657502
-1828.21782736
-1828.21826020
-1828.22639663
-1828.23911682
-1828.25266473
-1828.26379341
-1828.27070895
-1828.27352802
-1828.27413071
-1828.27545609
-1828.28047118
-1828.29111757
-1828.30755356
-1828.32792672
-1828.34873978
-1828.36573460
-1828.37504520
-1828.37429414
-1828.36331531
-1828.34428463
-1828.34428463
-1828.32120746
-1828.29889945
-1828.28174724
-1828.27260109
-1828.27211220
-1828.27869508
-1828.28911279
-1828.29950020
-1828.30650865
-1828.30823985
-1828.30470834
-1828.29770645
-1828.29014965
-1828.28509982
-1828.28477117
-1828.28982286
-1828.29912506
-1828.31006856
-1828.31931571
-1828.32376267
-1828.32143321
-1828.31204573
-1828.29708721
-1828.27939860
-1828.26239613
-1828.24916962
-1828.24170773
-1828.24045985
-1828.24433039
-1828.25109723
-1828.25811733
-1828.26311681
-1828.26484020
-1828.26338718
-1828.26013680
-1828.25729523
-1828.25720861
-1828.26163452
-1828.27119053
-1828.28512555
-1828.30146812
-1828.31750860
-1828.33048738
-1828.33829673
-1828.34000801
-1828.33607206
-1828.32813604
-1828.31854212
-1828.30964890
-1828.30317316
-1828.29974187
-1828.29879418
-1828.29884058
-1828.29799790
-1828.29463054
-1828.28790743
-1828.27811484
-1828.26662964
-1828.25556963
-1828.24721542
-1828.24337154
-1828.24485386
-1828.25124194
-1828.26097260
-1828.27174507
-1828.28111544
-1828.28713215
-1828.28883025
-1828.28646126
-1828.28139793
-1828.27573904
-1828.27170788
-1828.27101235
-1828.27433843
-1828.28113377
-1828.28974190
-1828.29785996
-1828.30319132
-1828.30411726
-1828.30018807
-1828.29229324
-1828.28246106
-1828.27332571
-1828.26741987
-1828.26648382
-1828.27099172
-1828.28003261
-1828.29156938
-1828.30300034
-1828.31184973
-1828.31642040
-1828.31623168
-1828.31211412
-1828.30592181
-1828.29992181
-1828.29606363
-1828.29606363
-1828.29534826
-1828.29751251
-1828.30111100
-1828.30398434
-1828.30394674
-1828.29947064
-1828.29015537
-1828.27685541
-1828.26150021
-1828.24665543
-1828.23492970
-1828.22831596
-1828.22766057
-1828.23242054
-1828.24081915
-1828.25036286
-1828.25857907
-1828.26373287
-1828.26532174
-1828.26418510
-1828.26219887
-1828.26163352
-1828.26437354
-1828.27123147
-1828.28159062
-1828.29349139
-1828.30415197
-1828.31077152
-1828.31137345
-1828.30545304
-1828.29421744
-1828.28033422
-1828.26723796
-1828.25818579
-1828.25534734
-1828.25921054
-1828.26848198
-1828.28051754
-1828.29215526
-1828.29215526
-1828.30069955
-1828.30473863
-1828.30454559
-1828.30192659
-1828.29958453
-1828.30018239
-1828.30541678
-1828.31537801
-1828.32840318
-1828.34147376
-1828.35103889
-1828.35402358
-1828.34875575
-1828.33551999
-1828.31659998
-1828.29574434
-1828.27720349
-1828.26460264
-1828.25998813
-1828.26333718
-1828.27268286
-1828.28481063
-1828.29631160
-1828.30466209
-1828.30899342
-1828.31031407
-1828.31110258
-1828.31440495
-1828.32270978
-1828.33696729
-1828.35606851
-1828.37696138
-1828.39539707
-1828.40708915
-1828.40894098
-1828.39998668
-1828.38175001
-1828.35790741
-1828.33332355
-1828.31272574
-1828.29939727
-1828.29431256
-1828.29598001
-1828.30105880
-1828.30555096
-1828.30618095
-1828.30152502
-1828.29253464
-1828.28228137
-1828.27501894
-1828.27483381
-1828.28430855
-1828.30358215
-1828.33010104
-1828.35913101
-1828.38492202
-1828.40221037
-1828.40765231
-1828.40075233
-1828.38397922
-1828.36201291
-1828.34035072
-1828.32369696
-1828.31463890
-1828.31299927
-1828.31604305
-1828.31945569
-1828.31878695
-1828.31092580
-1828.29515724
-1828.27349513
-1828.25018488
-1828.23051257
-1828.21927819
-1828.21936294
-1828.23082637
-1828.25080006
-1828.27423527
-1828.29530818
-1828.30909090
-1828.31297396
-1828.30740435
-1828.29567635
-1828.28285689
-1828.27417365
-1828.27337159
-1828.28155353
-1828.29684413
-1828.31497997
-1828.33062820
-1828.33902595
-1828.33744221
-1828.32600715
-1828.30768380
-1828.28738165
-1828.27049998
-1828.26133372
-1828.26182073
-1828.27098764
-1828.28527192
-1828.29960600
-1828.30894675
-1828.30978778
-1828.30119933
-1828.28508508
-1828.26558739
-1828.24783565
-1828.23641357
-1828.23400851
-1828.24064114
-1828.25370017
-1828.26876452
-1828.28096149
-1828.28646227
-1828.28365860
-1828.27366923
-1828.26002523
-1828.24760793
-1828.24116006
-1828.24380074
-1828.25599367
-1828.27530927
-1828.29707105
-1828.31569957
-1828.32634551
-1828.32630983
-1828.31580781
-1828.29785512
-1828.27732345
-1828.25946434
-1828.24835009
-1828.24572614
-1828.25061679
-1828.25979379
-1828.26893913
-1828.27411772
-1828.27308125
-1828.26601035
-1828.25546691
-1828.24558405
-1828.24074979
-1828.24418864
-1828.25688221
-1828.27717378
-1828.30118290
-1828.32390549
-1828.34065469
-1828.34838380
-1828.34649360
-1828.33688706
-1828.32327725
-1828.30998418
-1828.30060319
-1828.29695109
-1828.29860702
-1828.30315595
-1828.30704827
-1828.30679102
-1828.30011567
-1828.30011567
-1828.28675822
-1828.28675822
-1828.26861808
-1828.24923910
-1828.23277312
-1828.22274386
-1828.22099875
-1828.22718009
-1828.23886428
-1828.25232530
-1828.26366406
-1828.26997005
-1828.27015684
-1828.26522955
-1828.25790191
-1828.25168451
-1828.24974210
-1828.25386355
-1828.26387364
-1828.27766656
-1828.29184685
-1828.30276838
-1828.30766273
-1828.30549372
-1828.29727685
-1828.28576601
-1828.27461110
-1828.26724264
-1828.26582678
-1828.27061400
-1828.27987127
-1828.29042620
-1828.29865207
-1828.30159997
-1828.29792002
-1828.28829630
-1828.27524230
-1828.26233905
-1828.25313629
-1828.25006481
-1828.25370636
-1828.26264964
-1828.27395514
-1828.28407028
-1828.28989049
-1828.28964449
-1828.28335345
-1828.27274064
-1828.26062532
-1828.25000966
-1828.24312148
-1828.24074507
-1828.24201205
-1828.24474523
-1828.24623534
-1828.24419600
-1828.24419600
-1828.24419600
-1828.17542674
-1828.11530939
-1828.07687701
-1828.06745434
-1828.08666152
-1828.12671764
-1828.17493463
-1828.17493463
-1828.21765446
-1828.24440895
-1828.24440895
-1828.25102590
-1828.24073890
-1828.22295841
-1828.21010685
-1828.21349363
-1828.23951076
-1828.28731772
-1828.34875188
-1828.41048579
-1828.45781289
-1828.47890673
-1828.46830067
-1828.42852868
-1828.36945406
-1828.30547627
-1828.25144402
-1828.21848032
-1828.21094897
-1828.22546447
-1828.25221723
-1828.27821497
-1828.29144537
-1828.28469139
-1828.25782825
-1828.21791465
-1828.17703455
-1828.14856072
-1828.14297335
-1828.16452685
-1828.20978550
-1828.26849149
-1828.32649221
-1828.36983841
-1828.38881696
-1828.38069382
-1828.35036997
-1828.30878141
-1828.26955906
-1828.24497188
-1828.24236441
-1828.26213789
-1828.29784045
-1828.33830175
-1828.37115358
-1828.38664969
-1828.38062846
-1828.35572666
-1828.32049513
-1828.28669986
-1828.26565614
-1828.26471327
-1828.28497799
-1828.32095355
-1828.36219474
-1828.39646838
-1828.41343814
-1828.40776243
-1828.38067349
-1828.38067349
-1828.33956531
-1828.29573607
-1828.26098060
-1828.24407756
-1828.24823526
-1828.27026494
-1828.30170279
-1828.33152010
-1828.34957435
-1828.34972679
-1828.33170123
-1828.30110750
-1828.26765213
-1828.24209229
-1828.23289466
-1828.24364278
-1828.27199614
-1828.31048153
-1828.34881996
-1828.37703507
-1828.38839036
-1828.38128547
-1828.35956619
-1828.33118198
-1828.30562339
-1828.29094281
-1828.29127968
-1828.30565620
-1828.32838660
-1828.35095115
-1828.36473334
-1828.36376070
-1828.34661606
-1828.31693969
-1828.28237676
-1828.25229047
-1828.23493178
-1828.23493198
-1828.25188307
-1828.28044753
-1828.31196496
-1828.33708339
-1828.34859787
-1828.34362279
-1828.32442729
-1828.29767699
-1828.27231052
-1828.25673067
-1828.25618158
-1828.27112617
-1828.29713632
-1828.32631150
-1828.34978106
-1828.36048813
-1828.35538093
-1828.33632747
-1828.30948262
-1828.28333130
-1828.26602965
-1828.26289037
-1828.27477238
-1828.29786725
-1828.32492215
-1828.34750461
-1828.35860663
-1828.35478297
-1828.33716926
-1828.31108386
-1828.28434025
-1828.28434025
-1828.26481237
-1828.25800856
-1828.26540765
-1828.28405969
-1828.30756583
-1828.32810400
-1828.33886968
-1828.33617153
-1828.32052942
-1828.29646221
-1828.27103643
-1828.25164291
-1828.24369666
-1828.24897239
-1828.26509143
-1828.28631725
-1828.30539725
-1828.31587875
-1828.31415885
-1828.30063259
-1828.27957268
-1828.25778565
-1828.24246796
-1828.23893086
-1828.24891075
-1828.26999144
-1828.29630106
-1828.32028438
-1828.33499143
-1828.33619417
-1828.32368406
-1828.30134514
-1828.27597156
-1828.25517566
-1828.24504019
-1828.24824334
-1828.26324486
-1828.28479885
-1828.30562118
-1828.31869346
-1828.31947574
-1828.30732584
-1828.28568754
-1828.26099654
-1828.24065363
-1828.23069473
-1828.23390114
-1828.24893929
-1828.27081124
-1828.29245327
-1828.30695863
-1828.30971552
-1828.29978466
-1828.28013371
-1828.25666689
-1828.23639098
-1828.22526741
-1828.22642125
-1828.23922237
-1828.25952691
-1828.28098842
-1828.29704353
-1828.30294928
-1828.29723949
-1828.28215680
-1828.26292756
-1828.24610777
-1828.23752101
-1828.24041957
-1828.25445600
-1828.27576588
-1828.29814493
-1828.31494549
-1828.32110152
-1828.31466490
-1828.29737587
-1828.27411300
-1828.25139741
-1828.23541806
-1828.23017809
-1828.23635134
-1828.25118012
-1828.26943881
-1828.28515012
-1828.29348629
-1828.29227332
-1828.28260743
-1828.26842107
-1828.25514291
-1828.24790672
-1828.24987298
-1828.26120613
-1828.27901879
-1828.29828339
-1828.31341985
-1828.32005182
-1828.31636780
-1828.30367438
-1828.28596246
-1828.26862560
-1828.25675197
-1828.25352606
-1828.25925038
-1828.27129284
-1828.28496831
-1828.29506836
-1828.29755090
-1828.29085547
-1828.27643612
-1828.25834378
-1828.24198804
-1828.23247134
-1828.23301552
-1828.24396780
-1828.26269567
-1828.28440655
-1828.30362135
-1828.31583837
-1828.31886338
-1828.31338910
-1828.30265651
-1828.29131560
-1828.28386205
-1828.28315884
-1828.28950459
-1828.30055053
-1828.31209675
-1828.31950459
-1828.31927232
-1828.31026562
-1828.29418437
-1828.27510507
-1828.25823254
-1828.24825850
-1828.24785966
-1828.25682307
-1828.27209361
-1828.28872262
-1828.30143379
-1828.30629897
-1828.30199111
-1828.29021643
-1828.27518172
-1828.26226610
-1828.25632792
-1828.26017146
-1828.27365422
-1828.29369879
-1828.31518816
-1828.33249121
-1828.34113909
-1828.33916490
-1828.32767344
-1828.31045985
-1828.29277699
-1828.27964941
-1828.27426094
-1828.27694134
-1828.28507963
-1828.29398965
-1828.29846800
-1828.29453568
-1828.28082933
-1828.25919550
-1828.23429221
-1828.21230556
-1828.19915259
-1828.19870263
-1828.21155721
-1828.23477372
-1828.26264235
-1828.28831275
-1828.30579939
-1828.31175180
-1828.30643328
-1828.29357572
-1828.27914635
-1828.26940024
-1828.26883645
-1828.27870994
-1828.29657113
-1828.31698164
-1828.33318294
-1828.33921197
-1828.33180474
-1828.31150777
-1828.28263502
-1828.25207763
-1828.22732191
-1828.21426894
-1828.21552428
-1828.22967461
-1828.25177082
-1828.27487551
-1828.29220347
-1828.29919218
-1828.29485864
-1828.28202875
-1828.26634233
-1828.25437159
-1828.25143594
-1828.25982642
-1828.27800009
-1828.30099679
-1828.32195141
-1828.33422455
-1828.33350326
-1828.31921354
-1828.29481686
-1828.26687518
-1828.24317442
-1828.23044756
-1828.23238251
-1828.24850070
-1828.27426543
-1828.30241635
-1828.32515171
-1828.33647365
-1828.33397991
-1828.31953438
-1828.29864630
-1828.27876019
-1828.26696356
-1828.26780234
-1828.28184568
-1828.30544932
-1828.33179952
-1828.35293937
-1828.36217208
-1828.35612869
-1828.33586554
-1828.30665530
-1828.27649916
-1828.25378144
-1828.24477118
-1828.25172267
-1828.27217350
-1828.29966807
-1828.32570359
-1828.34230830
-1828.34446591
-1828.33164678
-1828.30796146
-1828.28089173
-1828.25898038
-1828.24918861
-1828.25473038
-1828.27405629
-1828.30130808
-1828.32809887
-1828.34607122
-1828.34943129
-1828.33668496
-1828.31105884
-1828.27950164
-1828.25059757
-1828.23202028
-1828.22829869
-1828.23955714
-1828.26159349
-1828.28726508
-1828.30873063
-1828.31986017
-1828.31806558
-1828.30501895
-1828.28603843
-1828.26836972
-1828.25889442
-1828.26197182
-1828.27807219
-1828.30361837
-1828.33206890
-1828.35590674
-1828.36892025
-1828.36807380
-1828.35440761
-1828.33269328
-1828.30996081
-1828.29334762
-1828.28794198
-1828.29527914
-1828.31293630
-1828.33534613
-1828.35554730
-1828.36732877
-1828.36710844
-1828.35497260
-1828.33458907
-1828.31201650
-1828.29380413
-1828.28496220
-1828.28744687
-1828.29961816
-1828.31681791
-1828.33287412
-1828.34204893
-1828.34081768
-1828.32894868
-1828.30955804
-1828.28814128
-1828.27088710
-1828.26279578
-1828.26617326
-1828.27996504
-1828.30010856
-1828.32079926
-1828.33625928
-1828.34247633
-1828.33837460
-1828.32605811
-1828.31007820
-1828.29594883
-1828.28839862
-1828.28990776
-1828.29997593
-1828.31533659
-1828.33103583
-1828.34200816
-1828.34465659
-1828.33794939
-1828.32369958
-1828.30599007
-1828.28991933
-1828.28007165
-1828.27915271
-1828.28719842
-1828.28719842
-1828.30158546
-1828.31783964
-1828.33099185
-1828.33706917
-1828.33426187
-1828.32341954
-1828.30771777
-1828.29162953
-1828.27951322
-1828.27427577
-1828.27653851
-1828.28455996
-1828.29491341
-1828.30368573
-1828.30778563
-1828.30594481
-1828.29908110
-1828.28995931
-1828.28224510
-1828.27929108
-1828.28303540
-1828.29335787
-1828.30809300
-1828.32368030
-1828.33624046
-1828.34272980
-1828.34182413
-1828.33424783
-1828.32247108
-1828.30988141
-1828.29970044
-1828.29399566
-1828.29310015
-1828.29561459
-1828.29897777
-1828.30041426
-1828.29793483
-1828.29108164
-1828.28116093
-1828.27090434
-1828.26365158
-1828.26230757
-1828.26840130
-1828.28154007
-1828.29944454
-1828.31855546
-1828.33505030
-1828.34594056
-1828.34992227
-1828.34769666
-1828.34166309
-1828.33506599
-1828.33087408
-1828.33075444
-1828.33448511
-1828.34001718
-1828.34417919
-1828.34379340
-1828.33685178
-1828.32333783
-1828.30540794
-1828.28685720
-1828.27200841
-1828.26437695
-1828.26553762
-1828.27456873
-1828.28827004
-1828.30209290
-1828.31151257
-1828.31340115
-1828.30698250
-1828.29405670
-1828.27842937
-1828.26472450
-1828.25695514
-1828.25728881
-1828.26539658
-1828.27856708
-1828.29255666
-1828.30290505
-1828.30632053
-1828.30171575
-1828.29058386
-1828.27659303
-1828.26450304
-1828.25872341
-1828.26195057
-1828.27431548
-1828.29330979
-1828.31449962
-1828.33279857
-1828.34390811
-1828.34555044
-1828.33815451
-1828.32476892
-1828.31015216
-1828.29928800
-1828.29576329
-1828.30057033
-1828.31171928
-1828.32481851
-1828.33445853
-1828.33596891
-1828.32699365
-1828.30837844
-1828.28406391
-1828.25999568
-1828.24237253
-1828.23578695
-1828.24182296
-1828.25856580
-1828.28116156
-1828.30326141
-1828.31891392
-1828.32433561
-1828.31902362
-1828.30587134
-1828.29023804
-1828.27824117
-1828.27480514
-1828.28206132
-1828.29861332
-1828.31989749
-1828.33953741
-1828.35128252
-1828.35094676
-1828.33773309
-1828.31453933
-1828.28713915
-1828.26247913
-1828.24661973
-1828.24294638
-1828.25120275
-1828.26764630
-1828.28627597
-1828.30075346
-1828.30641400
-1828.30174498
-1828.28886296
-1828.27284405
-1828.26011918
-1828.25642289
-1828.26492907
-1828.28516026
-1828.31301494
-1828.34191946
-1828.36476441
-1828.37603225
-1828.37346318
-1828.35873409
-1828.33694570
-1828.31505594
-1828.29974552
-1828.29536756
-1828.30260606
-1828.31826619
-1828.33625470
-1828.34947038
-1828.35200958
-1828.34102322
-1828.31764736
-1828.28670029
-1828.25524191
-1828.23043341
-1828.21735073
-1828.21744941
-1828.22815027
-1828.24368834
-1828.25695464
-1828.26177117
-1828.25488424
-1828.23705793
-1828.21292270
-1828.18961332
-1828.17460476
-1828.17340763
-1828.18781546
-1828.21526912
-1828.24953509
-1828.28252217
-1828.30667840
-1828.31724184
-1828.31363609
-1828.29957754
-1828.28185036
-1828.26813575
-1828.26455778
-1828.27371034
-1828.29377455
-1828.31900551
-1828.34145580
-1828.35341392
-1828.34982645
-1828.32996427
-1828.29781162
-1828.26104733
-1828.22890093
-1828.20951975
-1828.20762637
-1828.22316333
-1828.25132213
-1828.28395923
-1828.31197338
-1828.32794595
-1828.32825848
-1828.31406760
-1828.29083990
-1828.26661043
-1828.24948232
-1828.24512828
-1828.25504753
-1828.27610396
-1828.30147491
-1828.32273833
-1828.33246496
-1828.32652348
-1828.30539711
-1828.27411435
-1828.24080774
-1828.21434908
-1828.20176948
-1828.20623002
-1828.22614223
-1828.25569474
-1828.28661759
-1828.31064936
-1828.32195891
-1828.31881452
-1828.30400964
-1828.28394175
-1828.26662853
-1828.25925925
-1828.26600523
-1828.28674031
-1828.31704309
-1828.34947907
-1828.37577187
-1828.38921931
-1828.38662792
-1828.36919626
-1828.34208244
-1828.31280420
-1828.28897417
-1828.27605078
-1828.27580736
-1828.28595928
-1828.30105330
-1828.31431666
-1828.31988835
-1828.31471294
-1828.29951647
-1828.27856702
-1828.25831575
-1828.24535903
-1828.24435258
-1828.25652938
-1828.27924770
-1828.30671737
-1828.33167277
-1828.34749805
-1828.35014655
-1828.33927484
-1828.31824968
-1828.29305336
-1828.27043898
-1828.25591442
-1828.25216125
-1828.25836133
-1828.27060879
-1828.28327648
-1828.29088015
-1828.28985239
-1828.27968316
-1828.26307069
-1828.24506162
-1828.23147478
-1828.22709929
-1828.23422870
-1828.25197162
-1828.27654027
-1828.30240826
-1828.32397667
-1828.33722692
-1828.34085265
-1828.33653515
-1828.32829310
-1828.32111615
-1828.31932515
-1828.32515574
-1828.33802306
-1828.35469945
-1828.37034184
-1828.38004693
-1828.38042797
-1828.37069974
-1828.35293925
-1828.33144367
-1828.31140589
-1828.29733397
-1828.29171648
-1828.29432634
-1828.30236585
-1828.31138724
-1828.31669711
-1828.31482826
-1828.30462243
-1828.28758753
-1828.26743555
-1828.24893901
-1828.23648027
-1828.23274979
-1828.23799620
-1828.25004830
-1828.26508731
-1828.27888951
-1828.28815432
-1828.29146976
-1828.28963840
-1828.28528691
-1828.28189784
-1828.28259885
-1828.28908466
-1828.28908466
-1828.30101452
-1828.31608109
-1828.33071869
-1828.34123276
-1828.34499430
-1828.34130581
-1828.33166468
-1828.31932890
-1828.30831471
-1828.30213593
-1828.30268615
-1828.30962425
-1828.32047243
-1828.33140290
-1828.33847275
-1828.33890884
-1828.33202768
-1828.31949949
-1828.30486829
-1828.29246998
-1828.28609596
-1828.28780510
-1828.29725667
-1828.31177823
-1828.32714774
-1828.33885529
-1828.34347242
-1828.33968467
-1828.32868480
-1828.31378503
-1828.29937598
-1828.28954983
-1828.28683899
-1828.29146078
-1828.30131080
-1828.31268785
-1828.32149867
-1828.32453420
-1828.32044170
-1828.31013401
-1828.29653504
-1828.28371172
-1828.27562078
-1828.27486403
-1828.28183239
-1828.29454365
-1828.30920619
-1828.32134301
-1828.32713596
-1828.32457938
-1828.31410855
-1828.31410855
-1828.29850929
-1828.28213683
-1828.26966936
-1828.26477707
-1828.26908839
-1828.28175599
-1828.29975078
-1828.31877806
-1828.33453636
-1828.34392899
-1828.34587184
-1828.34145643
-1828.33345181
-1828.32532539
-1828.32010495
-1828.31943549
-1828.32311694
-1828.32923478
-1828.33483143
-1828.33688055
-1828.33326987
-1828.32348407
-1828.30879861
-1828.29193030
-1828.27627119
-1828.26494473
-1828.25996316
-1828.26174192
-1828.26909549
-1828.27969090
-1828.29080962
-1828.30015884
-1828.30648902
-1828.30983582
-1828.31133556
-1828.31270651
-1828.31557423
-1828.32085959
-1828.32842648
-1828.33710475
-1828.34507113
-1828.35046802
-1828.35202648
-1828.34948962
-1828.34368838
-1828.33625969
-1828.32911072
-1828.32382245
-1828.32117656
-1828.32096721
-1828.32213534
-1828.32318118
-1828.32271830
-1828.31998488
-1828.31515272
-1828.30934304
-1828.30431997
-1828.30196696
-1828.30370333
-1828.31002241
-1828.32030280
-1828.33294584
-1828.34580119
-1828.35676976
-1828.36441061
-1828.36836022
-1828.36938874
-1828.36905753
-1828.36909208
-1828.37069466
-1828.37404703
-1828.37817707
-1828.38123259
-1828.38108375
-1828.37605825
-1828.36556728
-1828.35041821
-1828.33269220
-1828.31520984
-1828.30073730
-1828.29118055
-1828.28703600
-1828.28728718
-1828.28978685
-1828.29200711
-1828.29190407
-1828.28860975
-1828.28272796
-1828.27613623
-1828.27136424
-1828.27076031
-1828.27570195
-1828.28610345
-1828.30037452
-1828.31583826
-1828.32948860
-1828.33885126
-1828.34268018
-1828.34127763
-1828.33633997
-1828.33037239
-1828.32585757
-1828.32444531
-1828.32642323
-1828.33064347
-1828.33493948
-1828.33690201
-1828.33476089
-1828.32806566
-1828.31793686
-1828.30678507
-1828.29758002
-1828.29290086
-1828.29407452
-1828.30069208
-1828.31065756
-1828.32078165
-1828.32773442
-1828.32907901
-1828.32405294
-1828.31383307
-1828.30119138
-1828.28961619
-1828.28219582
-1828.28059846
-1828.28447975
-1828.29152549
-1828.29813712
-1828.30057029
-1828.29618159
-1828.28438295
-1828.26698055
-1828.24775653
-1828.23140528
-1828.22213414
-1828.22237506
-1828.23200876
-1828.24837249
-1828.26703914
-1828.28315032
-1828.29288054
-1828.29458067
-1828.28924292
-1828.28014594
-1828.27177387
-1828.26833579
-1828.27235223
-1828.28375641
-1828.29981081
-1828.31588892
-1828.32689303
-1828.32886885
-1828.32031409
-1828.30274283
-1828.28032188
-1828.25866282
-1828.24316182
-1828.23738849
-1828.24203427
-1828.25472459
-1828.27075309
-1828.28452462
-1828.29127734
-1828.28856524
-1828.27703843
-1828.26027685
-1828.24370939
-1828.23295199
-1828.23206636
-1828.24228152
-1828.26157685
-1828.28526069
-1828.30737913
-1828.32253060
-1828.32753054
-1828.32238978
-1828.31030539
-1828.29663976
-1828.28721740
-1828.28645014
-1828.29587358
-1828.31355710
-1828.33457908
-1828.35245406
-1828.36109655
-1828.35671870
-1828.33907865
-1828.31166211
-1828.28072237
-1828.25346062
-1828.23588622
-1828.23104736
-1828.23817070
-1828.25298663
-1828.26912596
-1828.28016292
-1828.28166363
-1828.27262131
-1828.25583088
-1828.23708477
-1828.22342125
-1828.22094669
-1828.23290709
-1828.25858269
-1828.29337598
-1828.33005634
-1828.36079606
-1828.37938444
-1828.38295849
-1828.37272556
-1828.35347348
-1828.33199795
-1828.31496031
-1828.30680825
-1828.30842050
-1828.31689031
-1828.32651121
-1828.33065858
-1828.32398505
-1828.30425347
-1828.27323926
-1828.23641395
-1828.20149490
-1828.17628877
-1828.16646714
-1828.17394651
-1828.19634437
-1828.22768217
-1828.26012600
-1828.28624266
-1828.30109817
-1828.30356570
-1828.29646020
-1828.28545733
-1828.27715586
-1828.27688969
-1828.28696936
-1828.30591349
-1828.32889182
-1828.34924791
-1828.36060758
-1828.35892342
-1828.34380815
-1828.31873717
-1828.29006509
-1828.26514812
-1828.25014379
-1828.24818475
-1828.25849024
-1828.27668661
-1828.29623307
-1828.31051436
-1828.31494080
-1828.30841056
-1828.29366263
-1828.27639633
-1828.26340751
-1828.26032922
-1828.26970256
-1828.29000668
-1828.31597238
-1828.34010283
-1828.35493611
-1828.35533461
-1828.34010376
-1828.31242460
-1828.27896872
-1828.24796145
-1828.22678616
-1828.21984732
-1828.22734408
-1828.24531284
-1828.26692559
-1828.28463563
-1828.29254034
-1828.28822006
-1828.27349764
-1828.25386786
-1828.23676325
-1828.22919105
-1828.23546858
-1828.25576790
-1828.28592841
-1828.31860724
-1828.34541812
-1828.35942212
-1828.35721940
-1828.34000793
-1828.31328536
-1828.28526153
-1828.26443726
-1828.25707108
-1828.26529002
-1828.28643635
-1828.31385521
-1828.33891512
-1828.35364218
-1828.35318742
-1828.33736313
-1828.31076303
-1828.28142612
-1828.25843014
-1828.24913388
-1828.25691927
-1828.28012354
-1828.31250849
-1828.34512458
-1828.36900682
-1828.37788227
-1828.37005104
-1828.34886638
-1828.32166587
-1828.29748742
-1828.28427522
-1828.28645157
-1828.30358226
-1828.33054043
-1828.35908651
-1828.38038516
-1828.38768759
-1828.37837836
-1828.35475222
-1828.32330497
-1828.29275578
-1828.27140040
-1828.26462106
-1828.27329940
-1828.29360288
-1828.31820158
-1828.33850741
-1828.34727904
-1828.34078377
-1828.31989755
-1828.28981964
-1828.25850626
-1828.23429629
-1828.22345224
-1828.22833988
-1828.24679669
-1828.27286402
-1828.29866176
-1828.31680447
-1828.32263352
-1828.31556784
-1828.29918533
-1828.28001389
-1828.26542978
-1828.26132614
-1828.27026229
-1828.29068201
-1828.31740730
-1828.34324329
-1828.36117664
-1828.36647928
-1828.35807714
-1828.33878262
-1828.31434316
-1828.29162889
-1828.27652177
-1828.27214920
-1828.27799598
-1828.29015943
-1828.30265449
-1828.30936295
-1828.30600030
-1828.29149470
-1828.26836334
-1828.24197933
-1828.21898000
-1828.20533178
-1828.20462075
-1828.21707872
-1828.23959746
-1828.26669935
-1828.29215166
-1828.31073647
-1828.31965690
-1828.31917815
-1828.31234453
-1828.30387605
-1828.29859920
-1828.29990146
-1828.30867240
-1828.32305644
-1828.33905843
-1828.35181467
-1828.35712148
-1828.35276300
-1828.33922108
-1828.31956359
-1828.29853903
-1828.28116038
-1828.27121909
-1828.27018303
-1828.27682104
-1828.28766193
-1828.29813995
-1828.30406447
-1828.30295703
-1828.29483403
-1828.28218650
-1828.26917268
-1828.26027899
-1828.25886900
-1828.26608479
-1828.28044449
-1828.29826591
-1828.31477739
-1828.32556556
-1828.32788438
-1828.32143085
-1828.30834386
-1828.29245771
-1828.27805372
-1828.26852401
-1828.26537591
-1828.26788245
-1828.27346920
-1828.27868958
-1828.28044464
-1828.27704891
-1828.26881285
-1828.25796561
-1828.24796734
-1828.24242913
-1828.24398045
-1828.25343351
-1828.26949262
-1828.28908828
-1828.30823621
-1828.32315648
-1828.33132534
-1828.33214407
-1828.32703847
-1828.31894810
-1828.31138051
-1828.30730476
-1828.30822864
-1828.31374107
-1828.32165802
-1828.32873259
-1828.33171545
-1828.32843779
-1828.31857601
-1828.30385293
-1828.28760250
-1828.27382206
-1828.26600535
-1828.26612151
-1828.27404955
-1828.28765237
-1828.30345635
-1828.31771996
-1828.32755733
-1828.33176257
-1828.33107413
-1828.32779480
-1828.32489630
-1828.32489991
-1828.32891911
-1828.33618898
-1828.34424838
-1828.34973571
-1828.34951420
-1828.34176874
-1828.32670116
-1828.30659863
-1828.28524151
-1828.26684070
-1828.25484746
-1828.25100902
-1828.25495228
-1828.26440256
-1828.27595468
-1828.28614817
-1828.29252874
-1828.29436103
-1828.29280698
-1828.29049765
-1828.29063029
-1828.29586064
-1828.30732779
-1828.32411882
-1828.34337243
-1828.36100366
-1828.37287437
-1828.37603508
-1828.36966321
-1828.35539431
-1828.33692562
-1828.31899915
-1828.30605703
-1828.30096344
-1828.30417728
-1828.31363508
-1828.32538573
-1828.33480468
-1828.33803653
-1828.33322494
-1828.32116284
-1828.30513151
-1828.28995876
-1828.28055135
-1828.28035662
-1828.29022042
-1828.30803328
-1828.32927450
-1828.34830357
-1828.35998728
-1828.36119160
-1828.35167813
-1828.33415911
-1828.31347935
-1828.29520130
-1828.28399335
-1828.28232807
-1828.28232807
-1828.28985381
-1828.30360673
-1828.31897514
-1828.33112571
-1828.33646200
-1828.33369267
-1828.32419847
-1828.31158858
-1828.30057591
-1828.29551558
-1828.29905502
-1828.31130109
-1828.32976191
-1828.35005789
-1828.36717034
-1828.37686206
-1828.37684937
-1828.36739940
-1828.35119924
-1828.33254068
-1828.31606663
-1828.30543960
-1828.30233316
-1828.30603450
-1828.31378871
-1828.32176033
-1828.32632401
-1828.32524848
-1828.31837553
-1828.30756222
-1828.29595013
-1828.28687964
-1828.28285274
-1828.28483030
-1828.29200144
-1828.30204830
-1828.31182695
-1828.31827624
-1828.31929419
-1828.31431646
-1828.30443397
-1828.29200590
-1828.27990342
-1828.27063287
-1828.26561634
-1828.26485979
-1828.26709321
-1828.27029788
-1828.27244149
-1828.27215728
-1828.26916179
-1828.26429699
-1828.25923534
-1828.25594850
-1828.25611778
-1828.26063816
-1828.26934024
-1828.28100822
-1828.29368087
-1828.30515157
-1828.31352742
-1828.31769255
-1828.31755697
-1828.31403831
-1828.30878134
-1828.30369506
-1828.30044494
-1828.30003234
-1828.30257781
-1828.30735018
-1828.31301942
-1828.31805050
-1828.32114088
-1828.32160201
-1828.31957812
-1828.31602527
-1828.31243888
-1828.31243888
-1828.31037751
-1828.31094043
-1828.31436726
-1828.31989640
-1828.32594970
-1828.33057932
-1828.33205697
-1828.32941160
-1828.32274521
-1828.31321677
-1828.30269453
-1828.29320586
-1828.28636886
-1828.28297546
-1828.28283764
-1828.28492997
-1828.28776036
-1828.28985856
-1828.29022145
-1828.28859517
-1828.28553139
-1828.28221000
-1828.28010136
-1828.28054712
-1828.28438891
-1828.29173423
-1828.30192340
-1828.31369319
-1828.32548348
-1828.33578329
-1828.34343396
-1828.34782170
-1828.34893190
-1828.34727577
-1828.34371177
-1828.33920689
-1828.33458355
-1828.33031989
-1828.32646017
-1828.32265853
-1828.31836129
-1828.31306881
-1828.30659389
-1828.29921468
-1828.29166879
-1828.28497255
-1828.28012789
-1828.27781561
-1828.27817425
-1828.28074126
-1828.28457425
-1828.28851593
-1828.29151902
-1828.29292932
-1828.29264043
-1828.29108592
-1828.28908702
-1828.28760285
-1828.28746969
-1828.28918154
-1828.29277069
-1828.29781483
-1828.30357042
-1828.30920173
-1828.31403110
-1828.31773754
-1828.32043443
-1828.32260022
-1828.32489261
-1828.32791249
-1828.33198303
-1828.33702217
-1828.34252955
-1828.34767949
-1828.35151975
-1828.35320203
-1828.35220779
-1828.34849760
-1828.34254838
-1828.33526270
-1828.32776133
-1828.32111428
-1828.31607862
-1828.31291375
-1828.31132664
-1828.31057363
-1828.30969035
-1828.30779774
-1828.30439839
-1828.29957242
-1828.29401984
-1828.28891897
-1828.28562080
-1828.28525386
-1828.28834700
-1828.29458780
-1828.30280852
-1828.31122055
-1828.31785167
-1828.32106395
-1828.31999837
-1828.31481561
-1828.30665621
-1828.29732018
-1828.28877299
-1828.28260519
-1828.27960863
-1828.27959284
-1828.28149389
-1828.28374118
-1828.28478110
-1828.28359452
-1828.28005811
-1828.27503762
-1828.27016350
-1828.26736239
-1828.26826298
-1828.27365171
-1828.28314857
-1828.29520787
-1828.30745701
-1828.31728979
-1828.32254671
-1828.32208642
-1828.31609501
-1828.30602926
-1828.29422561
-1828.28327493
-1828.27533047
-1828.27153640
-1828.27175326
-1828.27465978
-1828.27820483
-1828.28028695
-1828.27944514
-1828.27534987
-1828.26894106
-1828.26216991
-1828.25742207
-1828.25680420
-1828.26151131
-1828.27145589
-1828.28525719
-1828.30059736
-1828.31483226
-1828.32568210
-1828.33179836
-1828.33306033
-1828.33050277
-1828.32590745
-1828.32118833
-1828.31774547
-1828.31600334
-1828.31528334
-1828.31405570
-1828.31050937
-1828.30324369
-1828.29186534
-1828.27728725
-1828.26161697
-1828.24765491
-1828.23814150
-1828.23497579
-1828.23864270
-1828.24804336
-1828.26078765
-1828.27385815
-1828.28445159
-1828.29072189
-1828.29222776
-1828.28993681
-1828.28580948
-1828.28209429
-1828.28054719
-1828.28183601
-1828.28530163
-1828.28916926
-1828.29114241
-1828.28919365
-1828.28231073
-1828.27094019
-1828.25698226
-1828.24332068
-1828.23303278
-1828.22852140
-1828.23083935
-1828.23939553
-1828.25213116
-1828.26610510
-1828.27831357
-1828.28653272
-1828.28992754
-1828.28923654
-1828.28644060
-1828.28403089
-1828.28409142
-1828.28751362
-1828.29359757
-1828.30018255
-1828.30427877
-1828.30301752
-1828.29462314
-1828.27910830
-1828.25847445
-1828.23632930
-1828.21703053
-1828.20458285
-1828.20160313
-1828.20865401
-1828.22414160
-1828.24480704
-1828.26667401
-1828.28617338
-1828.30110550
-1828.31114710
-1828.31775102
-1828.32347120
-1828.33092833
-1828.34175202
-1828.35585213
-1828.37126534
-1828.38465820
-1828.39233985
-1828.39145818
-1828.38099385
-1828.36222026
-1828.33847896
-1828.31432799
-1828.29431321
-1828.28174320
-1828.27782712
-1828.28142217
-1828.28946067
-1828.29791933
-1828.30302571
-1828.30236041
-1828.29553193
-1828.28423993
-1828.27170990
-1828.26167358
-1828.25719847
-1828.25971998
-1828.26857798
-1828.28119722
-1828.29385791
-1828.30281424
-1828.30541565
-1828.30090009
-1828.29062451
-1828.27767153
-1828.26596786
-1828.25915214
-1828.25952130
-1828.26737730
-1828.28094181
-1828.29688403
-1828.31131345
-1828.32093459
-1828.32402798
-1828.32095438
-1828.31401555
-1828.30670980
-1828.30258533
-1828.30405761
-1828.31155528
-1828.32328452
-1828.33569618
-1828.34452204
-1828.34607490
-1828.33840084
-1828.32193064
-1828.29942272
-1828.27521252
-1828.25400679
-1828.23957629
-1828.23374148
-1828.23594435
-1828.24351776
-1828.25256954
-1828.25920988
-1828.26075469
-1828.25653813
-1828.24810507
-1828.23872386
-1828.23236393
-1828.23243955
-1828.24069989
-1828.25660916
-1828.27741245
-1828.29887355
-1828.31645232
-1828.32657821
-1828.32764453
-1828.32043576
-1828.30788054
-1828.29418728
-1828.28362977
-1828.27930790
-1828.28225382
-1828.29113345
-1828.30264987
-1828.31254071
-1828.31688380
-1828.31332717
-1828.30184889
-1828.28481763
-1828.26630892
-1828.25088861
-1828.24224074
-1828.24205657
-1828.24956343
-1828.26180628
-1828.27459999
-1828.28383588
-1828.28673887
-1828.28270195
-1828.27345776
-1828.26254703
-1828.25423531
-1828.25220833
-1828.25841621
-1828.27243828
-1828.29158091
-1828.31167771
-1828.32833172
-1828.33817892
-1828.33980582
-1828.33404609
-1828.32362700
-1828.31229023
-1828.30366339
-1828.30021338
-1828.30257565
-1828.30943971
-1828.31800715
-1828.32487394
-1828.32707477
-1828.32297812
-1828.31278597
-1828.29848749
-1828.28329127
-1828.27070271
-1828.26353710
-1828.26314287
-1828.26907144
-1828.27925785
-1828.29064819
-1828.30008018
-1828.30515843
-1828.30489771
-1828.29994242
-1828.29231448
-1828.28477497
-1828.27997066
-1828.27964896
-1828.28416424
-1828.29240836
-1828.30218654
-1828.31090644
-1828.31638393
-1828.31751141
-1828.31461220
-1828.30935618
-1828.30427785
-1828.30202505
-1828.30456311
-1828.31255600
-1828.32512222
-1828.34001752
-1828.35420913
-1828.36467484
-1828.36920011
-1828.36694193
-1828.35859320
-1828.34612499
-1828.33218729
-1828.31935616
-1828.30944644
-1828.30307407
-1828.29960421
-1828.29752120
-1828.29508626
-1828.29102271
-1828.28497855
-1828.27764905
-1828.27055377
-1828.26557733
-1828.26442477
-1828.26813587
-1828.27680234
-1828.28954701
-1828.30476521
-1828.32054232
-1828.33512479
-1828.34729527
-1828.35656098
-1828.36311878
-1828.36763321
-1828.37092324
-1828.37364400
-1828.37606419
-1828.37796989
-1828.37872799
-1828.37747635
-1828.37339929
-1828.36600569
-1828.35533779
-1828.34206040
-1828.32737952
-1828.31282886
-1828.29995894
-1828.29002204
-1828.28371769
-1828.28106200
-1828.28140807
-1828.28360801
-1828.28628938
-1828.28817539
-1828.28837766
-1828.28659354
-1828.28316571
-1828.27899216
-1828.27530389
-1828.27335689
-1828.27410950
-1828.27796486
-1828.28466167
-1828.29334313
-1828.30278474
-1828.31170303
-1828.31904950
-1828.32420803
-1828.32705982
-1828.32793118
-1828.32746694
-1828.32644972
-1828.32558318
-1828.32526311
-1828.32541357
-1828.32543731
-1828.32434085
-1828.32101393
-1828.31459259
-1828.30479392
-1828.29211468
-1828.27781741
-1828.26370243
-1828.25171327
-1828.24348359
-1828.23993748
-1828.24106197
-1828.24591793
-1828.25290478
-1828.26020879
-1828.26631920
-1828.27045662
-1828.27278754
-1828.27434143
-1828.27664422
-1828.28117776
-1828.28882326
-1828.29947729
-1828.31196531
-1828.32429151
-1828.33414567
-1828.33952660
-1828.33930736
-1828.33356386
-1828.32356552
-1828.31142476
-1828.29950548
-1828.28976964
-1828.28326354
-1828.27990392
-1828.27861720
-1828.27778275
-1828.27582600
-1828.27179045
-1828.26571939
-1828.25872379
-1828.25270077
-1828.24973587
-1828.25136600
-1828.25794955
-1828.26838542
-1828.28031138
-1828.29073535
-1828.29689959
-1828.29709288
-1828.29114736
-1828.28047891
-1828.26766828
-1828.25571694
-1828.24720796
-1828.24361720
-1828.24497986
-1828.24999671
-1828.25653546
-1828.26236187
-1828.26588404
-1828.26666083
-1828.26554113
-1828.26437314
-1828.26538248
-1828.27039780
-1828.28016456
-1828.29398238
-1828.30978273
-1828.32464923
-1828.33562609
-1828.34056386
-1828.33874693
-1828.33111344
-1828.31999594
-1828.30844606
-1828.29934886
-1828.29458413
-1828.29449952
-1828.29786583
-1828.30232951
-1828.30524176
-1828.30459912
-1828.29979881
-1828.29196125
-1828.28367288
-1828.27820959
-1828.27846047
-1828.28590456
-1828.29998381
-1828.31809949
-1828.33625307
-1828.35014896
-1828.35641843
-1828.35360073
-1828.34259279
-1828.32641923
-1828.30939670
-1828.29592815
-1828.28930013
-1828.29082337
-1828.29956702
-1828.31275178
-1828.32666292
-1828.33780490
-1828.34393465
-1828.34467046
-1828.34148976
-1828.33713739
-1828.33463687
-1828.33623259
-1828.34260363
-1828.35259503
-1828.36354372
-1828.37209228
-1828.37521404
-1828.37115604
-1828.35999935
-1828.34369536
-1828.32554658
-1828.30929669
-1828.29808758
-1828.29359287
-1828.29557875
-1828.30203069
-1828.30980025
-1828.31560207
-1828.31705129
-1828.31344929
-1828.30604629
-1828.29769893
-1828.29199569
-1828.29211065
-1828.29975590
-1828.31456192
-1828.33409772
-1828.35451131
-1828.37160198
-1828.38198094
-1828.38398673
-1828.37807879
-1828.36660184
-1828.35299991
-1828.34072271
-1828.33216656
-1828.32798615
-1828.32698991
-1828.32664712
-1828.32405976
-1828.31704242
-1828.30499091
-1828.28923082
-1828.27272908
-1828.25927130
-1828.25236134
-1828.25418331
-1828.26492439
-1828.28263846
-1828.30369167
-1828.32367150
-1828.33853509
-1828.34567912
-1828.34460086
-1828.33694634
-1828.32591068
-1828.31519326
-1828.30782656
-1828.30525058
-1828.30690699
-1828.31046929
-1828.31263818
-1828.31025469
-1828.30140397
-1828.28616839
-1828.26676430
-1828.24702170
-1828.23132481
-1828.22335023
-1828.22498501
-1828.23574853
-1828.25291437
-1828.27228515
-1828.28939931
-1828.30079653
-1828.30495785
-1828.30264075
-1828.29651232
-1828.29020117
-1828.28705743
-1828.28901685
-1828.29591260
-1828.30547728
-1828.31403745
-1828.31769649
-1828.31362979
-1828.30108423
-1828.28176106
-1828.25945977
-1828.23906841
-1828.22518775
-1828.22080678
-1828.22643685
-1828.23998146
-1828.25738977
-1828.27388872
-1828.28539111
-1828.28966038
-1828.28686699
-1828.27940928
-1828.27106280
-1828.26573894
-1828.26622062
-1828.27327438
-1828.28537633
-1828.29915290
-1828.31038342
-1828.31529414
-1828.31172851
-1828.29985674
-1828.28218478
-1828.26285297
-1828.24644306
-1828.23665011
-1828.23522355
-1828.24149198
-1828.25259901
-1828.26438220
-1828.27263169
-1828.27435607
-1828.26867542
-1828.25707568
-1828.24293784
-1828.23048542
-1828.22348908
-1828.22411538
-1828.23226520
-1828.24559329
-1828.26020544
-1828.27182198
-1828.27705605
-1828.27439051
-1828.26457737
-1828.25033832
-1828.23550213
-1828.22384701
-1828.21802165
-1828.21884852
-1828.22520830
-1828.23450906
-1828.24357942
-1828.24969711
-1828.25143926
-1828.24908245
-1828.24442444
-1828.24011313
-1828.23872831
-1828.24195970
-1828.25010228
-1828.26199381
-1828.27536541
-1828.28748706
-1828.29592817
-1828.29922509
-1828.29726231
-1828.29126095
-1828.28336894
-1828.27598158
-1828.27100907
-1828.26931615
-1828.27051495
-1828.27316285
-1828.27531083
-1828.27520016
-1828.27188834
-1828.26557693
-1828.25758909
-1828.25003899
-1828.24528610
-1828.24528148
-1828.25094508
-1828.26177588
-1828.27586201
-1828.29032710
-1828.30211182
-1828.30884363
-1828.30951602
-1828.30475013
-1828.29654809
-1828.28761991
-1828.28051018
-1828.27680194
-1828.27665677
-1828.27882177
-1828.28109121
-1828.28106448
-1828.27695656
-1828.26821718
-1828.25577875
-1828.24186818
-1828.22944116
-1828.22140504
-1828.21984844
-1828.22549880
-1828.23753822
-1828.25383002
-1828.27146102
-1828.28746252
-1828.29950240
-1828.30637102
-1828.30814178
-1828.30596812
-1828.30161009
-1828.29682052
-1828.29277744
-1828.28973960
-1828.28700141
-1828.28318083
-1828.27673139
-1828.26653588
-1828.25237935
-1828.23516355
-1828.21679809
-1828.19978783
-1828.18665126
-1828.17931312
-1828.17865690
-1828.18435029
-1828.19498835
-1828.20851428
-1828.22278406
-1828.23611261
-1828.24764480
-1828.25745252
-1828.26634229
-1828.27544391
-1828.28571062
-1828.29748972
-1828.31029550
-1828.32285399
-1828.33339986
-1828.34013962
-1828.34174629
-1828.33772625
-1828.32855585
-1828.31554491
-1828.30051028
-1828.28534578
-1828.27164797
-1828.26047399
-1828.25227406
-1828.24698789
-1828.24425180
-1828.24363388
-1828.24483149
-1828.24776914
-1828.25258323
-1828.25949594
-1828.26862581
-1828.27979952
-1828.29242186
-1828.30546980
-1828.31761724
-1828.32747444
-1828.33385916
-1828.33603849
-1828.33387148
-1828.32780588
-1828.31875841
-1828.30788344
-1828.29631933
-1828.28497796
-1828.27443805
-1828.26497703
-1828.25671364
-1828.24979617
-1828.24455323
-1828.24153369
-1828.24139972
-1828.24468430
-1828.25150164
-1828.26134248
-1828.27307528
-1828.28517977
-1828.29612608
-1828.30475078
-1828.31049915
-1828.31346422
-1828.31422931
-1828.31356213
-1828.31209568
-1828.31008560
-1828.30734886
-1828.30338456
-1828.29765207
-1828.28990779
-1828.28048715
-1828.27042072
-1828.26130831
-1828.25491719
-1828.25260978
-1828.25483955
-1828.26099596
-1828.26966003
-1828.27908227
-1828.28768118
-1828.29441574
-1828.29896489
-1828.30167470
-1828.30329845
-1828.30461930
-1828.30607728
-1828.30754688
-1828.30832316
-1828.30733872
-1828.30353293
-1828.29625375
-1828.28556558
-1828.27237004
-1828.25831135
-1828.24549224
-1828.23606083
-1828.23175127
-1828.23347632
-1828.24108644
-1828.25338240
-1828.26839914
-1828.28387486
-1828.29776392
-1828.30864135
-1828.31591550
-1828.31979675
-1828.32107044
-1828.32074281
-1828.31966421
-1828.31824475
-1828.31634706
-1828.31337699
-1828.30856255
-1828.30131308
-1828.29154850
-1828.27987810
-1828.26756811
-1828.25628188
-1828.24769396
-1828.24309011
-1828.24308365
-1828.24752624
-1828.25561283
-1828.26612097
-1828.27770268
-1828.28913446
-1828.29947086
-1828.30808878
-1828.31463314
-1828.31890410
-1828.32074516
-1828.31997801
-1828.31642171
-1828.30998906
-1828.30082234
-1828.28939687
-1828.27652002
-1828.26319786
-1828.25042039
-1828.23898915
-1828.22946850
-1828.22226472
-1828.21773665
-1828.21625779
-1828.21820326
-1828.22386570
-1828.23332406
-1828.24630907
-1828.26211366
-1828.27958455
-1828.29722183
-1828.31336997
-1828.32645620
-1828.33521128
-1828.33883851
-1828.33709283
-1828.33028454
-1828.31921291
-1828.30503444
-1828.28907958
-1828.27263985
-1828.25678094
-1828.24221729
-1828.22929795
-1828.21809438
-1828.20857327
-1828.20078878
-1828.19501870
-1828.19179646
-1828.19179792
-1828.19561728
-1828.20351140
-1828.21519904
-1828.22978385
-1828.24582955
-1828.26159191
-1828.27534528
-1828.28574317
-1828.29210831
-1828.29455745
-1828.29390867
-1828.29136190
-1828.28805380
-1828.28464696
-1828.28112742
-1828.27691171
-1828.27122093
-1828.27122093
-1828.26355278
-1828.25405871
-1828.24368630
-1828.23403073
-1828.22694864
-1828.22405169
-1828.22621944
-1828.23328298
-1828.24398298
-1828.25622960
-1828.26761112
-1828.27601608
-1828.28017380
-1828.27996219
-1828.27636936
-1828.27113072
-1828.26614971
-1828.26289489
-1828.26195299
-1828.26195299
-1828.26289429
-1828.26447405
-1828.26510925
-1828.26347382
-1828.25901953
-1828.25225421
-1828.24467120
-1828.23834391
-1828.23529641
-1828.23529641
-1828.23685018
-1828.24315602
-1828.25305889
-1828.26435311
-1828.27435726
-1828.28065283
-1828.28176905
-1828.27763463
-1828.26962761
-1828.26021459
-1828.25224416
-1828.24810157
-1828.24897344
-1828.25445806
-1828.26263977
-1828.27062971
-1828.27540572
-1828.27472226
-1828.26781128
-1828.25566153
-1828.24078846
-1828.22655446
-1828.21622828
-1828.21207290
-1828.21471322
-1828.22298258
-1828.23428643
-1828.24537773
-1828.25331297
-1828.25631185
-1828.25427209
-1828.24879307
-1828.24270381
-1828.23921497
-1828.24094313
-1828.24908048
-1828.26296346
-1828.28018265
-1828.29722224
-1828.31043180
-1828.31704376
-1828.31594246
-1828.30795041
-1828.29556663
-1828.28223775
-1828.27137410
-1828.26539922
-1828.26509144
-1828.26940228
-1828.27580727
-1828.28108489
-1828.28232438
-1828.27784609
-1828.26777048
-1828.25403999
-1828.23988392
-1828.22888787
-1828.22396300
-1828.22650258
-1828.23598315
-1828.25010258
-1828.26541514
-1828.27828666
-1828.28588955
-1828.28695996
-1828.28210086
-1828.27353173
-1828.26437293
-1828.25767535
-1828.25547448
-1828.25815778
-1828.26433699
-1828.27126682
-1828.27568812
-1828.27484371
-1828.26736179
-1828.25375168
-1828.23636391
-1828.21880804
-1828.20497598
-1828.19793034
-1828.19793034
-1828.19900068
-1828.20738138
-1828.22038875
-1828.23428509
-1828.24541782
-1828.25130525
-1828.25133341
-1828.24687460
-1828.24078920
-1828.23646730
-1828.23670719
-1828.24277486
-1828.25393935
-1828.25393935
-1828.26762544
-1828.28014516
-1828.28779751
-1828.28800207
-1828.28012142
-1828.26571427
-1828.24813036
-1828.23155575
-1828.21980409
-1828.21522692
-1828.21807300
-1828.22648905
-1828.23714758
-1828.24630771
-1828.25098433
-1828.24987239
-1828.24374855
-1828.23523095
-1828.22795971
-1828.22544988
-1828.22996252
-1828.24175044
-1828.25890540
-1828.27787528
-1828.29449270
-1828.30520433
-1828.30813322
-1828.30363575
-1828.29417755
-1828.28356039
-1828.27574055
-1828.27361368
-1828.27813236
-1828.28802987
-1828.30020944
-1828.31067694
-1828.31572092
-1828.31299536
-1828.30219294
-1828.28511160
-1828.26510202
-1828.24608498
-1828.23141887
-1828.22297883
-1828.22069835
-1828.22271334
-1828.22605764
-1828.22605764
-1828.22769940
-1828.22559481
-1828.21941812
-1828.21073083
-1828.20253529
-1828.19834285
-1828.20107218
-1828.21209543
-1828.23073070
-1828.25431008
-1828.27882288
-1828.29994933
-1828.31419457
-1828.31979562
-1828.31713149
-1828.31713149
-1828.30851202
-1828.30851202
-1828.29741705
-1828.28740593
-1828.28104162
-1828.27915703
-1828.28069449
-1828.28316269
-1828.28356933
-1828.27951571
-1828.27010046
-1828.25633359
-1828.24092091
-1828.22747291
-1828.21940979
-1828.21890687
-1828.22623051
-1828.23964588
-1828.25592232
-1828.27126668
-1828.28240915
-1828.28751776
-1828.28665794
-1828.28167295
-1828.27551950
-1828.27128797
-1828.27120941
-1828.27594388
-1828.28436015
-1828.29385608
-1828.30113372
-1828.30320511
-1828.29833489
-1828.28664270
-1828.27016839
-1828.25237475
-1828.23721172
-1828.22801718
-1828.22658124
-1828.23265973
-1828.24408299
-1828.25743674
-1828.26910299
-1828.27635132
-1828.27813768
-1828.27536958
-1828.27055886
-1828.26697064
-1828.26753469
-1828.27385773
-1828.28564722
-1828.30071959
-1828.30071959
-1828.31559421
-1828.32649267
-1828.33043532
-1828.32611552
-1828.31428378
-1828.29754379
-1828.27961153
-1828.26425808
-1828.25424052
-1828.25054472
-1828.25217710
-1828.25655521
-1828.26039050
-1828.26076764
-1828.25609735
-1828.24663037
-1828.23438752
-1828.22253912
-1828.21444543
-1828.21264547
-1828.21809165
-1828.22984048
-1828.24528283
-1828.26086260
-1828.27307653
-1828.27946806
-1828.27931211
-1828.27378971
-1828.26560366
-1828.25814623
-1828.25448301
-1828.25644303
-1828.26409032
-1828.27572327
-1828.28839832
-1828.29881945
-1828.30432144
-1828.30365900
-1828.29735756
-1828.28753269
-1828.27723068
-1828.26949814
-1828.26646432
-1828.26872140
-1828.27518570
-1828.28347976
-1828.29070150
-1828.29435889
-1828.29316405
-1828.28746096
-1828.27913261
-1828.27103346
-1828.26610424
-1828.26645310
-1828.27268052
-1828.28365964
-1828.29683078
-1828.30893792
-1828.31696780
-1828.31902541
-1828.31485703
-1828.30586837
-1828.29463837
-1828.28409178
-1828.27659988
-1828.27327984
