-1828.26927535
-1828.27717793
-1828.28176439
-1828.28373626
-1828.28401862
-1828.28341515
-1828.28232551
-1828.28063693
-1828.27783982
-1828.27331601
-1828.26668510
-1828.25808142
-1828.24825928
-1828.23849080
-1828.23027905
-1828.22497490
-1828.22341760
-1828.22569796
-1828.23114246
-1828.23850311
-1828.24631463
-1828.25330395
-1828.25872411
-1828.26249809
-1828.26513176
-1828.26741118
-1828.27000615
-1828.27311611
-1828.27630614
-1828.27857990
-1828.27866134
-1828.27538454
-1828.26806647
-1828.25674797
-1828.24224823
-1828.22603620
-1828.20995990
-1828.19589670
-1828.18539801
-1828.17940740
-1828.17811428
-1828.18098202
-1828.18693847
-1828.19467063
-1828.20295455
-1828.21092923
-1828.21824398
-1828.22504886
-1828.23183680
-1828.23919424
-1828.24751895
-1828.25678384
-1828.26641330
-1828.27530615
-1828.28201471
-1828.28505355
-1828.28326288
-1828.27613107
-1828.26399103
-1828.24802289
-1828.23006548
-1828.21225921
-1828.19663932
-1828.18476030
-1828.17746533
-1828.17485356
-1828.17643062
-1828.18138684
-1828.18890253
-1828.19838286
-1828.20955394
-1828.22240049
-1828.23697335
-1828.25314389
-1828.27037746
-1828.28761564
-1828.30331387
-1828.31563930
-1828.32279695
-1828.32340489
-1828.31684737
-1828.30348907
-1828.28468709
-1828.26257205
-1828.23963626
-1828.21823757
-1828.20014110
-1828.18623049
-1828.18623049
-1828.18623049
-1828.17644877
-1828.16999188
-1828.16567552
-1828.16238088
-1828.15944964
-1828.15691912
-1828.15552549
-1828.15646418
-1828.16096035
-1828.16977535
-1828.18279972
-1828.19889239
-1828.21602935
-1828.23174247
-1828.24371506
-1828.25034367
-1828.25110445
-1828.24660283
-1828.23831646
-1828.22811983
-1828.21775077
-1828.20838411
-1828.20043546
-1828.19363592
-1828.18732457
-1828.18084908
-1828.17393882
-1828.16693756
-1828.16081695
-1828.15697393
-1828.15685662
-1828.16152860
-1828.16152860
-1828.17129358
-1828.18549279
-1828.20254037
-1828.22020018
-1828.23603934
-1828.24793929
-1828.25453081
-1828.25543739
-1828.25125249
-1828.24328125
-1828.23311654
-1828.22220090
-1828.21149706
-1828.20135761
-1828.19160973
-1828.18181714
-1828.17162152
-1828.16105799
-1828.15074218
-1828.14186745
-1828.13598626
-1828.13464195
-1828.13893181
-1828.14914250
-1828.16457091
-1828.18360202
-1828.20401628
-1828.22345685
-1828.23990530
-1828.25204578
-1828.25941158
-1828.26230179
-1828.26152350
-1828.25805627
-1828.25275106
-1828.24615195
-1828.23846778
-1828.22968654
-1828.21976727
-1828.20884265
-1828.19736425
-1828.18614111
-1828.17625362
-1828.16888290
-1828.16508674
-1828.16558241
-1828.17058160
-1828.17970645
-1828.19200751
-1828.20609998
-1828.22039851
-1828.23340185
-1828.24395651
-1828.25144134
-1828.25581963
-1828.25756165
-1828.25744440
-1828.25628868
-1828.25468850
-1828.25282172
-1828.25040060
-1828.24679116
-1828.24128198
-1828.23342746
-1828.23342746
-1828.22335715
-1828.21193002
-1828.20067205
-1828.19148393
-1828.18620602
-1828.18615022
-1828.19174389
-1828.20238927
-1828.21656322
-1828.23214731
-1828.24688527
-1828.25885063
-1828.26681265
-1828.27041285
-1828.27013280
-1828.26927535
-1828.27717793
-1828.28176439
-1828.28373626
-1828.28401862
-1828.28341515
-1828.28232551
-1828.28063693
-1828.27783982
-1828.27331601
-1828.26668510
-1828.25808142
-1828.24825928
-1828.23849080
-1828.23027905
-1828.22497490
-1828.22341760
-1828.22569796
-1828.23114246
-1828.23850311
-1828.24631463
-1828.25330395
-1828.25872411
-1828.26249809
-1828.26513176
-1828.26741118
-1828.27000615
-1828.27311611
-1828.27630614
-1828.27857990
-1828.27866134
-1828.27538454
-1828.26806647
-1828.25674797
-1828.24224823
-1828.22603620
-1828.20995990
-1828.19589670
-1828.18539801
-1828.17940740
-1828.17811428
-1828.18098202
-1828.18693847
-1828.19467063
-1828.20295455
-1828.21092923
-1828.21824398
-1828.22504886
-1828.23183680
-1828.23919424
-1828.24751895
-1828.25678384
-1828.26641330
-1828.27530615
-1828.28201471
-1828.28505355
-1828.28326288
-1828.27613107
-1828.26399103
-1828.24802289
-1828.23006548
-1828.21225921
-1828.19663932
-1828.18476030
-1828.17746533
-1828.17485356
-1828.17643062
-1828.18138684
-1828.18890253
-1828.19838286
-1828.20955394
-1828.22240049
-1828.23697335
-1828.25314389
-1828.27037746
-1828.28761564
-1828.30331387
-1828.31563930
-1828.32279695
-1828.32340489
-1828.31684737
-1828.30348907
-1828.28468709
-1828.26257205
-1828.23963626
-1828.21823757
-1828.20014110
-1828.18623049
-1828.17644877
-1828.16999188
-1828.16567552
-1828.16238088
-1828.15944964
-1828.15691912
-1828.15552549
-1828.15646418
-1828.16096035
-1828.16977535
-1828.18279972
-1828.19889239
-1828.21602935
-1828.23174247
-1828.24371506
-1828.25034367
-1828.25110445
-1828.24660283
-1828.23831646
-1828.22811983
-1828.21775077
-1828.20838411
-1828.20043546
-1828.19363592
-1828.18732457
-1828.18084908
-1828.17393882
-1828.16693756
-1828.16081695
-1828.15697393
-1828.15685662
-1828.16152860
-1828.16152860
-1828.17129357
-1828.18549279
-1828.20254037
-1828.22020018
-1828.23603934
-1828.24793929
-1828.25453081
-1828.25543739
-1828.25125249
-1828.24328125
-1828.23311654
-1828.22220090
-1828.21149706
-1828.20135761
-1828.19160973
-1828.18181714
-1828.17162152
-1828.16105799
-1828.15074218
-1828.14186745
-1828.13598626
-1828.13464195
-1828.13893181
-1828.14914250
-1828.16457091
-1828.18360202
-1828.18360202
-1828.20401628
-1828.22345685
-1828.23990530
-1828.25204578
-1828.25941158
-1828.26230179
-1828.26152350
-1828.25805627
-1828.25275106
-1828.24615195
-1828.23846778
-1828.22968654
-1828.22968654
-1828.22968654
-1828.21976727
-1828.20884265
-1828.19736424
-1828.18614111
-1828.17625363
-1828.16888290
-1828.16508674
-1828.16558241
-1828.17058160
-1828.17970645
-1828.19200751
-1828.20609998
-1828.22039851
-1828.23340186
-1828.24395651
-1828.25144134
-1828.25581963
-1828.25756165
-1828.25744440
-1828.25628868
-1828.25468850
-1828.25282171
-1828.25040060
-1828.24679117
-1828.24128198
-1828.23342746
-1828.22335715
-1828.21193002
-1828.20067204
-1828.19148393
-1828.18620602
-1828.18615022
-1828.19174389
-1828.20238927
-1828.21656322
-1828.23214731
-1828.24688527
-1828.25885063
-1828.26681265
-1828.27041285
-1828.27013280
-1828.26706510
-1828.26255991
-1828.25784388
-1828.25370800
-1828.25035228
-1828.24742449
-1828.24422671
-1828.24003641
-1828.23442504
-1828.22751404
-1828.22006654
-1828.21340152
-1828.20913993
-1828.20882399
-1828.21350077
-1828.22337152
-1828.23761529
-1828.25445058
-1828.27146514
-1828.28613441
-1828.29640240
-1828.30114581
-1828.30038846
-1828.29519024
-1828.28724428
-1828.27830153
-1828.26961621
-1828.26159134
-1828.25373677
-1828.24496120
-1828.23407524
-1828.22035297
-1828.20396587
-1828.18615323
-1828.16905568
-1828.15524520
-1828.14707267
-1828.14602189
-1828.14602189
-1828.15226548
-1828.16458292
-1828.18065981
-1828.19769524
-1828.21311793
-1828.22520940
-1828.23344403
-1828.23846364
-1828.24171317
-1828.24485258
-1828.24915301
-1828.25504914
-1828.26198360
-1828.26856590
-1828.27300394
-1828.27366112
-1828.26957151
-1828.26076978
-1828.24833880
-1828.23417910
-1828.22056861
-1828.20963735
-1828.20289220
-1828.20091347
-1828.20330245
-1828.20888408
-1828.21610263
-1828.22349939
-1828.23011800
-1828.23573045
-1828.24082034
-1828.24632225
-1828.25321184
-1828.26205952
-1828.27268077
-1828.28400119
-1828.29420248
-1828.30112841
-1828.30285584
-1828.29826348
-1828.28741873
-1828.27165575
-1828.25329691
-1828.23508445
-1828.21950322
-1828.20819168
-1828.20163795
-1828.19923919
-1828.19968641
-1828.20150999
-1828.20360924
-1828.20558230
-1828.20778803
-1828.21114232
-1828.21674224
-1828.22541987
-1828.23735465
-1828.25184721
-1828.26732205
-1828.28159645
-1828.29233560
-1828.29758339
-1828.29622008
-1828.28824083
-1828.27479508
-1828.25798083
-1828.24039728
-1828.22456448
-1828.21234792
-1828.20456639
-1828.20091133
-1828.20018940
-1828.20082193
-1828.20144025
-1828.20138395
-1828.20094372
-1828.20127310
-1828.20397211
-1828.21048222
-1828.22148549
-1828.23650054
-1828.25382131
-1828.27083621
-1828.28463839
-1828.29276236
-1828.29382812
-1828.28790150
-1828.27645359
-1828.26193672
-1828.24709169
-1828.23420463
-1828.22452538
-1828.21803871
-1828.21364528
-1828.20969190
-1828.20467539
-1828.19787907
-1828.18973672
-1828.18179821
-1828.17630327
-1828.17549246
-1828.18085838
-1828.19257116
-1828.20926521
-1828.22827674
-1828.24628218
-1828.26016423
-1828.26783523
-1828.26876198
-1828.26403665
-1828.25598280
-1828.24742408
-1828.24084194
-1828.23766903
-1828.23791690
-1828.24025356
-1828.24248751
-1828.24233946
-1828.23825267
-1828.22999514
-1828.21885233
-1828.20734987
-1828.19856480
-1828.19523257
-1828.19890289
-1828.20940053
-1828.22476663
-1828.24171185
-1828.25646985
-1828.26579957
-1828.26784810
-1828.26261558
-1828.25189339
-1828.23869186
-1828.22632786
-1828.21745443
-1828.21331657
-1828.21345821
-1828.21597305
-1828.21820424
-1828.21767834
-1828.21298486
-1828.20430980
-1828.19347058
-1828.18343352
-1828.17746034
-1828.17813025
-1828.18654783
-1828.20194133
-1828.22179122
-1828.24245818
-1828.26012535
-1828.27180652
-1828.27609891
-1828.27347457
-1828.26601726
-1828.25670119
-1828.24844014
-1828.24321280
-1828.24151712
-1828.24232920
-1828.24354420
-1828.24276364
-1828.23816080
-1828.22916940
-1828.21678346
-1828.20337626
-1828.19210239
-1828.18603551
-1828.18729908
-1828.19642182
-1828.21211438
-1828.23155264
-1828.25110084
-1828.26727486
-1828.27765457
-1828.28146630
-1828.27966175
-1828.27449536
-1828.26873524
-1828.26476121
-1828.26381814
-1828.26564432
-1828.26858395
-1828.27015071
-1828.26787044
-1828.26014650
-1828.24688510
-1828.22969779
-1828.21159319
-1828.19622919
-1828.18688007
-1828.18541288
-1828.19164120
-1828.20334491
-1828.20334491
-1828.21696102
-1828.22864909
-1828.23535491
-1828.23558888
-1828.22974485
-1828.21989241
-1828.20910931
-1828.20054648
-1828.19648876
-1828.19769423
-1828.20321974
-1828.21077343
-1828.21748706
-1828.22084679
-1828.21949944
-1828.21369002
-1828.20518906
-1828.19674022
-1828.19119956
-1828.19065284
-1828.19577863
-1828.20565063
-1828.21800344
-1828.22987102
-1828.23841715
-1828.24171378
-1828.23925425
-1828.23205468
-1828.22232465
-1828.21280698
-1828.20599810
-1828.20346324
-1828.20544644
-1828.21086630
-1828.21768670
-1828.22354913
-1828.22354913
-1828.22647335
-1828.22542129
-1828.22054727
-1828.21308334
-1828.20492759
-1828.19810385
-1828.19424890
-1828.19424890
-1828.19423898
-1828.19801394
-1828.20463771
-1828.21257246
-1828.22009927
-1828.22577041
-1828.22878104
-1828.22915411
-1828.22770604
-1828.22580874
-1828.22500710
-1828.22659782
-1828.23128035
-1828.23895438
-1828.24872081
-1828.25907382
-1828.26823327
-1828.27454804
-1828.27688988
-1828.27493542
-1828.26925728
-1828.26117989
-1828.25240974
-1828.24455625
-1828.24455625
-1828.23869334
-1828.23508389
-1828.23317519
-1828.23184506
-1828.22982393
-1828.22615801
-1828.22057040
-1828.21360645
-1828.20653329
-1828.20100507
-1828.19861741
-1828.20046520
-1828.20683490
-1828.21710249
-1828.22986894
-1828.24328431
-1828.25548452
-1828.26501038
-1828.27111049
-1828.27382306
-1828.27383490
-1828.27216783
-1828.26981589
-1828.26744759
-1828.26524148
-1828.26290201
-1828.25981234
-1828.25529227
-1828.24889268
-1828.24064115
-1828.23118653
-1828.22178614
-1828.21412504
-1828.20996756
-1828.21071995
-1828.21700249
-1828.22837273
-1828.24330676
-1828.25948302
-1828.27431640
-1828.28558378
-1828.29194668
-1828.29321600
-1828.29027949
-1828.28474538
-1828.27840024
-1828.27265825
-1828.26815319
-1828.26458521
-1828.26088803
-1828.25566568
-1828.24777484
-1828.23687747
-1828.22376159
-1828.21033330
-1828.19923281
-1828.19317728
-1828.19420655
-1828.20304978
-1828.21880765
-1828.23906067
-1828.26040180
-1828.27925129
-1828.29273452
-1828.29938206
-1828.29942450
-1828.29461582
-1828.28761779
-1828.28114105
-1828.27709275
-1828.27599096
-1828.27681554
-1828.27734246
-1828.27486544
-1828.26710544
-1828.25306132
-1828.23354210
-1828.21120176
-1828.18999068
-1828.17414569
-1828.16699051
-1828.16992424
-1828.18194696
-1828.19988810
-1828.21928435
-1828.23562398
-1828.24558480
-1828.24790048
-1828.24361348
-1828.23564048
-1828.22778331
-1828.22347261
-1828.22463245
-1828.23103689
-1828.24038302
-1828.24904117
-1828.24904117
-1828.25323531
-1828.25026662
-1828.23940503
-1828.22218795
-1828.20204973
-1828.18341635
-1828.17052255
-1828.16628860
-1828.17156031
-1828.18491293
-1828.20307546
-1828.22185120
-1828.23727707
-1828.24668514
-1828.24936412
-1828.24663503
-1828.24132042
-1828.23678349
-1828.23583280
-1828.23984391
-1828.24833820
-1828.25912686
-1828.26896354
-1828.27450869
-1828.27335016
-1828.26478511
-1828.25012847
-1828.23243956
-1828.21572057
-1828.20380938
-1828.19929403
-1828.20278119
-1828.21273432
-1828.22593969
-1828.23845096
-1828.24673703
-1828.24868459
-1828.24416821
-1828.23502031
-1828.23502031
-1828.22441550
-1828.21585360
-1828.21206489
-1828.21416552
-1828.22135142
-1828.23119212
-1828.24043501
-1828.24603468
-1828.24608996
-1828.24040322
-1828.23051840
-1828.21924466
-1828.20982599
-1828.20498392
-1828.20610943
-1828.21285952
-1828.22328043
-1828.23442218
-1828.24324312
-1828.24751049
-1828.24642506
-1828.24079542
-1828.23271924
-1828.22488746
-1828.21973588
-1828.21870835
-1828.22184479
-1828.22780746
-1828.23432738
-1828.23892659
-1828.23969267
-1828.23587139
-1828.22811006
-1828.21827340
-1828.20890275
-1828.20248991
-1828.20078901
-1828.20436953
-1828.21251805
-1828.22349724
-1828.23506573
-1828.24509655
-1828.25211968
-1828.25564337
-1828.25617709
-1828.25498779
-1828.25366095
-1828.25362445
-1828.25575811
-1828.26018060
-1828.26625801
-1828.27280298
-1828.27839404
-1828.28171990
-1828.28186675
-1828.27847544
-1828.27175881
-1828.26239585
-1828.25134192
-1828.23962656
-1828.22817992
-1828.21772474
-1828.20873913
-1828.20147904
-1828.19603134
-1828.19236335
-1828.19035546
-1828.18980849
-1828.19044720
-1828.19194203
-1828.19395304
-1828.19620661
-1828.19857445
-1828.20111952
-1828.20408292
-1828.20779353
-1828.21253105
-1828.21838078
-1828.22513406
-1828.23227866
-1828.23908654
-1828.24479000
-1828.24878541
-1828.25081531
-1828.25105800
-1828.25007807
-1828.24864989
-1828.24748803
-1828.24697617
-1828.24699293
-1828.24689504
-1828.24568454
-1828.24231752
-1828.23607154
-1828.22686825
-1828.21543244
-1828.20321292
-1828.19205543
-1828.18370035
-1828.17926599
-1828.17889125
-1828.18166220
-1828.18583655
-1828.18932462
-1828.19027490
-1828.18762711
-1828.18145597
-1828.17297486
-1828.16419132
-1828.15729774
-1828.15399599
-1828.15496161
-1828.15962951
-1828.16637404
-1828.17303467
-1828.17761373
-1828.17892933
-1828.17701487
-1828.17312540
-1828.16936552
-1828.16804747
-1828.17098541
-1828.17892531
-1828.19127494
-1828.20620704
-1828.22112184
-1828.23333416
-1828.24079485
-1828.24264188
-1828.23940104
-1828.23280733
-1828.22527281
-1828.21918935
-1828.21623811
-1828.21691563
-1828.22035729
-1828.22451142
-1828.22668523
-1828.22440439
-1828.21635186
-1828.20299188
-1828.18660458
-1828.17070210
-1828.15903150
-1828.15448111
-1828.15822540
-1828.16936393
-1828.18516650
-1828.20185833
-1828.21570432
-1828.22406553
-1828.22611455
-1828.22299060
-1828.21736753
-1828.21258323
-1828.21156478
-1828.21586325
-1828.22509702
-1828.23699601
-1828.23699601
-1828.24807780
-1828.24807780
-1828.25474417
-1828.25443907
-1828.24650699
-1828.23247997
-1828.21570859
-1828.20043537
-1828.19059024
-1828.18867606
-1828.19507496
-1828.20798484
-1828.22398609
-1828.23906878
-1828.24980199
-1828.25430867
-1828.25276982
-1828.24731733
-1828.24134381
-1828.23842711
-1828.24117702
-1828.25034735
-1828.26449705
-1828.28031589
-1828.29353329
-1828.30014844
-1828.29762430
-1828.28568071
-1828.26644826
-1828.24392387
-1828.22288391
-1828.20757212
-1828.20055105
-1828.20206402
-1828.21009256
-1828.22107181
-1828.23104593
-1828.23688569
-1828.23720442
-1828.23270638
-1828.22587242
-1828.22009788
-1828.21855109
-1828.22309063
-1828.23357583
-1828.24777222
-1828.26191870
-1828.27179296
-1828.27396700
-1828.26685520
-1828.25123967
-1828.23009320
-1828.20777461
-1828.18884343
-1828.17683334
-1828.17336845
-1828.17336845
-1828.17336845
-1828.10963595
-1828.06584741
-1828.05046941
-1828.06447697
-1828.10127464
-1828.14881997
-1828.19330113
-1828.19330113
-1828.22325611
-1828.23289318
-1828.23289318
-1828.22361253
-1828.20329540
-1828.18359177
-1828.17606485
-1828.18837826
-1828.22170270
-1828.27012777
-1828.32225966
-1828.36451200
-1828.38509781
-1828.37752485
-1828.34256543
-1828.28811329
-1828.22697916
-1828.17326171
-1828.13837607
-1828.12792595
-1828.14032484
-1828.16756869
-1828.19788507
-1828.21944262
-1828.22398295
-1828.20929564
-1828.17980285
-1828.14510342
-1828.11693587
-1828.10547560
-1828.11609525
-1828.14756205
-1828.19223388
-1828.23819913
-1828.27272985
-1828.28601291
-1828.27405445
-1828.23987275
-1828.19263336
-1828.14498040
-1828.10936308
-1828.09446345
-1828.10278834
-1828.13013104
-1828.16704587
-1828.20184833
-1828.22422361
-1828.22833323
-1828.21449224
-1828.18892441
-1828.16169104
-1828.14345413
-1828.14207145
-1828.16008455
-1828.19386060
-1828.23464899
-1828.27123064
-1828.29332696
-1828.29474586
-1828.27528041
-1828.24078767
-1828.24078767
-1828.20142195
-1828.16856621
-1828.15141486
-1828.15424671
-1828.17521358
-1828.20699845
-1828.23911005
-1828.26111258
-1828.26580119
-1828.25136570
-1828.22191302
-1828.18619714
-1828.15494614
-1828.13760691
-1828.13949442
-1828.16019990
-1828.19373823
-1828.23037807
-1828.25958284
-1828.27317048
-1828.26773409
-1828.24558964
-1828.21399478
-1828.18288406
-1828.16183670
-1828.15719556
-1828.17021726
-1828.19678622
-1828.22876878
-1828.25654296
-1828.27194298
-1828.27070826
-1828.25372844
-1828.22671857
-1828.19843702
-1828.17798797
-1828.17202795
-1828.18272307
-1828.20708219
-1828.23786698
-1828.26579616
-1828.28237555
-1828.28247294
-1828.26587571
-1828.23734322
-1828.20516132
-1828.17863211
-1828.16527687
-1828.16860151
-1828.18710578
-1828.21483383
-1828.24327159
-1828.26399453
-1828.27123806
-1828.26359110
-1828.24432216
-1828.22025343
-1828.19957306
-1828.18925852
-1828.19289788
-1828.20956904
-1828.23410075
-1828.25864671
-1828.27509163
-1828.27756098
-1828.26426284
-1828.23809482
-1828.20582586
-1828.17609722
-1828.17609722
-1828.15685792
-1828.15301025
-1828.16498746
-1828.18868565
-1828.21677109
-1828.24095223
-1828.25452108
-1828.25436723
-1828.24185019
-1828.22227144
-1828.20312911
-1828.19171525
-1828.19281181
-1828.20720908
-1828.23148753
-1828.25911895
-1828.28253184
-1828.29548141
-1828.29498867
-1828.28225391
-1828.26226148
-1828.24221437
-1828.22927958
-1828.22834328
-1828.24048521
-1828.26261764
-1828.28840366
-1828.31015800
-1828.32114365
-1828.31756702
-1828.29967743
-1828.27165158
-1828.24029920
-1828.21299870
-1828.19548485
-1828.19016366
-1828.19545788
-1828.20637704
-1828.21613678
-1828.21833104
-1828.20900121
-1828.18796791
-1828.15902234
-1828.12890951
-1828.10539566
-1828.09499389
-1828.10101388
-1828.12252398
-1828.15456242
-1828.18957098
-1828.21961663
-1828.23871306
-1828.24449735
-1828.23876554
-1828.22671353
-1828.21517054
-1828.21036476
-1828.21593219
-1828.23176118
-1828.25401909
-1828.27636201
-1828.29194901
-1828.29563893
-1828.28567226
-1828.26430345
-1828.23717387
-1828.21161938
-1828.19444035
-1828.18983372
-1828.19812005
-1828.21565560
-1828.23594400
-1828.25160874
-1828.25662375
-1828.24812734
-1828.22726119
-1828.19879481
-1828.16966082
-1828.14685780
-1828.13537202
-1828.13674783
-1828.14872631
-1828.16605439
-1828.18219304
-1828.19139757
-1828.19053354
-1828.18006880
-1828.16393918
-1828.14832567
-1828.13971484
-1828.14283336
-1828.15911130
-1828.18613444
-1828.21827155
-1828.24826962
-1828.26933460
-1828.27704718
-1828.27055342
-1828.25267607
-1828.22894209
-1828.20584695
-1828.18888161
-1828.18094527
-1828.18160489
-1828.18744073
-1828.19333306
-1828.19427492
-1828.18713536
-1828.17179834
-1828.15132759
-1828.13111765
-1828.11729127
-1828.11485127
-1828.12614676
-1828.15010312
-1828.18244220
-1828.21682090
-1828.24654551
-1828.26636047
-1828.27377318
-1828.26955965
-1828.25730296
-1828.24213789
-1828.22909590
-1828.22156208
-1828.22031833
-1828.22346292
-1828.22720742
-1828.22727752
-1828.22045499
-1828.20576332
-1828.18492330
-1828.16196123
-1828.14210113
-1828.13029325
-1828.12981053
-1828.14132215
-1828.16271678
-1828.18971089
-1828.21706625
-1828.24002107
-1828.25551891
-1828.26287665
-1828.26371824
-1828.26122928
-1828.25898929
-1828.25974490
-1828.26449173
-1828.27214049
-1828.27985630
-1828.28396956
-1828.28116475
-1828.26958891
-1828.24952623
-1828.22344549
-1828.19540413
-1828.16999982
-1828.15118791
-1828.14131476
-1828.14064931
-1828.14752339
-1828.15901280
-1828.17192173
-1828.18374722
-1828.19332481
-1828.20097777
-1828.20815755
-1828.21671743
-1828.22809521
-1828.24265981
-1828.25943460
-1828.27626650
-1828.29036304
-1828.29904384
-1828.30045734
-1828.29407512
-1828.28082669
-1828.26285044
-1828.24296327
-1828.22399668
-1828.20819095
-1828.19680301
-1828.19001206
-1828.18711338
-1828.18691647
-1828.18819530
-1828.19006379
-1828.19217909
-1828.19473345
-1828.19827265
-1828.20341095
-1828.21053830
-1828.21961783
-1828.23012335
-1828.24112756
-1828.25151590
-1828.26024240
-1828.26654707
-1828.27008007
-1828.27088931
-1828.26931165
-1828.26581403
-1828.26086359
-1828.25487257
-1828.24821386
-1828.24128066
-1828.23453054
-1828.22848330
-1828.22366228
-1828.22048557
-1828.21914375
-1828.21951052
-1828.22113516
-1828.22333447
-1828.22537414
-1828.22668988
-1828.22707465
-1828.22675853
-1828.22633826
-1828.22656511
-1828.22804997
-1828.23098045
-1828.23496405
-1828.23906841
-1828.24206367
-1828.24280402
-1828.24061211
-1828.23553878
-1828.22838920
-1828.22051877
-1828.21343165
-1828.20833691
-1828.20578531
-1828.20552243
-1828.20659189
-1828.20766008
-1828.20744819
-1828.20514677
-1828.20068788
-1828.19480322
-1828.18884572
-1828.18441883
-1828.18291624
-1828.18509837
-1828.19084458
-1828.19916224
-1828.20845808
-1828.21700092
-1828.22344117
-1828.22722560
-1828.22878544
-1828.22941437
-1828.23087471
-1828.23483436
-1828.24231271
-1828.25332496
-1828.26681723
-1828.28093175
-1828.29351618
-1828.30273306
-1828.30758294
-1828.30817972
-1828.30568047
-1828.30187780
-1828.29856895
-1828.29690591
-1828.29695083
-1828.29760767
-1828.29697031
-1828.29300150
-1828.28429690
-1828.27069346
-1828.25348038
-1828.23513652
-1828.21864639
-1828.20663954
-1828.20062526
-1828.20058103
-1828.20502999
-1828.21156760
-1828.21767240
-1828.22153803
-1828.22266334
-1828.22200619
-1828.22164940
-1828.22408717
-1828.23135434
-1828.24427379
-1828.26206176
-1828.28241519
-1828.30207833
-1828.31772358
-1828.32688627
-1828.32866815
-1828.32397151
-1828.31518884
-1828.30542874
-1828.29752964
-1828.29315699
-1828.29228310
-1828.29320221
-1828.29308116
-1828.28887397
-1828.27834317
-1828.26088490
-1828.23791596
-1828.21268480
-1828.18952232
-1828.17271451
-1828.16530950
-1828.16822026
-1828.17991515
-1828.19683078
-1828.21440467
-1828.22841231
-1828.23618222
-1828.23730403
-1828.23361467
-1828.22848232
-1828.22562981
-1828.22786799
-1828.23613056
-1828.24909286
-1828.26350001
-1828.27511295
-1828.27999981
-1828.27999981
-1828.27579536
-1828.26253838
-1828.24282259
-1828.22118727
-1828.20290259
-1828.19248479
-1828.19239512
-1828.20231419
-1828.21923514
-1828.23836916
-1828.25459937
-1828.26403589
-1828.26516933
-1828.25923903
-1828.24970613
-1828.24103880
-1828.23724672
-1828.24060796
-1828.25093105
-1828.26554366
-1828.28002425
-1828.28949355
-1828.29010513
-1828.28029619
-1828.26140690
-1828.23744817
-1828.21406057
-1828.19693287
-1828.19013835
-1828.19490415
-1828.20922717
-1828.22852108
-1828.24708988
-1828.25991656
-1828.26416849
-1828.25997554
-1828.25027084
-1828.23978561
-1828.23351113
-1828.23508766
-1828.24561803
-1828.26324636
-1828.28363728
-1828.30122903
-1828.31088189
-1828.30944427
-1828.29675936
-1828.27579009
-1828.25181121
-1828.23088793
-1828.21808866
-1828.21596918
-1828.22380851
-1828.23784329
-1828.25244711
-1828.26189853
-1828.26219754
-1828.25235619
-1828.23476175
-1828.21449096
-1828.19780072
-1828.19024469
-1828.19499578
-1828.21187060
-1828.23733197
-1828.26547181
-1828.28969385
-1828.30460416
-1828.30756628
-1828.29943759
-1828.28426880
-1828.26803935
-1828.25681566
-1828.25489110
-1828.26347539
-1828.28031656
-1828.30036587
-1828.31727890
-1828.32531153
-1828.32104156
-1828.30442008
-1828.27883985
-1828.25020202
-1828.22525206
-1828.20966343
-1828.20642453
-1828.21500491
-1828.23155768
-1828.25009443
-1828.26429322
-1828.26939612
-1828.26363514
-1828.24874849
-1828.22942298
-1828.21181645
-1828.20160184
-1828.20212718
-1828.21329946
-1828.23155235
-1828.25093552
-1828.26496297
-1828.26864018
-1828.26004713
-1828.24098366
-1828.21648057
-1828.19333212
-1828.17809083
-1828.17513526
-1828.18539040
-1828.20607291
-1828.23155044
-1828.25502767
-1828.27056885
-1828.27483230
-1828.26800781
-1828.25367055
-1828.23763535
-1828.22615974
-1828.22404756
-1828.23319863
-1828.25200068
-1828.27575190
-1828.29799914
-1828.31240996
-1828.31464241
-1828.30364061
-1828.28195779
-1828.25501664
-1828.22952198
-1828.21150034
-1828.20455996
-1828.20889059
-1828.22130040
-1828.23628579
-1828.24779526
-1828.25114042
-1828.24447413
-1828.22937497
-1828.21036383
-1828.19351033
-1828.18455811
-1828.18714298
-1828.20164375
-1828.22501747
-1828.25166664
-1828.27508401
-1828.28978136
-1828.29291732
-1828.28512373
-1828.27028024
-1828.25429914
-1828.24329300
-1828.24169226
-1828.25087401
-1828.26870762
-1828.29015196
-1828.30872727
-1828.31844128
-1828.31559637
-1828.29993168
-1828.27473989
-1828.24591441
-1828.22021459
-1828.20328480
-1828.19803037
-1828.20384345
-1828.21690545
-1828.23145034
-1828.24159117
-1828.24315639
-1828.23498436
-1828.21930878
-1828.20109578
-1828.18653637
-1828.18114110
-1828.18803338
-1828.20694294
-1828.23420279
-1828.26373462
-1828.28874563
-1828.30363448
-1828.30555862
-1828.29519543
-1828.27647347
-1828.25536228
-1828.23808278
-1828.22928001
-1828.23070652
-1828.24079544
-1828.25524173
-1828.26839593
-1828.27504517
-1828.27203517
-1828.25924991
-1828.23967599
-1828.21853027
-1828.20174138
-1828.19420775
-1828.19835858
-1828.21340709
-1828.23554681
-1828.25902426
-1828.27778716
-1828.28720985
-1828.28539209
-1828.27364591
-1828.25603293
-1828.23809373
-1828.22516678
-1828.22078114
-1828.22561664
-1828.23733428
-1828.25134322
-1828.26226598
-1828.26565900
-1828.25943979
-1828.24457888
-1828.22483848
-1828.20565875
-1828.19252622
-1828.18933297
-1828.19721039
-1828.21417867
-1828.23570831
-1828.25602840
-1828.26977251
-1828.27350640
-1828.26666890
-1828.25167272
-1828.23313246
-1828.21645982
-1828.20623448
-1828.20483775
-1828.21174459
-1828.22371361
-1828.23584937
-1828.24320117
-1828.24238850
-1828.23271048
-1828.21639689
-1828.19793307
-1828.18269062
-1828.17528274
-1828.17813982
-1828.19073925
-1828.20972716
-1828.22990000
-1828.24575221
-1828.25310917
-1828.25034071
-1828.23877163
-1828.22219879
-1828.20570554
-1828.19415405
-1828.19079520
-1828.19637059
-1828.20895871
-1828.22461166
-1828.23858794
-1828.24681311
-1828.24713386
-1828.23999237
-1828.22833420
-1828.21676175
-1828.21017993
-1828.21230174
-1828.22446360
-1828.24510707
-1828.27009965
-1828.29381346
-1828.31065362
-1828.31659449
-1828.31027091
-1828.29330176
-1828.26978024
-1828.24507475
-1828.22432037
-1828.21103819
-1828.20628493
-1828.20854992
-1828.21440883
-1828.21972712
-1828.22106822
-1828.21688034
-1828.20808887
-1828.19787433
-1828.19069429
-1828.19084372
-1828.20101012
-1828.22128120
-1828.24891174
-1828.27893078
-1828.30540725
-1828.32301911
-1828.32846900
-1828.32135396
-1828.30422680
-1828.28183737
-1828.25976274
-1828.24282803
-1828.23378232
-1828.23262305
-1828.23676593
-1828.24199094
-1828.24386978
-1828.23922123
-1828.22715204
-1828.20937241
-1828.18969094
-1828.17286751
-1828.16316907
-1828.16308197
-1828.17257418
-1828.18912298
-1828.20848590
-1828.22596526
-1828.23777875
-1828.24211004
-1828.23952579
-1828.23265166
-1828.22524242
-1828.22095542
-1828.22095542
-1828.22222821
-1828.22957044
-1828.24146919
-1828.25490123
-1828.26628947
-1828.27259566
-1828.27224378
-1828.26558763
-1828.25479290
-1828.24317264
-1828.23419305
-1828.23044631
-1828.23290090
-1828.24063507
-1828.25112733
-1828.26100345
-1828.26701953
-1828.26699253
-1828.26040698
-1828.24852801
-1828.23400040
-1828.22005294
-1828.20956071
-1828.20423496
-1828.20418736
-1828.20798639
-1828.21318709
-1828.21715657
-1828.21793047
-1828.21483628
-1828.20868473
-1828.20148463
-1828.19577645
-1828.19378759
-1828.19669446
-1828.20420607
-1828.21461044
-1828.22526495
-1828.23338514
-1828.23688745
-1828.23502657
-1828.22863711
-1828.21989663
-1828.21167589
-1828.20668228
-1828.20664730
-1828.21180813
-1828.22085224
-1828.23134324
-1828.24048256
-1828.24596877
-1828.24596877
-1828.24667314
-1828.24294048
-1828.23643028
-1828.22957416
-1828.22481967
-1828.22390582
-1828.22738694
-1828.23452894
-1828.24359873
-1828.25241941
-1828.25901025
-1828.26211371
-1828.26148601
-1828.25788067
-1828.25276409
-1828.24785465
-1828.24462782
-1828.24393477
-1828.24581984
-1828.24957271
-1828.25397911
-1828.25768528
-1828.25957484
-1828.25905054
-1828.25615448
-1828.25150084
-1828.24604566
-1828.24077327
-1828.23639382
-1828.23314191
-1828.23075187
-1828.22860433
-1828.22600309
-1828.22248818
-1828.21807630
-1828.21333436
-1828.20924140
-1828.20687601
-1828.20706579
-1828.21014682
-1828.21593029
-1828.22383135
-1828.23307846
-1828.24291529
-1828.25273413
-1828.26211812
-1828.27078538
-1828.27847391
-1828.28481836
-1828.28929092
-1828.29123620
-1828.29002095
-1828.28524929
-1828.27698442
-1828.26587219
-1828.25310686
-1828.24020761
-1828.22866149
-1828.21955392
-1828.21331501
-1828.20969932
-1828.20799312
-1828.20736717
-1828.20722742
-1828.20743986
-1828.20835605
-1828.21064414
-1828.21498649
-1828.22174517
-1828.23069645
-1828.24093774
-1828.25099617
-1828.25912734
-1828.26371284
-1828.26366280
-1828.25870347
-1828.24946733
-1828.23735129
-1828.22417412
-1828.21172863
-1828.20137642
-1828.19379602
-1828.18895968
-1828.18631327
-1828.18510077
-1828.18471956
-1828.18498368
-1828.18622858
-1828.18921771
-1828.19487430
-1828.20392725
-1828.21657498
-1828.23227227
-1828.24971831
-1828.26706416
-1828.28228839
-1828.29364823
-1828.30006603
-1828.30133270
-1828.29807054
-1828.29145452
-1828.28281415
-1828.27327121
-1828.26354452
-1828.25396222
-1828.24462102
-1828.23561862
-1828.22724762
-1828.22009063
-1828.21496865
-1828.21274731
-1828.21406241
-1828.21903158
-1828.22708789
-1828.23701387
-1828.24720161
-1828.25605937
-1828.26240945
-1828.26574769
-1828.26628519
-1828.26480078
-1828.26235541
-1828.25995249
-1828.25823798
-1828.25732786
-1828.25680279
-1828.25587844
-1828.25369807
-1828.24966768
-1828.24374957
-1828.23661716
-1828.22958912
-1828.22432813
-1828.22237020
-1828.22464749
-1828.23116247
-1828.24093204
-1828.25223086
-1828.26305635
-1828.27167774
-1828.27709887
-1828.27929001
-1828.27913693
-1828.27809457
-1828.27765944
-1828.27881119
-1828.28161427
-1828.28512195
-1828.28763716
-1828.28724089
-1828.28243398
-1828.27269321
-1828.25876530
-1828.24259531
-1828.22687757
-1828.21434016
-1828.20697305
-1828.20545216
-1828.20895143
-1828.21539659
-1828.22209241
-1828.22653318
-1828.22715520
-1828.22380131
-1828.21775374
-1828.21130821
-1828.20699826
-1828.20668919
-1828.21084667
-1828.21822848
-1828.22616059
-1828.23132449
-1828.23079046
-1828.22296958
-1828.20818949
-1828.18869854
-1828.16810135
-1828.15036772
-1828.13871779
-1828.13472952
-1828.13794176
-1828.14607979
-1828.15581862
-1828.16384525
-1828.16789030
-1828.16740873
-1828.16371125
-1828.15951008
-1828.15801566
-1828.16187413
-1828.17226873
-1828.18846910
-1828.20796847
-1828.22715542
-1828.24231899
-1828.25067923
-1828.25114473
-1828.24457427
-1828.23347720
-1828.22123475
-1828.21108573
-1828.20517814
-1828.20398136
-1828.20625276
-1828.20954036
-1828.21107471
-1828.20874235
-1828.20185920
-1828.19148771
-1828.18020045
-1828.17134856
-1828.16805031
-1828.17221736
-1828.18391756
-1828.20128920
-1828.22101834
-1828.23925030
-1828.25265111
-1828.25930504
-1828.25918642
-1828.25405306
-1828.24681483
-1828.24057268
-1828.23764993
-1828.23891500
-1828.24360689
-1828.24969389
-1828.25463215
-1828.25627178
-1828.25361698
-1828.24719891
-1828.23894217
-1828.23157690
-1828.22780078
-1828.22945730
-1828.23697656
-1828.24924172
-1828.26390507
-1828.27806244
-1828.28907860
-1828.29531764
-1828.29656417
-1828.29401087
-1828.28982693
-1828.28644091
-1828.28576394
-1828.28858550
-1828.29433973
-1828.30130765
-1828.30719040
-1828.30987307
-1828.30813155
-1828.30205964
-1828.29308345
-1828.28356059
-1828.27608435
-1828.27269926
-1828.27427064
-1828.28019547
-1828.28854539
-1828.29660284
-1828.30164836
-1828.30176432
-1828.29640436
-1828.28656316
-1828.27447590
-1828.26295511
-1828.25455401
-1828.25082258
-1828.25188348
-1828.25644837
-1828.26227165
-1828.26689346
-1828.26843236
-1828.26618401
-1828.26084079
-1828.25425908
-1828.24885896
-1828.24684328
-1828.24949015
-1828.25672746
-1828.26712114
-1828.27826283
-1828.28744888
-1828.29243399
-1828.29204572
-1828.28647480
-1828.27716849
-1828.26636567
-1828.25642746
-1828.24916569
-1828.24537767
-1828.24470178
-1828.24583523
-1828.24701738
-1828.24663601
-1828.24375882
-1828.23844616
-1828.23174392
-1828.22536887
-1828.22117862
-1828.22057602
-1828.22403698
-1828.23089690
-1828.23948727
-1828.24757601
-1828.25299066
-1828.25423527
-1828.25090942
-1828.24380539
-1828.23465461
-1828.22560507
-1828.21857600
-1828.21468653
-1828.21392849
-1828.21519507
-1828.21665897
-1828.21639221
-1828.21301791
-1828.20619578
-1828.19677935
-1828.18658915
-1828.17788466
-1828.17267702
-1828.17212382
-1828.17617404
-1828.18359955
-1828.19239644
-1828.20042701
-1828.20609811
-1828.20885250
-1828.20931109
-1828.20902493
-1828.20991907
-1828.21362214
-1828.22088992
-1828.23131853
-1828.24342005
-1828.25504305
-1828.26400802
-1828.26875849
-1828.26883137
-1828.26499934
-1828.25903341
-1828.25315427
-1828.24934157
-1828.24870472
-1828.25111428
-1828.25520987
-1828.25879086
-1828.25947937
-1828.25546547
-1828.24610087
-1828.23215597
-1828.21565668
-1828.19934744
-1828.18593997
-1828.17737802
-1828.17432421
-1828.17603098
-1828.18062493
-1828.18572896
-1828.18922844
-1828.18994876
-1828.18802858
-1828.18487787
-1828.18271570
-1828.18383747
-1828.18981501
-1828.20088838
-1828.21574372
-1828.23176791
-1828.24572895
-1828.25469754
-1828.25693461
-1828.25244884
-1828.24306339
-1828.23193549
-1828.22268123
-1828.21835723
-1828.22058339
-1828.22905932
-1828.24161145
-1828.25477588
-1828.26478343
-1828.26867787
-1828.26520117
-1828.25518760
-1828.24131155
-1828.22727755
-1828.21670282
-1828.21202563
-1828.21376530
-1828.22035341
-1828.22858664
-1828.23458110
-1828.23493505
-1828.22776867
-1828.21332156
-1828.19393693
-1828.17344534
-1828.15612036
-1828.14552416
-1828.14357162
-1828.15008645
-1828.16295537
-1828.17882082
-1828.19408436
-1828.20593423
-1828.21308571
-1828.21603098
-1828.21673828
-1828.21790067
-1828.22197591
-1828.23031838
-1828.24267719
-1828.25721242
-1828.27101354
-1828.28095916
-1828.28464205
-1828.28107937
-1828.27100065
-1828.25664271
-1828.24111780
-1828.22755261
-1828.21825084
-1828.21413189
-1828.21459330
-1828.21781863
-1828.22143469
-1828.22329871
-1828.22218264
-1828.21816368
-1828.21260327
-1828.20773602
-1828.20598190
-1828.20919498
-1828.21805715
-1828.23180334
-1828.24835659
-1828.26484409
-1828.27835350
-1828.28670818
-1828.28902907
-1828.28593228
-1828.27930403
-1828.27172436
-1828.26570227
-1828.26295220
-1828.26390738
-1828.26762383
-1828.27210006
-1828.27492252
-1828.27404022
-1828.26843811
-1828.25850018
-1828.24594336
-1828.23333788
-1828.22337231
-1828.21807735
-1828.21825351
-1828.22325284
-1828.23117053
-1828.23937533
-1828.24522712
-1828.24678184
-1828.24329116
-1828.23536891
-1828.22478386
-1828.21395014
-1828.20525441
-1828.20040443
-1828.19999057
-1828.20338280
-1828.20899470
-1828.21482135
-1828.21906728
-1828.22067179
-1828.21958408
-1828.21672616
-1828.21366834
-1828.21212980
-1828.21344330
-1828.21813932
-1828.22573998
-1828.23477680
-1828.24302343
-1828.24800716
-1828.24775998
-1828.24152236
-1828.23005011
-1828.21537795
-1828.20017041
-1828.18692726
-1828.17729236
-1828.17166878
-1828.16921873
-1828.16823090
-1828.16672743
-1828.16313014
-1828.15678362
-1828.14819069
-1828.13888866
-1828.13102190
-1828.12675364
-1828.12770550
-1828.13454675
-1828.14683549
-1828.16312630
-1828.18130898
-1828.19909180
-1828.21449504
-1828.22622017
-1828.23381111
-1828.23758808
-1828.23840666
-1828.23840666
-1828.23732512
-1828.23527120
-1828.23280024
-1828.22998021
-1828.22645256
-1828.22163443
-1828.21502300
-1828.20649625
-1828.19649981
-1828.18605311
-1828.17656769
-1828.16953630
-1828.16617977
-1828.16714909
-1828.17235498
-1828.18097130
-1828.19160732
-1828.20261178
-1828.21243392
-1828.21995215
-1828.22469685
-1828.22690264
-1828.22739443
-1828.22732888
-1828.22787880
-1828.22991723
-1828.23378207
-1828.23917407
-1828.24522229
-1828.25070162
-1828.25435687
-1828.25524361
-1828.25300685
-1828.24801268
-1828.24131836
-1828.23445616
-1828.22910014
-1828.22667894
-1828.22802959
-1828.23319184
-1828.24138246
-1828.25118323
-1828.26088552
-1828.26890764
-1828.27416406
-1828.27628775
-1828.27564319
-1828.27314131
-1828.26991568
-1828.26694873
-1828.26475123
-1828.26317219
-1828.26140438
-1828.25819863
-1828.25224990
-1828.24265402
-1828.22929976
-1828.21307359
-1828.19579539
-1828.17987446
-1828.16776787
-1828.16137133
-1828.16151640
-1828.16773328
-1828.17835289
-1828.19093948
-1828.20293266
-1828.21231927
-1828.21815278
-1828.22075345
-1828.22153857
-1828.22251650
-1828.22557843
-1828.23181472
-1828.24105767
-1828.25180590
-1828.26156716
-1828.26156716
-1828.26753281
-1828.26738240
-1828.25998351
-1828.24577781
-1828.22672809
-1828.20584647
-1828.18642907
-1828.17122888
-1828.16180598
-1828.15823852
-1828.15926542
-1828.16281617
-1828.16675695
-1828.16961879
-1828.17107915
-1828.17204025
-1828.17427919
-1828.17978701
-1828.19000912
-1828.20522981
-1828.22429208
-1828.24475050
-1828.26341190
-1828.27712373
-1828.28358253
-1828.28192610
-1828.27294197
-1828.25882481
-1828.24256451
-1828.22713940
-1828.21476647
-1828.20641238
-1828.20170680
-1828.19926565
-1828.19730916
-1828.19438356
-1828.18993934
-1828.18458678
-1828.17994129
-1828.17810236
-1828.18093186
-1828.18936342
-1828.20296895
-1828.21993591
-1828.23748181
-1828.25259530
-1828.26288679
-1828.26728045
-1828.26632180
-1828.26199846
-1828.25710380
-1828.25434466
-1828.25545275
-1828.26060129
-1828.26830038
-1828.27583545
-1828.28011858
-1828.27870173
-1828.27062224
-1828.25680407
-1828.23987859
-1828.22346416
-1828.21112741
-1828.20534393
-1828.20677577
-1828.21409090
-1828.22437460
-1828.23402394
-1828.23984834
-1828.24004113
-1828.23472692
-1828.22590800
-1828.21683296
-1828.21097726
-1828.21094836
-1828.21765342
-1828.22997435
-1828.24506084
-1828.25915368
-1828.26867945
-1828.27129982
-1828.26658442
-1828.25611664
-1828.24300505
-1828.23095238
-1828.22317147
-1828.22147267
-1828.22578578
-1828.23425520
-1828.24385404
-1828.25134352
-1828.25426088
-1828.25165678
-1828.24436125
-1828.23470281
-1828.22578009
-1828.22049763
-1828.22066818
-1828.22643893
-1828.23622074
-1828.24714039
-1828.25588957
-1828.25970272
-1828.25717977
-1828.24869360
-1828.23626931
-1828.22298972
-1828.21210744
-1828.20612476
-1828.20609902
-1828.21137472
-1828.21982225
-1828.22854919
-1828.23484391
-1828.23703518
-1828.23497745
-1828.23002827
-1828.22454181
-1828.22105515
-1828.22143163
-1828.22622530
-1828.23448394
-1828.24404327
-1828.25221900
-1828.25664580
-1828.25599588
-1828.25035734
-1828.24116169
-1828.23071092
-1828.22147585
-1828.21539123
-1828.21336302
-1828.21509868
-1828.21930736
-1828.22416163
-1828.22789293
-1828.22932436
-1828.22819104
-1828.22515339
-1828.22151482
-1828.21873192
-1828.21789116
-1828.21931766
-1828.22244095
-1828.22596796
-1828.22829260
-1828.22802148
-1828.22444788
-1828.21783376
-1828.20940765
-1828.20106489
-1828.19485721
-1828.19243304
-1828.19458054
-1828.20102674
-1828.21054233
-1828.22131665
-1828.23148576
-1828.23965053
-1828.24522275
-1828.24850609
-1828.25047727
-1828.25235454
-1828.25508837
-1828.25894855
-1828.26335423
-1828.26699720
-1828.26822148
-1828.26553786
-1828.25809983
-1828.24599829
-1828.23028084
-1828.21269447
-1828.19523618
-1828.17965533
-1828.16706154
-1828.15775488
-1828.15130824
-1828.14686976
-1828.14356949
-1828.14089672
-1828.13893544
-1828.13838918
-1828.14037008
-1828.14601475
-1828.15603858
-1828.17037641
-1828.18804029
-1828.20724400
-1828.22577467
-1828.24149403
-1828.25282079
-1828.25905347
-1828.26045477
-1828.25805859
-1828.25329344
-1828.24752849
-1828.24171261
-1828.23619627
-1828.23077269
-1828.22490179
-1828.21802057
-1828.20985023
-1828.20059261
-1828.19096390
-1828.18204219
-1828.17498106
-1828.17066661
-1828.16944657
-1828.17102459
-1828.17454870
-1828.17887917
-1828.18293011
-1828.18597977
-1828.18786090
-1828.18897309
-1828.19013258
-1828.19230413
-1828.19630182
-1828.20252234
-1828.21079663
-1828.22038828
-1828.23014304
-1828.23875523
-1828.24507919
-1828.24838743
-1828.24851141
-1828.24580933
-1828.24099226
-1828.23487351
-1828.22815329
-1828.22130709
-1828.21460111
-1828.20818465
-1828.20220232
-1828.19686252
-1828.19246342
-1828.18935794
-1828.18788749
-1828.18828980
-1828.19061858
-1828.19469758
-1828.20012708
-1828.20635415
-1828.21279910
-1828.21900104
-1828.22471843
-1828.22993880
-1828.23477653
-1828.23930194
-1828.24336367
-1828.24648920
-1828.24790900
-1828.24673094
-1828.24221787
-1828.23408179
-1828.22269112
-1828.20910127
-1828.19487938
-1828.18175474
-1828.17119834
-1828.16406728
-1828.16044161
-1828.15970461
-1828.16084358
-1828.16286250
-1828.16518550
-1828.16790392
-1828.17177115
-1828.17791871
-1828.18737189
-1828.20052316
-1828.21676772
-1828.23444654
-1828.25115307
-1828.26430526
-1828.27181239
-1828.27262417
-1828.26699771
-1828.25641651
-1828.24318678
-1828.22983874
-1828.21849982
-1828.21040869
-1828.20571195
-1828.20358918
-1828.20267091
-1828.20159940
-1828.19956667
-1828.19663329
-1828.19374732
-1828.19244082
-1828.19430825
-1828.20043964
-1828.21097377
-1828.22492200
-1828.24031074
-1828.25460669
-1828.26529941
-1828.27050609
-1828.26942994
-1828.26255987
-1828.25154494
-1828.23875838
-1828.22665324
-1828.21711284
-1828.21098084
-1828.20792361
-1828.20666944
-1828.20554743
-1828.20314537
-1828.19887914
-1828.19328111
-1828.18790376
-1828.18486704
-1828.18617425
-1828.19302013
-1828.20530498
-1828.22151131
-1828.23899592
-1828.25461510
-1828.26550604
-1828.26979511
-1828.26703172
-1828.25823074
-1828.24551784
-1828.23149649
-1828.21851241
-1828.20804532
-1828.20039842
-1828.19477763
-1828.18972318
-1828.18374529
-1828.17596409
-1828.16652997
-1828.15670736
-1828.14858540
-1828.14450051
-1828.14635686
-1828.15502658
-1828.17001929
-1828.18950467
-1828.21068623
-1828.23041681
-1828.24590619
-1828.25532173
-1828.25814950
-1828.25522048
-1828.24839179
-1828.23997713
-1828.23209713
-1828.22613287
-1828.22243375
-1828.22034964
-1828.21855454
-1828.21556229
-1828.21027546
-1828.20239729
-1828.19258826
-1828.18231813
-1828.17345661
-1828.16774308
-1828.16629519
-1828.16931394
-1828.17605617
-1828.18507689
-1828.19464668
-1828.20321007
-1828.20975323
-1828.21398874
-1828.21632157
-1828.21762821
-1828.21892668
-1828.22104458
-1828.22437452
-1828.22879376
-1828.23375224
-1828.23848871
-1828.24230159
-1828.24477946
-1828.24591884
-1828.24609752
-1828.24591605
-1828.24595861
-1828.24656023
-1828.24766046
-1828.24878987
-1828.24920552
-1828.24813421
-1828.24505309
-1828.23992672
-1828.23330665
-1828.22625841
-1828.22010961
-1828.21609042
-1828.21497600
-1828.21685550
-1828.22109958
-1828.22655416
-1828.23189320
-1828.23600933
-1828.23831079
-1828.23882936
-1828.23810121
-1828.23688469
-1828.23580142
-1828.23504982
-1828.23428146
-1828.23269836
-1828.22933726
-1828.22346160
-1828.21492773
-1828.20440130
-1828.19333482
-1828.18367473
-1828.17736593
-1828.17579747
-1828.17938132
-1828.18742242
-1828.19832910
-1828.21008609
-1828.22083656
-1828.22939657
-1828.23554785
-1828.24001412
-1828.24411712
-1828.24919634
-1828.25598179
-1828.26415515
-1828.27226064
-1828.27803306
-1828.27904332
-1828.27347556
-1828.26077347
-1828.24195364
-1828.21947594
-1828.19669006
-1828.17701724
-1828.16310192
-1828.15618326
-1828.15587968
-1828.16043882
-1828.16738271
-1828.17434152
-1828.17981731
-1828.18362421
-1828.18686831
-1828.19145756
-1828.19931214
-1828.21153771
-1828.22784538
-1828.24641119
-1828.26423456
-1828.27789720
-1828.28450789
-1828.28255112
-1828.27238801
-1828.25624623
-1828.23768098
-1828.22064168
-1828.20841451
-1828.20275011
-1828.20344062
-1828.20846784
-1828.21468695
-1828.21883827
-1828.21859402
-1828.21332011
-1828.20431839
-1828.19446312
-1828.18732517
-1828.18603400
-1828.19221926
-1828.20535924
-1828.22276532
-1828.24021699
-1828.25309623
-1828.25768498
-1828.25225633
-1828.23763223
-1828.21702601
-1828.19518334
-1828.17707715
-1828.16652384
-1828.16515294
-1828.17203109
-1828.18404510
-1828.19691110
-1828.20650495
-1828.21011781
-1828.20726425
-1828.19980608
-1828.19134725
-1828.18608668
-1828.18749963
-1828.19722530
-1828.21450165
-1828.23628106
-1828.25799579
-1828.27476909
-1828.28273238
-1828.28008314
-1828.26756176
-1828.24821751
-1828.22651939
-1828.20709052
-1828.19343459
-1828.18705050
-1828.18716813
-1828.19118386
-1828.19561932
-1828.19731921
-1828.19451030
-1828.18739716
-1828.17811628
-1828.17006736
-1828.16684080
-1828.17108089
-1828.18361618
-1828.20311873
-1828.22639986
-1828.24924299
-1828.26753508
-1828.27835286
-1828.28068443
-1828.27558983
-1828.26575320
-1828.25459895
-1828.24523397
-1828.23954563
-1828.23772165
-1828.23832777
-1828.23891172
-1828.23692653
-1828.23066293
-1828.21987492
-1828.20591296
-1828.19134860
-1828.17925025
-1828.17231372
-1828.17209694
-1828.17856213
-1828.19007362
-1828.20386237
-1828.21681440
-1828.22635645
-1828.23115419
-1828.23139161
-1828.22857001
-1828.22490338
-1828.22256449
-1828.22302512
-1828.22666530
-1828.23272030
-1828.23954852
-1828.24513981
-1828.24771807
-1828.24627094
-1828.24089123
-1828.23280562
-1828.22406897
-1828.21696775
-1828.21332479
-1828.21392300
-1828.21825853
-1828.22469832
-1828.23099514
-1828.23498079
-1828.23522457
-1828.23145128
-1828.22461394
-1828.21659505
-1828.20964186
-1828.20568357
-1828.20572758
-1828.20952450
-1828.21561959
-1828.22179493
-1828.22577597
-1828.22597725
-1828.22204098
-1828.21499096
-1828.20695532
-1828.20054497
-1828.19809035
-1828.20095401
-1828.20911668
-1828.22115076
-1828.23456781
-1828.24645119
-1828.25419798
-1828.25620727
-1828.25231324
-1828.24385330
-1828.23331251
-1828.22364353
-1828.21744249
-1828.21623123
-1828.22003836
-1828.22742184
-1828.23591377
-1828.24277091
-1828.24579781
-1828.24401282
-1828.23793844
-1828.22944936
-1828.22120240
-1828.21582205
-1828.21508687
-1828.21935939
-1828.22744276
-1828.23693498
-1828.24496706
-1828.24910848
-1828.24815642
-1828.24254694
-1828.23424686
-1828.22614971
-1828.22115479
-1828.22122768
-1828.22671706
-1828.23616201
-1828.24664443
-1828.25460185
-1828.25686517
-1828.25160923
-1828.23893527
-1828.22090128
-1828.20098635
-1828.18315963
-1828.17082046
-1828.16592539
-1828.16852593
-1828.17684045
-1828.18782918
-1828.19810374
-1828.20492817
-1828.20702293
-1828.20493767
-1828.20087208
-1828.19798423
-1828.19939056
-1828.20715416
-1828.22157443
-1828.24099412
-1828.26218570
-1828.28120119
-1828.29443514
-1828.29958795
-1828.29624625
-1828.28592947
-1828.27158380
-1828.25668507
-1828.24421000
-1828.23578669
-1828.23127483
-1828.22890656
-1828.22594359
-1828.21965269
-1828.20829634
-1828.19182881
-1828.17205975
-1828.15224037
-1828.13618676
-1828.12721958
-1828.12724507
-1828.13623964
-1828.15226884
-1828.17204021
-1828.19180768
-1828.20837163
-1828.21988204
-1828.22621152
-1828.22880099
-1828.23004518
-1828.23240966
-1828.23756916
-1828.24581798
-1828.25594373
-1828.26559021
-1828.27199302
-1828.27286307
-1828.26714607
-1828.25543194
-1828.23989007
-1828.22374732
-1828.21044831
-1828.20273043
-1828.20188709
-1828.20744540
-1828.21736078
-1828.22866441
-1828.23835821
-1828.24427460
-1828.24563638
-1828.24317648
-1828.23879024
-1828.23485971
-1828.23345126
-1828.23561571
-1828.24101417
-1828.24797003
-1828.25393476
-1828.25623568
-1828.25288152
-1828.24318232
-1828.22799657
-1828.20952749
-1828.19073489
-1828.17453881
-1828.16307712
-1828.15721942
-1828.15650229
-1828.15944546
-1828.16415145
-1828.16896663
-1828.17299185
-1828.17630719
-1828.17985830
-1828.18506676
-1828.19327654
-1828.20521250
-1828.22060781
-1828.23811622
-1828.25554923
-1828.27036838
-1828.28030111
-1828.28390755
-1828.28094534
-1828.27242252
-1828.26034591
-1828.24722406
-1828.23547852
-1828.22690348
-1828.22230876
-1828.22143219
-1828.22313691
-1828.22585950
-1828.22815520
-1828.22916878
-1828.22888130
-1828.22807938
-1828.22806391
-1828.23020266
-1828.23546180
-1828.24404163
-1828.25524189
-1828.26758752
-1828.27918890
-1828.28821379
-1828.29334790
-1828.29409277
-1828.29084329
-1828.28472609
-1828.27725303
-1828.26989565
-1828.26369268
-1828.25901029
-1828.25552334
-1828.25242427
-1828.24877737
-1828.24391252
-1828.23771284
-1828.23072080
-1828.22402198
-1828.21894508
-1828.21667146
-1828.21786285
-1828.22242270
-1828.22947297
-1828.23756028
-1828.24503877
-1828.25050483
-1828.25315528
-1828.25294790
-1828.25053739
-1828.24701203
-1828.24353574
-1828.24101467
-1828.23987182
-1828.23998639
-1828.24079316
-1828.24150279
-1828.24137976
-1828.24000787
-1828.23745452
-1828.23428139
-1828.23140069
-1828.22979814
-1828.23020873
-1828.23284615
-1828.23727042
-1828.24245538
-1828.24704330
-1828.24972314
-1828.24961613
-1828.24656485
-1828.24120675
-1828.23481868
-1828.22894843
-1828.22493639
-1828.22347229
-1828.22432991
-1828.22637450
-1828.22786785
-1828.22698068
-1828.22237956
-1828.21369558
-1828.20174791
-1828.18842368
-1828.17624382
-1828.16771999
-1828.16468571
-1828.16780195
-1828.17638259
-1828.18860870
-1828.20205096
-1828.21435757
-1828.22390143
-1828.23020259
-1828.23401119
-1828.23703118
-1828.24135357
-1828.24875323
-1828.26003921
-1828.27466835
-1828.29072748
-1828.30533032
-1828.31533137
-1828.31815706
-1828.31252777
-1828.29884850
-1828.27914834
-1828.25657507
-1828.23459203
-1828.21611344
-1828.20282271
-1828.19485530
-1828.19093488
-1828.18889598
-1828.18645672
-1828.18202017
-1828.17527354
-1828.16739657
-1828.16078288
-1828.15833496
-1828.16252912
-1828.17453004
-1828.19365025
-1828.21731128
-1828.24156106
-1828.26200040
-1828.27486968
-1828.27799303
-1828.27130504
-1828.25681096
-1828.23798566
-1828.21878032
-1828.20252726
-1828.19106161
-1828.18431707
-1828.18051554
-1828.17689559
-1828.17076660
-1828.16056209
-1828.14656220
-1828.13103437
-1828.11771828
-1828.11078167
-1828.11356018
-1828.12744913
-1828.15130902
-1828.18158474
-1828.21313167
-1828.24053214
-1828.25951796
-1828.26807034
-1828.26687044
-1828.25895007
-1828.24865957
-1828.24026717
-1828.23660900
-1828.23820926
-1828.24313636
-1828.24764609
-1828.24744237
-1828.23916152
-1828.22163047
-1828.19647707
-1828.16789099
-1828.14157673
-1828.12320883
-1828.11683610
-1828.12370869
-1828.14189186
-1828.16679252
-1828.19245349
-1828.21324258
-1828.22542603
-1828.22815430
-1828.22355723
-1828.21592725
-1828.21023989
-1828.21047591
-1828.21824445
-1828.23214008
-1828.24803142
-1828.26023089
-1828.26320250
-1828.25332816
-1828.23018847
-1828.19695873
-1828.15975819
-1828.12611407
-1828.10295729
-1828.09472909
-1828.10217781
-1828.12220743
-1828.14885253
-1828.17508704
-1828.19490920
-1828.20507934
-1828.20597613
-1828.20132866
-1828.19690875
-1828.19857204
-1828.21024785
-1828.23249068
-1828.26206590
-1828.29272565
-1828.31696075
-1828.32821785
-1828.32290982
-1828.30159654
-1828.26896387
-1828.23259406
-1828.20087329
-1828.18065111
-1828.17533755
-1828.18400257
-1828.20174327
-1828.22120718
-1828.23482302
-1828.23708273
-1828.22619526
-1828.20463730
-1828.17842211
-1828.15530374
-1828.14243591
-1828.14418291
-1828.16074880
-1828.16074880
-1828.18803082
-1828.21877109
-1828.24465562
-1828.25874672
-1828.25750938
-1828.24183997
-1828.21677066
-1828.18993889
-1828.16927997
-1828.16062845
-1828.16595165
-1828.18274353
-1828.20477925
-1828.22402115
-1828.23313227
-1828.22782847
-1828.20831344
-1828.17934091
-1828.14886560
-1828.14886560
-1828.12570305
-1828.11690195
-1828.12563989
-1828.15026722
-1828.18479047
-1828.22063616
-1828.24915932
-1828.26412566
-1828.26344133
-1828.26344133
-1828.24960201
-1828.22875767
-1828.20869160
-1828.19634461
-1828.19564166
-1828.20629121
-1828.22391210
-1828.24144891
-1828.25142308
-1828.24832859
-1828.23044062
-1828.20047760
-1828.16491794
-1828.13217351
-1828.11016891
-1828.10404487
-1828.11468417
-1828.13849628
-1828.16853115
-1828.19659261
-1828.21572152
-1828.22228645
-1828.21703673
-1828.20477281
-1828.19271982
-1828.18811628
-1828.19575557
-1828.21627759
-1828.24575039
-1828.27671309
-1828.30036653
-1828.30926281
-1828.29964687
-1828.27272613
-1828.23444968
-1828.19384716
-1828.16043011
-1828.14145491
-1828.13987614
-1828.15362229
-1828.17639761
-1828.19975727
-1828.21579902
-1828.21963086
-1828.21084575
-1828.19354718
-1828.17493220
-1828.16288919
-1828.16337659
-1828.17840307
-1828.20523145
-1828.23706052
-1828.26498282
-1828.28063043
-1828.27870549
-1828.25863533
-1828.22482775
-1828.18544309
-1828.15005002
-1828.12686579
-1828.12041179
-1828.13029245
-1828.15145018
-1828.17582411
-1828.19489301
-1828.20233615
-1828.19600152
-1828.17858248
-1828.15680001
-1828.13931761
-1828.13402485
-1828.14549741
-1828.17342952
-1828.21251583
-1828.25385104
-1828.28742897
-1828.30501088
-1828.30250290
-1828.28112560
-1828.24705897
-1828.20966622
-1828.20966622
-1828.17881810
-1828.16208394
-1828.16261478
-1828.17833429
-1828.20270509
-1828.22684331
-1828.24233642
-1828.24389659
-1828.23101478
-1828.20811043
-1828.18312131
-1828.16498155
-1828.16077246
-1828.16077246
-1828.17343476
-1828.20073976
-1828.23583635
-1828.26920953
-1828.29145947
-1828.29608308
-1828.28141650
-1828.25117150
-1828.21339600
-1828.17815573
-1828.15463473
-1828.14849980
-1828.16032132
-1828.18550575
-1828.21576156
-1828.24165075
-1828.25545182
-1828.25347090
-1828.23711524
-1828.21240668
-1828.18809202
-1828.17292883
-1828.17296340
-1828.18961549
-1828.21915759
-1828.25374636
-1828.28371098
-1828.30040934
-1828.29879078
-1828.27890263
-1828.24587335
-1828.20840184
-1828.17619587
-1828.15713572
-1828.15500596
-1828.16847763
-1828.19164423
-1828.21593020
-1828.23279487
-1828.23639000
-1828.22537948
-1828.20335616
-1828.17774405
-1828.15751979
-1828.15044816
-1828.16065429
-1828.18727037
-1828.18727037
-1828.22455952
-1828.26348761
-1828.29428738
-1828.30925633
-1828.30496454
-1828.28321977
-1828.25051015
-1828.21608266
-1828.18924113
-1828.17666557
-1828.18054126
-1828.19807209
-1828.22249535
-1828.24526561
-1828.25872986
-1828.25872986
-1828.25846954
-1828.25846954
-1828.24460756
-1828.22169875
-1828.19727380
-1828.17947837
-1828.17453937
-1828.18482558
-1828.20808450
-1828.23807513
-1828.26641099
-1828.28503688
-1828.28860224
-1828.27602451
-1828.25076851
-1828.21976741
-1828.19132692
-1828.17263910
-1828.16767239
-1828.17606833
-1828.19337280
-1828.21249419
-1828.22594384
-1828.22816765
-1828.21725570
-1828.19553242
-1828.16884730
-1828.14479994
-1828.13046088
-1828.13027373
-1828.14477834
-1828.17049214
-1828.20096304
-1828.22865078
-1828.24708161
-1828.25263975
-1828.24548383
-1828.22934391
-1828.21027443
-1828.19475456
-1828.18772269
-1828.19113360
-1828.20345601
-1828.22024445
-1828.23558421
-1828.24395432
-1828.24193454
-1828.22924291
-1828.20880468
-1828.18585549
-1828.16637360
-1828.15531945
-1828.15531945
-1828.15521458
-1828.16547683
-1828.18269678
-1828.20174633
-1828.21737629
-1828.22581287
-1828.22587608
-1828.21927718
-1828.21001490
-1828.20306517
-1828.20276522
-1828.21140275
-1828.22843591
-1828.25057790
-1828.27271355
-1828.28935724
-1828.29622016
-1828.29140992
-1828.27592754
-1828.25331909
-1828.22862395
-1828.20694001
-1828.19204850
-1828.18548488
-1828.18630834
-1828.19160361
-1828.19753839
-1828.20063624
-1828.19888999
-1828.19237928
-1828.18321565
-1828.17484296
-1828.17091556
-1828.17409857
-1828.18516497
-1828.20265240
-1828.22318635
-1828.24236496
-1828.25594014
-1828.26095150
-1828.25648470
-1828.24386078
-1828.22621226
-1828.20758889
-1828.19185573
-1828.18170077
-1828.17800800
-1828.17977750
-1828.18458162
-1828.18941145
-1828.19165054
-1828.18988026
-1828.18427985
-1828.17652548
-1828.16923973
-1828.16517060
-1828.16635664
-1828.17352004
-1828.18584751
-1828.20121444
-1828.21676993
-1828.22970533
-1828.23797928
-1828.24078922
-1828.23865985
-1828.23315188
