-1828.33723744
-1828.33931756
-1828.33569575
-1828.32738639
-1828.31662935
-1828.30628107
-1828.29903843
-1828.29673078
-1828.29987226
-1828.30759347
-1828.31796738
-1828.32861327
-1828.33739897
-1828.34303541
-1828.34538509
-1828.34541610
-1828.34481572
-1828.34539414
-1828.34846529
-1828.35438556
-1828.36240058
-1828.37082813
-1828.37753575
-1828.38055920
-1828.37868613
-1828.37183030
-1828.36107220
-1828.34834835
-1828.33588996
-1828.32559775
-1828.31856003
-1828.31483561
-1828.31355559
-1828.31326972
-1828.31244671
-1828.30997221
-1828.30552336
-1828.29969342
-1828.29382598
-1828.28959959
-1828.28848855
-1828.29126978
-1828.29774081
-1828.30674751
-1828.31650931
-1828.32514392
-1828.33122354
-1828.33417938
-1828.33443799
-1828.33324626
-1828.33225004
-1828.33295941
-1828.33627352
-1828.34219862
-1828.34984722
-1828.35771281
-1828.36412642
-1828.36774669
-1828.36792594
-1828.36483704
-1828.35934195
-1828.35265501
-1828.34593645
-1828.33994733
-1828.33487822
-1828.33039882
-1828.32589519
-1828.32081325
-1828.31497452
-1828.30874374
-1828.30298301
-1828.29880672
-1828.29725719
-1828.29902016
-1828.30425631
-1828.31254169
-1828.32292776
-1828.33409902
-1828.34462192
-1828.35323040
-1828.35907842
-1828.36189540
-1828.36198769
-1828.36009561
-1828.35712698
-1828.35385825
-1828.35068729
-1828.34752108
-1828.34752108
-1828.34752108
-1828.34384044
-1828.33891193
-1828.33208343
-1828.32307042
-1828.31215055
-1828.30021449
-1828.28864233
-1828.27901384
-1828.27272136
-1828.27058473
-1828.27260766
-1828.27796282
-1828.28522205
-1828.29277671
-1828.29930479
-1828.30415281
-1828.30749874
-1828.31024440
-1828.31366119
-1828.31890443
-1828.32655532
-1828.33633817
-1828.34711571
-1828.35715825
-1828.36459793
-1828.36793565
-1828.36644969
-1828.36040893
-1828.35100887
-1828.34007163
-1828.32956720
-1828.32111047
-1828.32111047
-1828.31557177
-1828.31291096
-1828.31227216
-1828.31229590
-1828.31155332
-1828.30897326
-1828.30415700
-1828.29749074
-1828.29004333
-1828.28326424
-1828.27856937
-1828.27693327
-1828.27861094
-1828.28305902
-1828.28908196
-1828.29516458
-1828.29988479
-1828.30230066
-1828.30219139
-1828.30007374
-1828.29700767
-1828.29424475
-1828.29282827
-1828.29327106
-1828.29539909
-1828.29840677
-1828.30110405
-1828.30228152
-1828.30108589
-1828.29729433
-1828.29140309
-1828.28452781
-1828.27813329
-1828.27366266
-1828.27216966
-1828.27405220
-1828.27897362
-1828.28599952
-1828.29390551
-1828.30154871
-1828.30817427
-1828.31356248
-1828.31798376
-1828.32199471
-1828.32615963
-1828.33079457
-1828.33580782
-1828.34068817
-1828.34463545
-1828.34680907
-1828.34661320
-1828.34394678
-1828.33931456
-1828.33374192
-1828.32848718
-1828.32463904
-1828.32274597
-1828.32264312
-1828.32353356
-1828.32429100
-1828.32385436
-1828.32157594
-1828.31742281
-1828.31198798
-1828.31198798
-1828.30630756
-1828.30154595
-1828.29864269
-1828.29802495
-1828.29947305
-1828.30217449
-1828.30495289
-1828.30662269
-1828.30636293
-1828.30400359
-1828.30012365
-1828.29591875
-1828.29285985
-1828.29225267
-1828.29483886
-1828.33723744
-1828.33931756
-1828.33569575
-1828.32738639
-1828.31662935
-1828.30628107
-1828.29903843
-1828.29673078
-1828.29987226
-1828.30759347
-1828.31796738
-1828.32861327
-1828.33739897
-1828.34303541
-1828.34538509
-1828.34541610
-1828.34481572
-1828.34539414
-1828.34846529
-1828.35438556
-1828.36240058
-1828.37082813
-1828.37753575
-1828.38055920
-1828.37868613
-1828.37183030
-1828.36107220
-1828.34834835
-1828.33588996
-1828.32559775
-1828.31856003
-1828.31483561
-1828.31355559
-1828.31326972
-1828.31244671
-1828.30997221
-1828.30552336
-1828.29969342
-1828.29382598
-1828.28959959
-1828.28848855
-1828.29126978
-1828.29774081
-1828.30674751
-1828.31650931
-1828.32514392
-1828.33122354
-1828.33417938
-1828.33443799
-1828.33324626
-1828.33225004
-1828.33295941
-1828.33627352
-1828.34219862
-1828.34984722
-1828.35771281
-1828.36412642
-1828.36774669
-1828.36792594
-1828.36483704
-1828.35934195
-1828.35265501
-1828.34593645
-1828.33994733
-1828.33487822
-1828.33039882
-1828.32589519
-1828.32081325
-1828.31497452
-1828.30874374
-1828.30298301
-1828.29880672
-1828.29725719
-1828.29902016
-1828.30425631
-1828.31254169
-1828.32292776
-1828.33409902
-1828.34462192
-1828.35323040
-1828.35907842
-1828.36189540
-1828.36198769
-1828.36009561
-1828.35712698
-1828.35385825
-1828.35068729
-1828.34752108
-1828.34384044
-1828.33891193
-1828.33208343
-1828.32307042
-1828.31215055
-1828.30021449
-1828.28864233
-1828.27901384
-1828.27272136
-1828.27058473
-1828.27260766
-1828.27796282
-1828.28522205
-1828.29277671
-1828.29930479
-1828.30415281
-1828.30749874
-1828.31024440
-1828.31366119
-1828.31890443
-1828.32655532
-1828.33633817
-1828.34711571
-1828.35715825
-1828.36459793
-1828.36793565
-1828.36644969
-1828.36040893
-1828.35100887
-1828.34007163
-1828.32956720
-1828.32111047
-1828.32111047
-1828.31557177
-1828.31291096
-1828.31227216
-1828.31229590
-1828.31155332
-1828.30897326
-1828.30415700
-1828.29749074
-1828.29004333
-1828.28326424
-1828.27856937
-1828.27693327
-1828.27861094
-1828.28305902
-1828.28908196
-1828.29516458
-1828.29988479
-1828.30230066
-1828.30219139
-1828.30007374
-1828.29700767
-1828.29424475
-1828.29282827
-1828.29327106
-1828.29539909
-1828.29840677
-1828.29840677
-1828.30110405
-1828.30228152
-1828.30108589
-1828.29729433
-1828.29140309
-1828.28452781
-1828.27813329
-1828.27366266
-1828.27216966
-1828.27405220
-1828.27897362
-1828.28599952
-1828.28599952
-1828.29390551
-1828.30154871
-1828.30817427
-1828.31356248
-1828.31798376
-1828.32199471
-1828.32615963
-1828.33079457
-1828.33580782
-1828.34068817
-1828.34463545
-1828.34680907
-1828.34661320
-1828.34394678
-1828.33931456
-1828.33374192
-1828.32848718
-1828.32463904
-1828.32274597
-1828.32264312
-1828.32353356
-1828.32429100
-1828.32385436
-1828.32157594
-1828.31742281
-1828.31198798
-1828.30630756
-1828.30154595
-1828.29864269
-1828.29802495
-1828.29947305
-1828.30217449
-1828.30495289
-1828.30662269
-1828.30636293
-1828.30400359
-1828.30012365
-1828.29591875
-1828.29285985
-1828.29225266
-1828.29483886
-1828.30056222
-1828.30858450
-1828.31753752
-1828.32594589
-1828.33268277
-1828.33730803
-1828.34017111
-1828.34224772
-1828.34476660
-1828.34875129
-1828.35462097
-1828.36198065
-1828.36966584
-1828.37603662
-1828.37944212
-1828.37871760
-1828.37355823
-1828.36465375
-1828.35353320
-1828.34216146
-1828.33242080
-1828.32562058
-1828.32220541
-1828.32172045
-1828.32303936
-1828.32475456
-1828.32560402
-1828.32481519
-1828.32227425
-1828.31848805
-1828.31436687
-1828.31089649
-1828.30881257
-1828.30836347
-1828.30923530
-1828.31066211
-1828.31167163
-1828.31140906
-1828.31140906
-1828.30942249
-1828.30584249
-1828.30139901
-1828.29728104
-1828.29487162
-1828.29544043
-1828.29984607
-1828.30833826
-1828.32049655
-1828.33533036
-1828.35150586
-1828.36763983
-1828.38256563
-1828.39550326
-1828.40608627
-1828.41425766
-1828.42008244
-1828.42355554
-1828.42448001
-1828.42246193
-1828.41702675
-1828.40780713
-1828.39473533
-1828.37817660
-1828.35895651
-1828.33828164
-1828.31757889
-1828.29829238
-1828.28169176
-1828.26873088
-1828.25998428
-1828.25565558
-1828.25564307
-1828.25962722
-1828.26713354
-1828.27757056
-1828.29023113
-1828.30428957
-1828.31881948
-1828.33284851
-1828.34544432
-1828.35581734
-1828.36340418
-1828.36790677
-1828.36927326
-1828.36763212
-1828.36321637
-1828.35631488
-1828.34728138
-1828.33660120
-1828.32497299
-1828.31335766
-1828.30292465
-1828.29489925
-1828.29033234
-1828.28986580
-1828.29357411
-1828.30092441
-1828.31087852
-1828.32210092
-1828.33322856
-1828.34313467
-1828.35111088
-1828.35692571
-1828.36075448
-1828.36300644
-1828.36411946
-1828.36436813
-1828.36375563
-1828.36201550
-1828.35873464
-1828.35356138
-1828.34642801
-1828.33770729
-1828.32824600
-1828.31924612
-1828.31202435
-1828.30770489
-1828.30693313
-1828.30968699
-1828.31524877
-1828.32234059
-1828.32941232
-1828.33499452
-1828.33804320
-1828.33817559
-1828.33573284
-1828.33164658
-1828.32712705
-1828.32326570
-1828.32066361
-1828.31921699
-1828.31814977
-1828.31629578
-1828.31255247
-1828.30635217
-1828.29798931
-1828.28868637
-1828.28036640
-1828.27518301
-1828.27494678
-1828.28060498
-1828.29192889
-1828.30750680
-1828.32506348
-1828.34200478
-1828.35605060
-1828.36576325
-1828.37082978
-1828.37201473
-1828.37080855
-1828.36887179
-1828.36746961
-1828.36705090
-1828.36713070
-1828.36650328
-1828.36371203
-1828.35763064
-1828.34795192
-1828.33543739
-1828.32182800
-1828.30945380
-1828.30065002
-1828.29715355
-1828.29964419
-1828.30753891
-1828.31909940
-1828.33183323
-1828.34309836
-1828.35075920
-1828.35372398
-1828.35219877
-1828.34758229
-1828.34202977
-1828.33779930
-1828.33658480
-1828.33903348
-1828.34459652
-1828.35175644
-1828.35855454
-1828.36324298
-1828.36485559
-1828.36351732
-1828.36040287
-1828.35736202
-1828.35632726
-1828.35869036
-1828.36482200
-1828.37390655
-1828.38412905
-1828.39318019
-1828.39891993
-1828.40000616
-1828.39629075
-1828.38886395
-1828.37971832
-1828.37114044
-1828.36501683
-1828.36227956
-1828.36268182
-1828.36495724
-1828.36729324
-1828.36795706
-1828.36588279
-1828.36105605
-1828.35458061
-1828.34838514
-1828.34465822
-1828.34516466
-1828.35065815
-1828.36055920
-1828.37300428
-1828.38526234
-1828.39440723
-1828.39808680
-1828.39516204
-1828.38604475
-1828.37260818
-1828.35768806
-1828.34429963
-1828.33479148
-1828.33019179
-1828.32995534
-1828.33220181
-1828.33438599
-1828.33418615
-1828.33033625
-1828.32312929
-1828.31442292
-1828.30712920
-1828.30431998
-1828.30821989
-1828.31939904
-1828.33645139
-1828.35628519
-1828.35628519
-1828.37494777
-1828.38874347
-1828.39528835
-1828.39417180
-1828.38702340
-1828.37696603
-1828.36763909
-1828.36208850
-1828.36187184
-1828.36662986
-1828.37424585
-1828.38152878
-1828.38521615
-1828.38299725
-1828.37424697
-1828.36024757
-1828.34384718
-1828.32864631
-1828.31797731
-1828.31397391
-1828.31698768
-1828.32550461
-1828.33657836
-1828.34664536
-1828.35249950
-1828.35215588
-1828.34537310
-1828.33368383
-1828.31993673
-1828.30746677
-1828.29914386
-1828.29656489
-1828.29963314
-1828.30663816
-1828.31481234
-1828.32120149
-1828.32120149
-1828.32359425
-1828.32123161
-1828.31507621
-1828.30753792
-1828.30173316
-1828.30050650
-1828.30552715
-1828.30552715
-1828.31674267
-1828.33235193
-1828.34929097
-1828.36408336
-1828.37379261
-1828.37680160
-1828.37319817
-1828.36466921
-1828.35396493
-1828.34410219
-1828.33752956
-1828.33547842
-1828.33767475
-1828.34252861
-1828.34775022
-1828.35116875
-1828.35144954
-1828.34846417
-1828.34325203
-1828.33761541
-1828.33350911
-1828.33239326
-1828.33476532
-1828.33999306
-1828.33999306
-1828.34649977
-1828.35224505
-1828.35534059
-1828.35463072
-1828.35005800
-1828.34271289
-1828.33455376
-1828.32788206
-1828.32471340
-1828.32622682
-1828.33244967
-1828.34226004
-1828.35371768
-1828.36461640
-1828.37311374
-1828.37822666
-1828.38006932
-1828.37974918
-1828.37896345
-1828.37941396
-1828.38221196
-1828.38745206
-1828.39410093
-1828.40024971
-1828.40367208
-1828.40252993
-1828.39599279
-1828.38458131
-1828.37010245
-1828.35520329
-1828.34268278
-1828.33477449
-1828.33260877
-1828.33599274
-1828.34355373
-1828.35318061
-1828.36262916
-1828.37011909
-1828.37475642
-1828.37666250
-1828.37679539
-1828.37652364
-1828.37709885
-1828.37917930
-1828.38254811
-1828.38610954
-1828.38816273
-1828.38688773
-1828.38091127
-1828.36977928
-1828.35420799
-1828.33602090
-1828.31778797
-1828.30223884
-1828.29161627
-1828.28712749
-1828.28866290
-1828.29486077
-1828.30350675
-1828.31215489
-1828.31879722
-1828.32238710
-1828.32306354
-1828.32201814
-1828.32103598
-1828.32186034
-1828.32557854
-1828.33222391
-1828.34072241
-1828.34920460
-1828.35558118
-1828.35820179
-1828.35638912
-1828.35067458
-1828.34267364
-1828.33463589
-1828.32881678
-1828.32685303
-1828.32931638
-1828.33556712
-1828.34394205
-1828.35223467
-1828.35833679
-1828.36083624
-1828.35939867
-1828.35481875
-1828.34873531
-1828.34310327
-1828.33957561
-1828.33898035
-1828.34105442
-1828.34452503
-1828.34752794
-1828.34823316
-1828.34546076
-1828.33909774
-1828.33909774
-1828.33017713
-1828.32060910
-1828.31263637
-1828.30818920
-1828.30831671
-1828.31287963
-1828.32060941
-1828.32950997
-1828.33749388
-1828.34302529
-1828.34557994
-1828.34576186
-1828.34504236
-1828.34520602
-1828.34768574
-1828.35300479
-1828.36052349
-1828.36856516
-1828.37490144
-1828.37744003
-1828.37490545
-1828.36729659
-1828.35597056
-1828.34330868
-1828.33205958
-1828.32454490
-1828.32198088
-1828.32413349
-1828.32943261
-1828.33550195
-1828.33992988
-1828.34102084
-1828.33829687
-1828.33260372
-1828.32580713
-1828.32017429
-1828.31764857
-1828.31922466
-1828.32462202
-1828.32462202
-1828.33234686
-1828.34011911
-1828.34553508
-1828.34677240
-1828.34312243
-1828.33520430
-1828.32480571
-1828.31438592
-1828.30639640
-1828.30260503
-1828.30361966
-1828.30875192
-1828.31625342
-1828.32385822
-1828.32945910
-1828.33172299
-1828.33046251
-1828.32666510
-1828.32216154
-1828.31903652
-1828.31894933
-1828.32257061
-1828.32931411
-1828.33746253
-1828.34465649
-1828.34860734
-1828.34781538
-1828.34207865
-1828.33260873
-1828.32172641
-1828.31220154
-1828.30644974
-1828.30584700
-1828.31038470
-1828.31876586
-1828.32887604
-1828.33845380
-1828.34575185
-1828.35000231
-1828.35156642
-1828.35174317
-1828.35229897
-1828.35486716
-1828.36038599
-1828.36874069
-1828.37871088
-1828.38824804
-1828.39499697
-1828.39692905
-1828.39289946
-1828.38297005
-1828.36841735
-1828.35142071
-1828.33452410
-1828.32002877
-1828.30947083
-1828.30333915
-1828.30109411
-1828.30148285
-1828.30303227
-1828.30456315
-1828.30556828
-1828.30634765
-1828.30786658
-1828.31138941
-1828.31800429
-1828.32817871
-1828.34148666
-1828.35658927
-1828.37148192
-1828.38394498
-1828.39206625
-1828.39469246
-1828.39168090
-1828.38387990
-1828.37286411
-1828.36051375
-1828.34856650
-1828.33825421
-1828.33010634
-1828.32394698
-1828.31907140
-1828.31454414
-1828.30954588
-1828.30366356
-1828.29705956
-1828.29046990
-1828.28503967
-1828.28203394
-1828.28249450
-1828.28693005
-1828.29512949
-1828.30614732
-1828.31847942
-1828.33038474
-1828.34026952
-1828.34701630
-1828.35019507
-1828.35008983
-1828.34754893
-1828.34370873
-1828.33967166
-1828.33622376
-1828.33367282
-1828.33183252
-1828.33014820
-1828.32791971
-1828.32455788
-1828.31979840
-1828.31381600
-1828.30720238
-1828.30083036
-1828.29563796
-1828.29239938
-1828.29154611
-1828.29306889
-1828.29653062
-1828.30116668
-1828.30604808
-1828.31027014
-1828.31312250
-1828.31422227
-1828.31358158
-1828.31159746
-1828.30895352
-1828.30646219
-1828.30487359
-1828.30469166
-1828.30605404
-1828.30869518
-1828.31201755
-1828.31525825
-1828.31770962
-1828.31893243
-1828.31888690
-1828.31794093
-1828.31673446
-1828.31594032
-1828.31600416
-1828.31696089
-1828.31838916
-1828.31952900
-1828.31951821
-1828.31767630
-1828.31374587
-1828.30800484
-1828.30121277
-1828.29441587
-1828.28867585
-1828.28479774
-1828.28313088
-1828.28349645
-1828.28526316
-1828.28756279
-1828.28956935
-1828.29076367
-1828.29108602
-1828.29093261
-1828.29101077
-1828.29101077
-1828.29211090
-1828.29211090
-1828.29486307
-1828.29953517
-1828.30592817
-1828.31340458
-1828.32104021
-1828.32786424
-1828.33310612
-1828.33636201
-1828.33764534
-1828.33732693
-1828.33601365
-1828.33438669
-1828.33300248
-1828.33210063
-1828.33147962
-1828.33051977
-1828.32836599
-1828.32422181
-1828.31766832
-1828.30889379
-1828.29875924
-1828.28866723
-1828.28025758
-1828.27501246
-1828.27387597
-1828.27700567
-1828.28372786
-1828.29273493
-1828.30245323
-1828.31148873
-1828.31899628
-1828.32485367
-1828.32960417
-1828.33418711
-1828.33955248
-1828.34626972
-1828.35426115
-1828.36274843
-1828.37043684
-1828.37588715
-1828.37795363
-1828.37615713
-1828.37087537
-1828.36329208
-1828.35511308
-1828.34811933
-1828.34367915
-1828.34236189
-1828.34376862
-1828.34664874
-1828.34928910
-1828.35007001
-1828.34801139
-1828.34313658
-1828.34313658
-1828.34313658
-1828.27284737
-1828.21516178
-1828.18340278
-1828.18363234
-1828.21296297
-1828.26053872
-1828.31087910
-1828.31087910
-1828.34855606
-1828.36279334
-1828.36279334
-1828.35061862
-1828.31763111
-1828.27615535
-1828.24134478
-1828.22641715
-1828.23847902
-1828.27623175
-1828.33026180
-1828.38583832
-1828.42736019
-1828.44309489
-1828.42877257
-1828.38893465
-1828.33563567
-1828.28487588
-1828.25183546
-1828.24634441
-1828.26997396
-1828.31563480
-1828.36981437
-1828.41673314
-1828.44312762
-1828.44218765
-1828.41547539
-1828.37227951
-1828.32663919
-1828.29296536
-1828.28160480
-1828.29568409
-1828.33018484
-1828.37350661
-1828.41102623
-1828.42956205
-1828.42140378
-1828.38667925
-1828.33337087
-1828.27497022
-1828.22649897
-1828.20010455
-1828.20155247
-1828.22867481
-1828.27219889
-1828.31868089
-1828.35462462
-1828.37053277
-1828.36366935
-1828.33871555
-1828.30615544
-1828.27890371
-1828.26823533
-1828.28025370
-1828.31397109
-1828.36156779
-1828.41073581
-1828.44837979
-1828.46454456
-1828.45538005
-1828.42423451
-1828.42423451
-1828.38056553
-1828.33701005
-1828.30551657
-1828.29374972
-1828.30285338
-1828.32725083
-1828.35652200
-1828.37875459
-1828.38432102
-1828.36890608
-1828.33486878
-1828.29052516
-1828.24760412
-1828.21767212
-1828.20863979
-1828.22240858
-1828.25437437
-1828.29490426
-1828.33232001
-1828.35644621
-1828.36164175
-1828.34837646
-1828.32290596
-1828.29516692
-1828.27557633
-1828.27173264
-1828.28603516
-1828.31493191
-1828.35000605
-1828.38056556
-1828.39694832
-1828.39352315
-1828.37045379
-1828.33366710
-1828.29304456
-1828.25941100
-1828.24126604
-1828.24227169
-1828.26024747
-1828.28797180
-1828.31552530
-1828.33343971
-1828.33567777
-1828.32151386
-1828.29572234
-1828.26702431
-1828.24528582
-1828.23836207
-1828.24958300
-1828.27666491
-1828.31237922
-1828.34675760
-1828.37013629
-1828.37609921
-1828.36341090
-1828.33636016
-1828.30341984
-1828.27465139
-1828.25863992
-1828.25990022
-1828.27755747
-1828.30568712
-1828.33521543
-1828.35677112
-1828.36360086
-1828.35364115
-1828.33011894
-1828.30050210
-1828.27413978
-1828.27413978
-1828.25933748
-1828.26078188
-1828.27811151
-1828.30606792
-1828.33616391
-1828.35933552
-1828.36874190
-1828.36185355
-1828.34117438
-1828.31341180
-1828.28736037
-1828.27117823
-1828.26991072
-1828.28400904
-1828.30928842
-1828.33830886
-1828.36272623
-1828.37587925
-1828.37481142
-1828.36111423
-1828.34033966
-1828.32018407
-1828.30801670
-1828.30853256
-1828.32226898
-1828.34544210
-1828.37115478
-1828.39157308
-1828.40038291
-1828.39476079
-1828.37624847
-1828.35027112
-1828.32446698
-1828.30633814
-1828.30096067
-1828.30945403
-1828.32869318
-1828.35234327
-1828.37289530
-1828.38405650
-1828.38274853
-1828.37006531
-1828.35090115
-1828.33235546
-1828.32142464
-1828.32271499
-1828.33690786
-1828.36045836
-1828.38662237
-1828.40749225
-1828.41640094
-1828.40995152
-1828.38904733
-1828.35860195
-1828.32602617
-1828.29896951
-1828.28302015
-1828.28007839
-1828.28790353
-1828.30096086
-1828.31230296
-1828.31588345
-1828.30858155
-1828.29127682
-1828.26864990
-1828.24774799
-1828.23577704
-1828.23781032
-1828.25512262
-1828.28466341
-1828.31983954
-1828.35237307
-1828.37470188
-1828.38221084
-1828.37461021
-1828.35600151
-1828.33356530
-1828.31527287
-1828.30734362
-1828.31225925
-1828.32796505
-1828.34852547
-1828.36602173
-1828.37310403
-1828.36538627
-1828.34293094
-1828.31035758
-1828.27553060
-1828.24722970
-1828.23252143
-1828.23465040
-1828.25209981
-1828.27910543
-1828.30746930
-1828.32908655
-1828.33841855
-1828.33413417
-1828.31942452
-1828.30089814
-1828.28640995
-1828.28250771
-1828.29229383
-1828.31435884
-1828.34312681
-1828.37050177
-1828.38831041
-1828.39080460
-1828.37645120
-1828.34846847
-1828.31394817
-1828.28182133
-1828.26029347
-1828.25451298
-1828.26517267
-1828.28844637
-1828.31726042
-1828.34349494
-1828.36043827
-1828.36475108
-1828.35734431
-1828.34293062
-1828.32839248
-1828.32048960
-1828.32362190
-1828.33834958
-1828.36112532
-1828.38531679
-1828.40319319
-1828.40826066
-1828.39724670
-1828.37113403
-1828.33495573
-1828.29639922
-1828.26363792
-1828.24302289
-1828.23734130
-1828.24513854
-1828.26132355
-1828.27885108
-1828.29096273
-1828.29329716
-1828.28520558
-1828.26989240
-1828.25333296
-1828.24232640
-1828.24229256
-1828.25550493
-1828.28029891
-1828.31150783
-1828.34198034
-1828.36470572
-1828.37488516
-1828.37130481
-1828.35660240
-1828.33636182
-1828.31735101
-1828.30545615
-1828.30396474
-1828.31271086
-1828.32830373
-1828.34533896
-1828.35817859
-1828.36272717
-1828.35766539
-1828.34476623
-1828.32824164
-1828.31333547
-1828.30462949
-1828.30458816
-1828.31279997
-1828.32613252
-1828.33974647
-1828.34862402
-1828.34914241
-1828.34019945
-1828.32355186
-1828.30327384
-1828.28452356
-1828.27200379
-1828.26859565
-1828.27458257
-1828.28768503
-1828.30387944
-1828.31872763
-1828.32877596
-1828.33258788
-1828.33108488
-1828.32710044
-1828.32431437
-1828.32591272
-1828.33342192
-1828.34608714
-1828.36100417
-1828.37397608
-1828.38081285
-1828.37866889
-1828.36697839
-1828.34768843
-1828.32470080
-1828.30270497
-1828.28577058
-1828.27616229
-1828.27375582
-1828.27624305
-1828.28004735
-1828.28163511
-1828.27877226
-1828.27130989
-1828.26124086
-1828.25202256
-1828.24740309
-1828.25013154
-1828.26097452
-1828.27835807
-1828.29875463
-1828.31769518
-1828.33108400
-1828.33639786
-1828.33338532
-1828.32405149
-1828.31194631
-1828.30098453
-1828.29419149
-1828.29277722
-1828.29584162
-1828.30079637
-1828.30434982
-1828.30371898
-1828.29766206
-1828.28699138
-1828.27439107
-1828.26360151
-1828.25823437
-1828.26058831
-1828.27084961
-1828.28694333
-1828.30508714
-1828.32089123
-1828.33066394
-1828.33252465
-1828.32696755
-1828.31667983
-1828.30565278
-1828.29785269
-1828.29587373
-1828.30002404
-1828.30817334
-1828.31643847
-1828.32051374
-1828.31718534
-1828.30553920
-1828.28742410
-1828.26701054
-1828.24956642
-1828.23983616
-1828.24052931
-1828.25141213
-1828.26930132
-1828.28898937
-1828.30482381
-1828.31246671
-1828.31027550
-1828.29985817
-1828.28561331
-1828.27335957
-1828.26846294
-1828.27404688
-1828.28986203
-1828.31220514
-1828.33495333
-1828.35140836
-1828.35638227
-1828.34786441
-1828.32772519
-1828.30122544
-1828.27545800
-1828.25719724
-1828.25082379
-1828.25696304
-1828.27227526
-1828.29047931
-1828.30431238
-1828.30783339
-1828.29836331
-1828.27745051
-1828.25053422
-1828.22537559
-1828.20971362
-1828.20884694
-1828.22390494
-1828.25136790
-1828.28400994
-1828.31301892
-1828.33064033
-1828.33255310
-1828.31922405
-1828.29582013
-1828.27069091
-1828.25285954
-1828.24927516
-1828.26265946
-1828.29060555
-1828.32622031
-1828.36012961
-1828.38325852
-1828.38954178
-1828.37774994
-1828.35186614
-1828.31989416
-1828.29145433
-1828.27489860
-1828.27482148
-1828.29071506
-1828.31717540
-1828.34558582
-1828.36676910
-1828.37380453
-1828.36414662
-1828.34040664
-1828.30955523
-1828.28080236
-1828.26280376
-1828.26104483
-1828.27619121
-1828.30390377
-1828.33614990
-1828.33614990
-1828.36362433
-1828.37853452
-1828.37691908
-1828.35980257
-1828.33283090
-1828.30451393
-1828.28361169
-1828.27647365
-1828.28514992
-1828.30682788
-1828.33474010
-1828.36025002
-1828.37547568
-1828.37566773
-1828.36062549
-1828.33473630
-1828.30563516
-1828.28188926
-1828.27041912
-1828.27443316
-1828.29250020
-1828.31904485
-1828.34610031
-1828.36577033
-1828.37263088
-1828.36532794
-1828.34687863
-1828.32361315
-1828.30310751
-1828.29177948
-1828.29291342
-1828.30570512
-1828.32560751
-1828.34583746
-1828.35955599
-1828.36203029
-1828.35210483
-1828.33253532
-1828.30909434
-1828.28874516
-1828.27746310
-1828.27838304
-1828.29084095
-1828.31059415
-1828.33115237
-1828.34579791
-1828.34967286
-1828.34129536
-1828.32303313
-1828.30040004
-1828.28038761
-1828.26934545
-1828.27104409
-1828.28551068
-1828.30899865
-1828.33509761
-1828.35665357
-1828.36790950
-1828.36621282
-1828.35276394
-1828.33218054
-1828.31102584
-1828.29574663
-1828.29067811
-1828.29672592
-1828.31113584
-1828.32841629
-1828.34211985
-1828.34692632
-1828.34036322
-1828.32362414
-1828.30122911
-1828.27963988
-1828.26526199
-1828.26247015
-1828.27225439
-1828.29192122
-1828.31592011
-1828.33753867
-1828.35093077
-1828.35284552
-1828.34353270
-1828.32655266
-1828.30758423
-1828.29260102
-1828.28599715
-1828.28923861
-1828.30045824
-1828.31510503
-1828.32743792
-1828.33237875
-1828.32714090
-1828.31213083
-1828.29085124
-1828.26884353
-1828.25200394
-1828.24479400
-1828.24890072
-1828.26275663
-1828.28207251
-1828.30120067
-1828.31490135
-1828.31994586
-1828.31605993
-1828.30592481
-1828.29422660
-1828.28607596
-1828.28529467
-1828.29311302
-1828.30770792
-1828.32473384
-1828.33869043
-1828.34471336
-1828.34021414
-1828.32584289
-1828.30544897
-1828.28501178
-1828.27085752
-1828.26771494
-1828.27721238
-1828.29732078
-1828.32291029
-1828.34725841
-1828.36404280
-1828.36920750
-1828.36213694
-1828.34578309
-1828.32569488
-1828.30825563
-1828.29866138
-1828.29927522
-1828.30886587
-1828.32298380
-1828.33535897
-1828.33990888
-1828.33273668
-1828.31350028
-1828.28571507
-1828.25587657
-1828.23164415
-1828.21961774
-1828.22338053
-1828.24239171
-1828.27208551
-1828.30515005
-1828.33362493
-1828.35118689
-1828.35494514
-1828.34620504
-1828.32996378
-1828.31329491
-1828.30309877
-1828.30391798
-1828.31648159
-1828.33741642
-1828.36023171
-1828.37727321
-1828.38207365
-1828.37139776
-1828.34636093
-1828.31226349
-1828.27715526
-1828.24954155
-1828.23591734
-1828.23888348
-1828.25643338
-1828.28260876
-1828.30932207
-1828.32878224
-1828.33578352
-1828.32918507
-1828.31214336
-1828.29103495
-1828.27340424
-1828.26556132
-1828.27056579
-1828.28721876
-1828.31037241
-1828.33247406
-1828.34587610
-1828.34519778
-1828.32901951
-1828.30038766
-1828.26598608
-1828.23424609
-1828.21296577
-1828.20712909
-1828.21755272
-1828.24074548
-1828.27001667
-1828.29748935
-1828.31641635
-1828.32309270
-1828.31781897
-1828.30462920
-1828.28991304
-1828.28034977
-1828.28078792
-1828.29271747
-1828.31377811
-1828.33845877
-1828.35975983
-1828.37131824
-1828.36934571
-1828.35379751
-1828.32841740
-1828.29964176
-1828.27470629
-1828.25952506
-1828.25698703
-1828.26617593
-1828.28273646
-1828.30025102
-1828.31220479
-1828.31394390
-1828.30406181
-1828.28480984
-1828.26142129
-1828.24054104
-1828.22823353
-1828.22815281
-1828.24043551
-1828.26164544
-1828.28578965
-1828.30609653
-1828.31702457
-1828.31589437
-1828.30365641
-1828.28456561
-1828.26487152
-1828.25093584
-1828.24735837
-1828.25565448
-1828.27386862
-1828.29720035
-1828.31945330
-1828.33487149
-1828.33982311
-1828.33384458
-1828.31973340
-1828.30265969
-1828.28855531
-1828.28227382
-1828.28608010
-1828.29894435
-1828.31684741
-1828.33400709
-1828.34463211
-1828.34467862
-1828.33307354
-1828.31203988
-1828.28645341
-1828.26241782
-1828.24550307
-1828.23917312
-1828.24385178
-1828.25690203
-1828.27351332
-1828.28821809
-1828.29657731
-1828.29651161
-1828.28888270
-1828.27715300
-1828.26626280
-1828.26108876
-1828.26496193
-1828.27868466
-1828.30029044
-1828.32560305
-1828.34941809
-1828.36695149
-1828.37515341
-1828.37349412
-1828.36402574
-1828.35070129
-1828.33818113
-1828.33047466
-1828.32981043
-1828.33603471
-1828.34671307
-1828.35788683
-1828.36526524
-1828.36552027
-1828.35730478
-1828.34168532
-1828.32186873
-1828.30228198
-1828.28731056
-1828.28005843
-1828.28150790
-1828.29030749
-1828.30321630
-1828.31606221
-1828.32494633
-1828.32734057
-1828.32278025
-1828.31295862
-1828.30119218
-1828.29143048
-1828.28710236
-1828.29013496
-1828.30041139
-1828.31581954
-1828.33285859
-1828.34761557
-1828.35682733
-1828.35872016
-1828.35340765
-1828.34275823
-1828.32979844
-1828.31784188
-1828.30959030
-1828.30644257
-1828.30818971
-1828.31317515
-1828.31885497
-1828.32260759
-1828.32253441
-1828.31804197
-1828.31002192
-1828.30059442
-1828.29250305
-1828.28833700
-1828.28980472
-1828.29724610
-1828.30949498
-1828.32414533
-1828.33815045
-1828.34860012
-1828.35348247
-1828.35220773
-1828.34574109
-1828.33631621
-1828.32680064
-1828.31987885
-1828.31728638
-1828.31933103
-1828.32485778
-1828.33167435
-1828.33728348
-1828.33967578
-1828.33794421
-1828.33255245
-1828.32519532
-1828.31830215
-1828.31432351
-1828.31502431
-1828.32097395
-1828.33139084
-1828.34438066
-1828.35747620
-1828.36830906
-1828.37519913
-1828.37750696
-1828.37569509
-1828.37112369
-1828.36563659
-1828.36102362
-1828.35849116
-1828.35830104
-1828.35969031
-1828.36111055
-1828.36070767
-1828.35690577
-1828.34892817
-1828.33709145
-1828.32279848
-1828.30822190
-1828.29577276
-1828.28749818
-1828.28457212
-1828.28702767
-1828.29379560
-1828.29379560
-1828.30303171
-1828.31263935
-1828.32083133
-1828.32658450
-1828.32986165
-1828.33156067
-1828.33320265
-1828.33643772
-1828.34249505
-1828.35173279
-1828.36342496
-1828.37588296
-1828.38686624
-1828.39415874
-1828.39613705
-1828.39216377
-1828.38273615
-1828.36935249
-1828.35414559
-1828.33937877
-1828.32693423
-1828.31793131
-1828.31255693
-1828.31013814
-1828.30941236
-1828.30893154
-1828.30751527
-1828.30463443
-1828.30061561
-1828.29657803
-1828.29411171
-1828.29479120
-1828.29967797
-1828.30894461
-1828.32174221
-1828.33634063
-1828.35050964
-1828.36203809
-1828.36925341
-1828.37140257
-1828.36879619
-1828.36268095
-1828.35487411
-1828.34726281
-1828.34130614
-1828.33767420
-1828.33612759
-1828.33568491
-1828.33502578
-1828.33300537
-1828.32910740
-1828.32368986
-1828.31794187
-1828.31356884
-1828.31230625
-1828.31540465
-1828.32324451
-1828.33517336
-1828.34962307
-1828.36445165
-1828.37742348
-1828.38669700
-1828.39119839
-1828.39080342
-1828.38628302
-1828.37903317
-1828.37063292
-1828.36232727
-1828.35460602
-1828.34709508
-1828.33884178
-1828.32884999
-1828.31660190
-1828.30236678
-1828.28722338
-1828.27282093
-1828.26095067
-1828.25307709
-1828.24995696
-1828.25145858
-1828.25663494
-1828.26400663
-1828.27198554
-1828.27930987
-1828.28537472
-1828.29033588
-1828.29493044
-1828.30007858
-1828.30645979
-1828.31425915
-1828.32312186
-1828.33224657
-1828.34054161
-1828.34684083
-1828.35015980
-1828.34993647
-1828.34619747
-1828.33958975
-1828.33125985
-1828.32259958
-1828.31493656
-1828.30924710
-1828.30597070
-1828.30496073
-1828.30557660
-1828.30688762
-1828.30792971
-1828.30796873
-1828.30669676
-1828.30431670
-1828.30148063
-1828.29909875
-1828.29806905
-1828.29899597
-1828.30196439
-1828.30644776
-1828.31137589
-1828.31537720
-1828.31714117
-1828.31581022
-1828.31127488
-1828.30426441
-1828.29619047
-1828.28879387
-1828.28367442
-1828.28185390
-1828.28349050
-1828.28783152
-1828.29344146
-1828.29864098
-1828.30203535
-1828.30296305
-1828.30172342
-1828.29948603
-1828.29791839
-1828.29862881
-1828.30260577
-1828.30982576
-1828.31916970
-1828.32867632
-1828.33607071
-1828.33940007
-1828.33759495
-1828.33077305
-1828.32020656
-1828.30795533
-1828.29628119
-1828.28701544
-1828.28107745
-1828.27827733
-1828.27747497
-1828.27702357
-1828.27536786
-1828.27159940
-1828.26579832
-1828.25906385
-1828.25322633
-1828.25032637
-1828.25200946
-1828.25900373
-1828.27083259
-1828.28584938
-1828.30160785
-1828.31546468
-1828.32524419
-1828.32976222
-1828.32906695
-1828.32432089
-1828.31739077
-1828.31027270
-1828.30452536
-1828.30087504
-1828.29909632
-1828.29818673
-1828.29679644
-1828.29376628
-1828.28861031
-1828.28178805
-1828.27467138
-1828.26919762
-1828.26732070
-1828.27041472
-1828.27881721
-1828.29166719
-1828.30708220
-1828.32263274
-1828.33596029
-1828.34536391
-1828.35017744
-1828.35083191
-1828.34860032
-1828.34510638
-1828.34175474
-1828.33927571
-1828.33753440
-1828.33564984
-1828.33239259
-1828.32670206
-1828.31816806
-1828.30731881
-1828.29561022
-1828.28513901
-1828.27813878
-1828.27641486
-1828.28087266
-1828.29128079
-1828.30631635
-1828.32388548
-1828.34161475
-1828.35738508
-1828.36975210
-1828.37814444
-1828.38279115
-1828.38443594
-1828.38394243
-1828.38194423
-1828.37863095
-1828.37374259
-1828.36674929
-1828.35715970
-1828.34484183
-1828.33024770
-1828.31446207
-1828.29904930
-1828.28574065
-1828.27603119
-1828.27081676
-1828.27016439
-1828.27330898
-1828.27888648
-1828.28532840
-1828.29131054
-1828.29610042
-1828.29970034
-1828.30273565
-1828.30613130
-1828.31068139
-1828.31666669
-1828.32364592
-1828.33049967
-1828.33571548
-1828.33782062
-1828.33583457
-1828.32960557
-1828.31992915
-1828.30840873
-1828.29708756
-1828.28793564
-1828.28233556
-1828.28071650
-1828.28245230
-1828.28605872
-1828.28964592
-1828.29149682
-1828.29060017
-1828.28698024
-1828.28170557
-1828.27656764
-1828.27350836
-1828.27396780
-1828.27834779
-1828.28578480
-1828.29431809
-1828.30143419
-1828.30483450
-1828.30319037
-1828.29664350
-1828.28686775
-1828.27665793
-1828.26914658
-1828.26688786
-1828.27107153
-1828.28111366
-1828.29475957
-1828.30869322
-1828.31947659
-1828.32454275
-1828.32293542
-1828.31557105
-1828.30493760
-1828.29433430
-1828.28687406
-1828.28456856
-1828.28775382
-1828.29503823
-1828.30376940
-1828.31088191
-1828.31385983
-1828.31153452
-1828.30447516
-1828.29484178
-1828.28574793
-1828.28031022
-1828.28068085
-1828.28736565
-1828.29903838
-1828.31291958
-1828.32559884
-1828.33404937
-1828.33652186
-1828.33304980
-1828.32540950
-1828.31655439
-1828.30969177
-1828.30728902
-1828.31029749
-1828.31784119
-1828.32746784
-1828.33590038
-1828.34006823
-1828.33810425
-1828.32998915
-1828.31761699
-1828.30423579
-1828.29344438
-1828.28806351
-1828.28925138
-1828.29613686
-1828.30607201
-1828.31544909
-1828.32083643
-1828.32010259
-1828.31315942
-1828.30206989
-1828.29046174
-1828.28241955
-1828.28119970
-1828.28816544
-1828.30228619
-1828.32035986
-1828.33790818
-1828.35047584
-1828.35495767
-1828.35053613
-1828.33894785
-1828.32397817
-1828.31031369
-1828.30210085
-1828.30163750
-1828.30862542
-1828.32023324
-1828.33196508
-1828.33908069
-1828.33811744
-1828.32802877
-1828.31060380
-1828.29003296
-1828.27174750
-1828.26087502
-1828.26076122
-1828.27198174
-1828.29214568
-1828.31655254
-1828.33952494
-1828.35602221
-1828.36306908
-1828.36056379
-1828.35121254
-1828.33962378
-1828.33082968
-1828.32869466
-1828.33468550
-1828.34736918
-1828.36279458
-1828.37564314
-1828.38081783
-1828.37499709
-1828.35768919
-1828.33147756
-1828.30136816
-1828.27344298
-1828.25319184
-1828.24403197
-1828.24643846
-1828.25794471
-1828.27400232
-1828.28942895
-1828.30000532
-1828.30372418
-1828.30131893
-1828.29590853
-1828.29188519
-1828.29340215
-1828.30293626
-1828.32038142
-1828.34294590
-1828.36588246
-1828.38383509
-1828.39238079
-1828.38931919
-1828.37531127
-1828.35368116
-1828.32945210
-1828.30789513
-1828.29304317
-1828.28661686
-1828.28767290
-1828.29307690
-1828.29863472
-1828.30053030
-1828.29661827
-1828.28716816
-1828.27482572
-1828.26379069
-1828.25845998
-1828.26196302
-1828.27505672
-1828.29573343
-1828.31967712
-1828.34143574
-1828.35596089
-1828.36004721
-1828.35324291
-1828.33794976
-1828.31868304
-1828.30072096
-1828.28854916
-1828.28458074
-1828.28853312
-1828.29764743
-1828.30768418
-1828.31436996
-1828.31484082
-1828.30862354
-1828.29783537
-1828.28654177
-1828.27947574
-1828.28051350
-1828.29138950
-1828.31104071
-1828.33579326
-1828.36033862
-1828.37921342
-1828.38833272
-1828.38612891
-1828.37395120
-1828.35560944
-1828.33621074
-1828.32063778
-1828.31213001
-1828.31139927
-1828.31653392
-1828.32372772
-1828.32858849
-1828.32762812
-1828.31947202
-1828.30540086
-1828.28905910
-1828.27540048
-1828.26918786
-1828.27350307
-1828.28873680
-1828.31236534
-1828.33959475
-1828.36466940
-1828.38246816
-1828.38990461
-1828.38672341
-1828.37546333
-1828.36060344
-1828.34715858
-1828.33915213
-1828.33841415
-1828.34407900
-1828.35292438
-1828.36046024
-1828.36243367
-1828.35628064
-1828.34206954
-1828.32262610
-1828.30277540
-1828.28791602
-1828.28235693
-1828.28792439
-1828.30328668
-1828.32422188
-1828.34477089
-1828.35893995
-1828.36244385
-1828.35395848
-1828.33551264
-1828.31188197
-1828.28918015
-1828.27305656
-1828.26705389
-1828.27162364
-1828.28408440
-1828.29953800
-1828.31244987
-1828.31840754
-1828.31551675
-1828.30500712
-1828.29086005
-1828.27857703
-1828.27347126
-1828.27899855
-1828.29564465
-1828.32069030
-1828.34891993
-1828.37407276
-1828.39058527
-1828.39513883
-1828.38753544
-1828.37067493
-1828.34963837
-1828.33017603
-1828.31703695
-1828.31264602
-1828.31650109
-1828.32545438
-1828.33476999
-1828.33963426
-1828.33665182
-1828.32488740
-1828.30615434
-1828.28447854
-1828.28447854
-1828.26490763
-1828.25202743
-1828.24862890
-1828.25491735
-1828.26849762
-1828.28513379
-1828.30005028
-1828.30936839
-1828.31123484
-1828.30629989
-1828.29740832
-1828.28862338
-1828.28389226
-1828.28577573
-1828.29463317
-1828.30851122
-1828.32375716
-1828.33617428
-1828.34233950
-1828.34067387
-1828.33193747
-1828.31899236
-1828.30592152
-1828.29679440
-1828.29445099
-1828.29969386
-1828.31110511
-1828.32554627
-1828.33916237
-1828.34857727
-1828.35190025
-1828.34923558
-1828.34254552
-1828.33494211
-1828.32963848
-1828.32892168
-1828.33344558
-1828.34205582
-1828.35217381
-1828.36060090
-1828.36450472
-1828.36227464
-1828.35399049
-1828.34137826
-1828.32726344
-1828.31470749
-1828.30609633
-1828.30245638
-1828.30319874
-1828.30636740
-1828.30930530
-1828.30952854
-1828.30554765
-1828.29738101
-1828.28659544
-1828.27587270
-1828.26822115
-1828.26607534
-1828.27055625
-1828.28111361
-1828.29565127
-1828.31111059
-1828.32431962
-1828.33285797
-1828.33567156
-1828.33325957
-1828.32738756
-1828.32044111
-1828.31463093
-1828.31130126
-1828.31054545
-1828.31123958
-1828.31145379
-1828.30912070
-1828.30275050
-1828.29197391
-1828.27775737
-1828.27775737
-1828.26221012
-1828.24806093
-1828.23795197
-1828.23374975
-1828.23606579
-1828.24413362
-1828.25605999
-1828.26939668
-1828.28184072
-1828.29184736
-1828.29895739
-1828.30374151
-1828.30741172
-1828.31124540
-1828.31604723
-1828.32180949
-1828.32768675
-1828.33226525
-1828.33404273
-1828.33195312
-1828.32578361
-1828.31634373
-1828.30532807
-1828.29489987
-1828.28711679
-1828.28337024
-1828.28403142
-1828.28840802
-1828.29501223
-1828.30205022
-1828.30795591
-1828.31181371
-1828.31353844
-1828.31376907
-1828.31353841
-1828.31383421
-1828.31520897
-1828.31756668
-1828.32018430
-1828.32194897
-1828.32174380
-1828.31886084
-1828.31329968
-1828.30585782
-1828.29796952
-1828.29133056
-1828.28744346
-1828.28721718
-1828.29074866
-1828.29734841
-1828.30579717
-1828.31473864
-1828.32308335
-1828.33028808
-1828.33642728
-1828.34203747
-1828.34780832
-1828.35421214
-1828.36121685
-1828.36815827
-1828.37383526
-1828.37679621
-1828.37574383
-1828.36992607
-1828.35939726
-1828.34506366
-1828.32849851
-1828.31158662
-1828.29609311
-1828.28330491
-1828.27381919
-1828.26753389
-1828.26383337
-1828.26190146
-1828.26106670
-1828.26106679
-1828.26213714
-1828.26487878
-1828.26994895
-1828.27769131
-1828.28785350
-1828.29950954
-1828.31123650
-1828.32146941
-1828.32893288
-1828.33299891
-1828.33385870
-1828.33244674
-1828.33014014
-1828.32831985
-1828.32793442
-1828.32920432
-1828.33157233
-1828.33391524
-1828.33495974
-1828.33376386
-1828.33009802
-1828.32459829
-1828.31862883
-1828.31389605
-1828.31192166
-1828.31353931
-1828.31858085
-1828.32586249
-1828.33348179
-1828.33935211
-1828.34180794
-1828.34009269
-1828.33458071
-1828.32665891
-1828.31830866
-1828.31150661
-1828.30762768
-1828.30703382
-1828.30897516
-1828.31183733
-1828.31366911
-1828.31282935
-1828.30856073
-1828.30128469
-1828.29253255
-1828.28451672
-1828.27947128
-1828.27896341
-1828.28338795
-1828.29179892
-1828.30214655
-1828.31185319
-1828.31857877
-1828.32093751
-1828.31893590
-1828.31397864
-1828.30840576
-1828.30471523
-1828.30470545
-1828.30883238
-1828.31598853
-1828.32379860
-1828.32932641
-1828.32998553
-1828.32436640
-1828.31273355
-1828.29703583
-1828.28041716
-1828.26635786
-1828.25770495
-1828.25587928
-1828.26051427
-1828.26963700
-1828.28033541
-1828.28969225
-1828.29567953
-1828.29774429
-1828.29689944
-1828.29531122
-1828.29551327
-1828.29950307
-1828.30799928
-1828.32008828
-1828.33337780
-1828.34462295
-1828.35064024
-1828.34925412
-1828.33997317
-1828.32420831
-1828.30493556
-1828.28591005
-1828.27065428
-1828.26152110
-1828.25910736
-1828.26219915
-1828.26824653
-1828.27422568
-1828.27761621
-1828.27720386
-1828.27345780
-1828.26838280
-1828.26486982
-1828.26574226
-1828.27278038
-1828.28603190
-1828.30363554
-1828.32223685
-1828.33788141
-1828.34712473
-1828.34802137
-1828.34068878
-1828.32728360
-1828.31138628
-1828.29697743
-1828.28731272
-1828.28403954
-1828.28682375
-1828.29360448
-1828.30137697
-1828.30724010
-1828.30936051
-1828.30753728
-1828.30319943
-1828.29885900
-1828.29720288
-1828.30012905
-1828.30804343
-1828.31963452
-1828.33219070
-1828.34237352
-1828.34720217
-1828.34495742
-1828.33572454
-1828.32140956
-1828.30521135
-1828.29070375
-1828.28081057
-1828.27697263
-1828.27877706
-1828.28414533
-1828.29003433
-1828.29342111
-1828.29226933
-1828.28618218
-1828.27652944
-1828.26602036
-1828.25784302
-1828.25464471
-1828.25767067
-1828.26633865
-1828.27839038
-1828.29057463
-1828.29964206
-1828.30335424
-1828.30117741
-1828.29445963
-1828.28602081
-1828.27928290
-1828.27719658
-1828.28130243
-1828.29121863
-1828.30472892
-1828.31844567
-1828.32884481
-1828.33334696
-1828.33111682
-1828.32333515
-1828.31286169
-1828.30337555
-1828.29825705
-1828.29954640
-1828.30730471
-1828.31957379
-1828.33295870
-1828.34366168
-1828.34864101
-1828.34654744
-1828.33813822
-1828.32603567
-1828.31391132
-1828.30533914
-1828.30268388
-1828.30637797
-1828.31481707
-1828.32490011
-1828.33303666
-1828.33629465
-1828.33333096
-1828.32482109
-1828.31325349
-1828.30215031
-1828.29494884
-1828.29389440
-1828.29929630
-1828.30939231
-1828.32086519
-1828.32985748
-1828.33316805
-1828.32924817
-1828.31868292
-1828.30400677
-1828.28891247
-1828.27711089
-1828.27121283
-1828.27198813
-1828.27824515
-1828.28733981
-1828.29612862
-1828.30203598
-1828.30388991
-1828.30226185
-1828.29921889
-1828.29757102
-1828.29986247
-1828.30744024
-1828.31990009
-1828.33510076
-1828.34974231
-1828.36032905
-1828.36421683
-1828.36042287
-1828.34993096
-1828.33541082
-1828.32042075
-1828.30834790
-1828.30141075
-1828.30003121
-1828.30277276
-1828.30687002
-1828.30917523
-1828.30723936
-1828.30017844
-1828.28905097
-1828.27660115
-1828.26643809
-1828.26187760
-1828.26482005
-1828.27501435
-1828.28996586
-1828.30555369
-1828.31719538
-1828.32122326
-1828.31605045
-1828.30275309
-1828.28485254
-1828.26732795
-1828.25514398
-1828.25175573
-1828.25809140
-1828.27232855
-1828.29052733
-1828.30789588
-1828.32028015
-1828.32542636
-1828.32363216
-1828.31759463
-1828.31150342
-1828.30966756
-1828.31509465
-1828.32847537
-1828.34787016
-1828.36921287
-1828.38746819
-1828.39808892
-1828.39834396
-1828.38810544
-1828.36986612
-1828.34799838
-1828.32748067
-1828.31246989
-1828.30515038
-1828.30518106
-1828.30990495
-1828.31525409
-1828.31707355
-1828.31247444
-1828.30080808
-1828.28397129
-1828.26595142
-1828.25171509
-1828.24578414
-1828.25087967
-1828.26704219
-1828.29148978
-1828.31926861
-1828.34453154
-1828.36209488
-1828.36881907
-1828.36442069
-1828.35146053
-1828.33450706
-1828.31872026
-1828.30829430
-1828.30522681
-1828.30879489
-1828.31588971
-1828.32209837
-1828.32320066
-1828.31660356
-1828.30227746
-1828.28289989
-1828.26315192
-1828.24838200
-1828.24303293
-1828.24930712
-1828.26646436
-1828.29096698
-1828.31743374
-1828.34014435
-1828.35464399
-1828.35898207
-1828.35418738
-1828.34385333
-1828.33295830
-1828.32629151
-1828.32696389
-1828.33544818
-1828.34942844
-1828.36450494
-1828.37554157
-1828.37825598
-1828.37056329
-1828.35327334
-1828.32992559
-1828.30580561
-1828.28643887
-1828.27600176
-1828.27612997
-1828.28547846
-1828.30018032
-1828.31505580
-1828.32520692
-1828.32750078
-1828.32149908
-1828.30954871
-1828.29602000
-1828.28592867
-1828.28336620
-1828.29022768
-1828.30560495
-1828.32604025
-1828.34654081
-1828.36204102
-1828.36887135
-1828.36578992
-1828.35428897
-1828.33808538
-1828.32197166
-1828.31036606
-1828.30600426
-1828.30916094
-1828.31763637
-1828.32750845
-1828.33440519
-1828.33491044
-1828.32767323
-1828.31388195
-1828.29697227
-1828.28166448
-1828.27261150
-1828.27305347
-1828.28386924
-1828.30329542
-1828.32739235
-1828.35111982
-1828.36970880
-1828.37993258
-1828.38091190
-1828.37422492
-1828.36330323
-1828.35230680
-1828.34482338
-1828.34278694
-1828.34593699
-1828.35196984
-1828.35733858
-1828.35843933
-1828.35282818
-1828.34008113
-1828.32203260
-1828.30231351
-1828.28532317
-1828.27495922
-1828.27348134
-1828.28085876
-1828.29478427
-1828.31134524
-1828.32614528
-1828.33553946
-1828.33761703
-1828.33265920
-1828.32294511
-1828.31198388
-1828.30340798
-1828.29987375
-1828.30229036
-1828.30960280
-1828.31917589
-1828.32764873
-1828.33199634
-1828.33048049
-1828.32320297
-1828.31211500
-1828.30047614
-1828.29192466
-1828.28943924
-1828.29448428
-1828.30659006
-1828.32348586
-1828.34172655
-1828.35763403
-1828.36826762
-1828.37215421
-1828.36957828
-1828.36236811
-1828.35325684
-1828.34501658
-1828.33962754
-1828.33771370
-1828.33841236
-1828.33971211
-1828.33915221
-1828.33467192
-1828.32535344
-1828.31181612
-1828.29614582
-1828.28137498
-1828.27067508
-1828.26650008
-1828.26993603
-1828.28043651
-1828.29600525
-1828.31375120
-1828.33064639
-1828.34425650
-1828.35324009
-1828.35749504
-1828.35793468
-1828.35600240
-1828.35308806
-1828.35003553
-1828.34688810
-1828.34294018
-1828.33706237
-1828.32818804
-1828.31580318
-1828.30027877
-1828.28294248
-1828.26586590
-1828.25142262
-1828.24174841
-1828.23824896
-1828.24129633
-1828.25019536
-1828.26341086
-1828.27899370
-1828.29506288
-1828.31021403
-1828.32373859
-1828.33560942
-1828.34626054
-1828.35624111
-1828.36586037
-1828.37494402
-1828.38276673
-1828.38818336
-1828.38991459
-1828.38689547
-1828.37859393
-1828.36520269
-1828.34766076
-1828.32750509
-1828.30659517
-1828.28678645
-1828.26963330
-1828.25619382
-1828.24695836
-1828.24190073
-1828.24061233
-1828.24246997
-1828.24679724
-1828.25297595
-1828.26049989
-1828.26898177
-1828.27812510
-1828.28768878
-1828.29744040
-1828.30711612
-1828.31638720
-1828.32483763
-1828.33196984
-1828.33723938
-1828.34011921
-1828.34019794
-1828.33729802
-1828.33158338
-1828.32362496
-1828.31438573
-1828.30510383
-1828.29709909
-1828.29153085
-1828.28916793
-1828.29022896
-1828.29432632
-1828.30055152
-1828.30768733
-1828.31451212
-1828.32011922
-1828.32414141
-1828.32682439
-1828.32889061
-1828.33124807
-1828.33462353
-1828.33924366
-1828.34466986
-1828.34984438
-1828.35333922
-1828.35374805
-1828.35009947
-1828.34218758
-1828.33069661
-1828.31709485
-1828.30331626
-1828.29131773
-1828.28263254
-1828.27804755
-1828.27748313
-1828.28011824
-1828.28470845
-1828.29000855
-1828.29516480
-1828.29996776
-1828.30488852
-1828.31088152
-1828.31901484
-1828.33001538
-1828.34388187
-1828.35967533
-1828.37558845
-1828.38930113
-1828.39852529
-1828.40160562
-1828.39797160
-1828.38832254
-1828.37446508
-1828.35885904
-1828.34398999
-1828.33175591
-1828.32303029
-1828.31753725
-1828.31405874
-1828.31092651
-1828.30664054
-1828.30043649
-1828.29261188
-1828.28450617
-1828.27813776
-1828.27559533
-1828.27836920
-1828.28682409
-1828.29997826
-1828.31566396
-1828.33103654
-1828.34329062
-1828.35036914
-1828.35146925
-1828.34719635
-1828.33932321
-1828.33025075
-1828.32232475
-1828.31720542
-1828.31546083
-1828.31647908
-1828.31872648
-1828.32028864
-1828.31953581
-1828.31571841
-1828.30928441
-1828.30180610
-1828.29551950
-1828.29261589
-1828.29450559
-1828.30128825
-1828.31160915
-1828.32296229
-1828.33235816
-1828.33716887
-1828.33588841
-1828.32857771
-1828.31684989
-1828.30339498
-1828.29117317
-1828.28253431
-1828.27853212
-1828.27866133
-1828.28110208
-1828.28339796
-1828.28335238
-1828.27985705
-1828.27336790
-1828.26587152
-1828.26034027
-1828.25983484
-1828.26653573
-1828.28100526
-1828.30190368
-1828.32624748
-1828.35014133
-1828.36976819
-1828.38236638
-1828.38690628
-1828.38426470
-1828.37685152
-1828.36779985
-1828.35996978
-1828.35507594
-1828.35320472
-1828.35287268
-1828.35159247
-1828.34677120
-1828.33664567
-1828.32097221
-1828.30125463
-1828.28043233
-1828.26212459
-1828.24965168
-1828.24510518
-1828.24876124
-1828.25899969
-1828.27276364
-1828.28643603
-1828.29687463
-1828.30229672
-1828.30274386
-1828.29998427
-1828.29687315
-1828.29637626
-1828.30056290
-1828.30988832
-1828.32298335
-1828.33702567
-1828.34856950
-1828.35458097
-1828.35335863
-1828.34506248
-1828.33169597
-1828.31654288
-1828.30323438
-1828.29471966
-1828.29244310
-1828.29597676
-1828.30321446
-1828.31106546
-1828.31643017
-1828.31716068
-1828.31270814
-1828.30426562
-1828.29436975
-1828.28609309
-1828.28207021
-1828.28368070
-1828.29061847
-1828.30099656
-1828.31193193
-1828.32043432
-1828.32431329
-1828.32283603
-1828.31692068
-1828.30881864
-1828.30138017
-1828.29715685
-1828.29760918
-1828.30267698
-1828.31081770
-1828.31950151
-1828.32600694
-1828.32828233
-1828.32560465
-1828.31882348
-1828.31011332
-1828.30230161
-1828.29799493
-1828.29877794
-1828.30475264
-1828.31454632
-1828.32578481
-1828.33584390
-1828.34264892
-1828.34525381
-1828.34403702
-1828.34046858
-1828.33654284
-1828.33406445
-1828.33402564
-1828.33626729
-1828.33954215
-1828.34195575
-1828.34163322
-1828.33738354
-1828.32914192
-1828.31802941
-1828.30602398
-1828.29535850
-1828.28785007
-1828.28438402
-1828.28471323
-1828.28761739
-1828.29136743
-1828.29431604
-1828.29540991
-1828.29445164
-1828.29205574
-1828.28936299
-1828.28764458
-1828.28788215
-1828.29042389
-1828.29479700
-1828.29976618
-1828.30365292
-1828.30484499
-1828.30234581
-1828.29618783
-1828.28754937
-1828.27850294
-1828.27145699
-1828.26845164
-1828.27056866
-1828.27763630
-1828.28830838
-1828.30046609
-1828.31181502
-1828.32049477
-1828.32552801
-1828.32698253
-1828.32580741
-1828.32341410
-1828.32113087
-1828.31971548
-1828.31907368
-1828.31828236
-1828.31591760
-1828.31059457
-1828.30153377
-1828.28897606
-1828.27428993
-1828.25972416
-1828.24786518
-1828.24096958
-1828.24037156
-1828.24614859
-1828.25713915
-1828.27130528
-1828.28630341
-1828.30010475
-1828.31146633
-1828.32014068
-1828.32676985
-1828.33252123
-1828.33858466
-1828.34567965
-1828.35372668
-1828.36177367
-1828.36821041
-1828.37121087
-1828.36928557
-1828.36178033
-1828.34917780
-1828.33309039
-1828.31593112
-1828.30033827
-1828.28852105
-1828.28171983
-1828.27996000
-1828.28217074
-1828.28661317
-1828.29147546
-1828.29544302
-1828.29806553
-1828.29982753
-1828.30190588
-1828.30569274
-1828.31221921
-1828.32165201
-1828.33304126
-1828.34443709
-1828.35337629
-1828.35760279
-1828.35577630
-1828.34793959
-1828.33557730
-1828.32123667
-1828.30782393
-1828.29780452
-1828.29256638
-1828.29215431
-1828.29542458
-1828.30053803
-1828.30560734
-1828.30929364
-1828.31118274
-1828.31184755
-1828.31259927
-1828.31500413
-1828.32032120
-1828.32902239
-1828.34054756
-1828.35336575
-1828.36533716
-1828.37426555
-1828.37848793
-1828.37730887
-1828.37115813
-1828.36142030
-1828.35002329
-1828.33893335
-1828.32970580
-1828.32316593
-1828.31928395
-1828.31725176
-1828.31576527
-1828.31344280
-1828.30927255
-1828.30297271
-1828.29515145
-1828.28721400
-1828.28102068
-1828.27837977
-1828.28051667
-1828.28767703
-1828.29898267
-1828.31261241
-1828.32624643
-1828.33765012
-1828.34523607
-1828.34845146
-1828.34787965
-1828.34504958
-1828.34198533
-1828.34062535
-1828.34227255
-1828.34722371
-1828.35468796
-1828.36301540
-1828.37016404
-1828.37427600
-1828.37419947
-1828.36981076
-1828.36204587
-1828.35263993
-1828.34364616
-1828.33687561
-1828.33341150
-1828.33332757
-1828.33569266
-1828.33886022
-1828.34095935
-1828.34045366
-1828.33660279
-1828.32970438
-1828.32103622
-1828.31250140
-1828.30608599
-1828.30327219
-1828.30459088
-1828.30944998
-1828.31629333
-1828.32304050
-1828.32767401
-1828.32880163
-1828.32603053
-1828.32006596
-1828.31253208
-1828.30556190
-1828.30125221
-1828.30109748
-1828.30109748
-1828.30555020
-1828.31384218
-1828.32415762
-1828.33412743
-1828.34150102
-1828.34478507
-1828.34364559
-1828.33896062
-1828.33251452
-1828.32643017
-1828.32253038
-1828.32181585
-1828.32422854
-1828.32875561
-1828.33383548
-1828.33790479
-1828.33991837
-1828.33966448
-1828.33778950
-1828.33778950
-1828.33553554
-1828.33428223
-1828.33505937
-1828.33818936
-1828.34317544
-1828.34884078
-1828.35365260
-1828.35613138
-1828.35524452
-1828.35068466
-1828.34296262
-1828.33327830
-1828.32321220
-1828.31432159
-1828.30775759
-1828.30401384
-1828.30286642
-1828.30351126
-1828.30485049
-1828.30583588
-1828.30577501
-1828.30451948
-1828.30249514
-1828.30056369
-1828.29974993
-1828.30091105
-1828.30444908
-1828.31015975
-1828.31727858
-1828.32470733
-1828.33133764
-1828.33636619
-1828.33948555
-1828.34090659
-1828.34119869
-1828.34102702
-1828.34087517
-1828.34086374
-1828.34072851
-1828.33995951
-1828.33804561
-1828.33472921
-1828.33016516
-1828.32493088
-1828.31987257
-1828.31585226
-1828.31349872
-1828.31303864
-1828.31425606
-1828.31657025
-1828.31920680
-1828.32139715
-1828.32255905
-1828.32240884
-1828.32097854
-1828.31855066
-1828.31553123
-1828.31230882
-1828.30913991
-1828.30609967
-1828.30309992
-1828.29996732
-1828.29654337
-1828.29278139
-1828.28880742
-1828.28493576
-1828.28162741
-1828.27940038
-1828.27869862
-1828.27976607
-1828.28255620
-1828.28672626
-1828.29171094
-1828.29686955
-1828.30166090
-1828.30578797
-1828.30925891
-1828.31233664
-1828.31538649
-1828.31866597
-1828.32212969
-1828.32532840
-1828.32745505
-1828.32755599
-1828.32484064
-1828.31899424
-1828.31038059
-1828.30004834
-1828.28952470
-1828.28045672
-1828.28045672
-1828.27420251
-1828.27149280
-1828.27225195
-1828.27564609
-1828.28033381
-1828.28486139
-1828.28809080
-1828.28953381
-1828.28949355
-1828.28896362
-1828.28929628
-1828.29173218
-1828.29693313
-1828.29693313
-1828.30467206
-1828.31379143
-1828.32246062
-1828.32865979
-1828.33075704
-1828.32800904
-1828.32083680
-1828.31078702
-1828.30017618
-1828.29149123
-1828.28670449
-1828.28670094
-1828.29099284
-1828.29783723
-1828.30473434
-1828.30917759
-1828.30943247
-1828.30511070
-1828.29735065
-1828.28852791
-1828.28155801
-1828.27898650
-1828.28216164
-1828.29076410
-1828.30285963
-1828.31544675
-1828.32532828
-1828.33005168
-1828.32863853
-1828.32189204
-1828.31217733
-1828.30272292
-1828.29665379
-1828.29604186
-1828.30126435
-1828.31086076
-1828.32195447
-1828.33109228
-1828.33527987
-1828.33290280
-1828.32426576
-1828.31159160
-1828.29847142
-1828.28888495
-1828.28606207
-1828.29150329
-1828.30447161
-1828.30447161
-1828.32211948
-1828.34024509
-1828.35447750
-1828.36153076
-1828.36015469
-1828.35150360
-1828.33880396
-1828.32642349
-1828.31857697
-1828.31805304
-1828.32534457
-1828.33846197
-1828.35349074
-1828.36575048
-1828.37120418
-1828.37120418
-1828.36770426
-1828.36770426
-1828.35569480
-1828.33815422
-1828.31978085
-1828.30565338
-1828.29976528
-1828.30384996
-1828.31685953
-1828.33525850
-1828.35404558
-1828.36820725
-1828.37417251
-1828.37081420
-1828.35972321
-1828.34469057
-1828.33057444
-1828.32187427
-1828.32141177
-1828.32949618
-1828.34381573
-1828.36011640
-1828.37346319
-1828.37973475
-1828.37690751
-1828.36574163
-1828.34965620
-1828.33380166
-1828.32358293
-1828.32304461
-1828.33360260
-1828.35351255
-1828.37827379
-1828.40185027
-1828.41836204
-1828.42374048
-1828.41686865
-1828.39985883
-1828.37739302
-1828.35529814
-1828.33879040
-1828.33091198
-1828.33163410
-1828.33792667
-1828.34476899
-1828.34680004
-1828.34009549
-1828.32352752
-1828.29927933
-1828.27234677
-1828.24916799
-1828.23577124
-1828.23577124
-1828.23600901
-1828.25040479
-1828.27596475
-1828.30700952
-1828.33678025
-1828.35933289
-1828.37116529
-1828.37210072
-1828.36517330
-1828.35556472
-1828.34891561
-1828.34952326
-1828.35896716
-1828.37556899
-1828.39485548
-1828.41087932
-1828.41801227
-1828.41268069
-1828.39452299
-1828.36663460
-1828.33480255
-1828.30596514
-1828.28633653
-1828.27973640
-1828.28659962
-1828.30395412
-1828.32633415
-1828.34737589
-1828.36160858
-1828.36593646
-1828.36038224
-1828.34789359
-1828.33329709
-1828.32171388
-1828.31692316
-1828.32016247
-1828.32973098
-1828.34150951
-1828.35025167
-1828.35124809
-1828.34185835
-1828.32244216
-1828.29639370
-1828.26926892
-1828.24726501
-1828.23551524
-1828.23670218
-1828.25038814
-1828.27323552
-1828.30002650
-1828.32516788
-1828.34423194
-1828.35509278
-1828.35832475
-1828.35678247
-1828.35451180
-1828.35534885
-1828.36164480
-1828.37350227
-1828.38874311
-1828.40358142
-1828.41380036
-1828.41604168
-1828.40883690
-1828.39306611
-1828.37172766
