-1828.30383151
-1828.30248619
-1828.29272597
-1828.27825321
-1828.26359196
-1828.25276844
-1828.24815123
-1828.24979213
-1828.25548411
-1828.26152332
-1828.26395206
-1828.25990906
-1828.24864896
-1828.23191188
-1828.21350881
-1828.19821609
-1828.19032984
-1828.19229665
-1828.20387610
-1828.22209251
-1828.24201657
-1828.25815856
-1828.26604928
-1828.26353152
-1828.25137293
-1828.23299684
-1828.21342842
-1828.19776022
-1828.18963318
-1828.19018859
-1828.19781804
-1828.20878183
-1828.21848470
-1828.22301270
-1828.22043992
-1828.21149937
-1828.19940896
-1828.18890482
-1828.18479262
-1828.19044651
-1828.20671582
-1828.23156160
-1828.26052612
-1828.28789058
-1828.30820272
-1828.31772498
-1828.31541965
-1828.30317016
-1828.28519078
-1828.26677778
-1828.25276950
-1828.24616164
-1828.24728099
-1828.25376952
-1828.26137956
-1828.26534691
-1828.26193558
-1828.24967662
-1828.22992206
-1828.20652909
-1828.18476693
-1828.16975663
-1828.16494810
-1828.17108384
-1828.18598173
-1828.20517335
-1828.22321043
-1828.23524438
-1828.23840319
-1828.23256672
-1828.22030316
-1828.20599585
-1828.19443382
-1828.18930928
-1828.19208117
-1828.20155235
-1828.21428182
-1828.22568927
-1828.23150664
-1828.22911639
-1828.21837295
-1828.20165334
-1828.18313370
-1828.16754385
-1828.15878136
-1828.15881658
-1828.16719459
-1828.18125034
-1828.18125034
-1828.18125034
-1828.19694975
-1828.21009244
-1828.21751546
-1828.21794612
-1828.21226947
-1828.20314502
-1828.19410666
-1828.18842286
-1828.18807211
-1828.19315532
-1828.20191994
-1828.21137384
-1828.21828520
-1828.22023857
-1828.21641967
-1828.20785560
-1828.19704446
-1828.18711559
-1828.18083840
-1828.17981707
-1828.18406524
-1828.19206375
-1828.20124126
-1828.20876197
-1828.21238057
-1828.21111066
-1828.20548570
-1828.19734566
-1828.18921300
-1828.18347396
-1828.18163406
-1828.18389413
-1828.18389413
-1828.18917661
-1828.19556972
-1828.20102804
-1828.20408116
-1828.20431238
-1828.20246581
-1828.20015069
-1828.19925891
-1828.20128900
-1828.20681830
-1828.21528155
-1828.22513941
-1828.23436982
-1828.24112232
-1828.24430853
-1828.24394174
-1828.24109988
-1828.23752293
-1828.23497822
-1828.23461020
-1828.23650241
-1828.23961666
-1828.24212751
-1828.24204530
-1828.23792468
-1828.22941940
-1828.21749886
-1828.20424938
-1828.19230622
-1828.18409541
-1828.18111067
-1828.18346830
-1828.18987812
-1828.19803764
-1828.20533576
-1828.20963542
-1828.20990514
-1828.20649410
-1828.20097056
-1828.19557098
-1828.19243481
-1828.19285734
-1828.19681155
-1828.20288442
-1828.20868280
-1828.21159172
-1828.20966386
-1828.20236598
-1828.19092141
-1828.17811571
-1828.16758117
-1828.16275215
-1828.16580960
-1828.17693286
-1828.19413460
-1828.21374895
-1828.23145627
-1828.24353901
-1828.24797156
-1828.24500294
-1828.23703965
-1828.22785154
-1828.22135778
-1828.22035241
-1828.22035241
-1828.22557794
-1828.23543923
-1828.24645650
-1828.25433712
-1828.25534571
-1828.24755501
-1828.23155972
-1828.21041040
-1828.18875565
-1828.17148149
-1828.16229417
-1828.16268761
-1828.17155605
-1828.18556640
-1828.20015867
-1828.30383151
-1828.30248619
-1828.29272597
-1828.27825321
-1828.26359196
-1828.25276844
-1828.24815123
-1828.24979213
-1828.25548411
-1828.26152332
-1828.26395206
-1828.25990906
-1828.24864896
-1828.23191188
-1828.21350881
-1828.19821609
-1828.19032984
-1828.19229665
-1828.20387610
-1828.22209251
-1828.24201657
-1828.25815856
-1828.26604928
-1828.26353152
-1828.25137293
-1828.23299684
-1828.21342842
-1828.19776022
-1828.18963318
-1828.19018859
-1828.19781804
-1828.20878183
-1828.21848470
-1828.22301270
-1828.22043992
-1828.21149937
-1828.19940896
-1828.18890482
-1828.18479262
-1828.19044651
-1828.20671582
-1828.23156160
-1828.26052612
-1828.28789058
-1828.30820272
-1828.31772498
-1828.31541965
-1828.30317016
-1828.28519078
-1828.26677778
-1828.25276950
-1828.24616164
-1828.24728099
-1828.25376952
-1828.26137956
-1828.26534691
-1828.26193558
-1828.24967662
-1828.22992206
-1828.20652909
-1828.18476693
-1828.16975663
-1828.16494810
-1828.17108384
-1828.18598173
-1828.20517335
-1828.22321043
-1828.23524438
-1828.23840319
-1828.23256672
-1828.22030316
-1828.20599585
-1828.19443382
-1828.18930928
-1828.19208117
-1828.20155235
-1828.21428182
-1828.22568927
-1828.23150664
-1828.22911639
-1828.21837295
-1828.20165334
-1828.18313370
-1828.16754385
-1828.15878136
-1828.15881658
-1828.16719459
-1828.18125034
-1828.19694975
-1828.21009244
-1828.21751546
-1828.21794612
-1828.21226947
-1828.20314502
-1828.19410666
-1828.18842286
-1828.18807211
-1828.19315532
-1828.20191994
-1828.21137384
-1828.21828520
-1828.22023857
-1828.21641967
-1828.20785560
-1828.19704446
-1828.18711559
-1828.18083840
-1828.17981707
-1828.18406524
-1828.19206375
-1828.20124126
-1828.20876197
-1828.21238057
-1828.21111066
-1828.20548570
-1828.19734566
-1828.18921300
-1828.18347396
-1828.18163406
-1828.18389413
-1828.18389413
-1828.18917661
-1828.19556972
-1828.20102804
-1828.20408116
-1828.20431238
-1828.20246581
-1828.20015069
-1828.19925891
-1828.20128900
-1828.20681830
-1828.21528155
-1828.22513941
-1828.23436982
-1828.24112232
-1828.24430853
-1828.24394174
-1828.24109988
-1828.23752293
-1828.23497822
-1828.23461020
-1828.23650241
-1828.23961666
-1828.24212751
-1828.24204530
-1828.23792468
-1828.22941940
-1828.22941940
-1828.21749886
-1828.20424938
-1828.19230622
-1828.18409541
-1828.18111067
-1828.18346830
-1828.18987812
-1828.19803764
-1828.20533576
-1828.20963542
-1828.20990514
-1828.20649410
-1828.20649410
-1828.20649410
-1828.20097056
-1828.19557098
-1828.19243481
-1828.19285734
-1828.19681155
-1828.20288442
-1828.20868280
-1828.21159172
-1828.20966386
-1828.20236598
-1828.19092141
-1828.17811571
-1828.16758117
-1828.16275215
-1828.16580960
-1828.17693286
-1828.19413460
-1828.21374895
-1828.23145627
-1828.24353901
-1828.24797156
-1828.24500294
-1828.23703965
-1828.22785154
-1828.22135778
-1828.22035241
-1828.22557794
-1828.23543923
-1828.24645650
-1828.25433712
-1828.25534571
-1828.24755501
-1828.23155972
-1828.21041040
-1828.18875565
-1828.17148149
-1828.16229417
-1828.16268761
-1828.17155605
-1828.18556640
-1828.20015867
-1828.21090396
-1828.21481822
-1828.21123303
-1828.20194985
-1828.19063048
-1828.18160603
-1828.17847638
-1828.18293507
-1828.19419252
-1828.20917667
-1828.22346986
-1828.23267875
-1828.23383672
-1828.22638837
-1828.21245040
-1828.19625969
-1828.18295092
-1828.17702805
-1828.18097777
-1828.19443968
-1828.21421471
-1828.23513943
-1828.25159807
-1828.25921343
-1828.25618723
-1828.24384932
-1828.22624046
-1828.20884910
-1828.19690314
-1828.19374643
-1828.19980803
-1828.21249452
-1828.22704219
-1828.23807244
-1828.24136393
-1828.23527372
-1828.22135211
-1828.20394226
-1828.20394226
-1828.18887928
-1828.18168446
-1828.18581393
-1828.20150534
-1828.22558944
-1828.25233865
-1828.27511659
-1828.28833552
-1828.28912082
-1828.27816654
-1828.25949970
-1828.23922667
-1828.22364893
-1828.21733860
-1828.22175826
-1828.23484831
-1828.25169597
-1828.26608091
-1828.27243126
-1828.26759844
-1828.25190262
-1828.22912203
-1828.20541758
-1828.18749570
-1828.18056314
-1828.18668973
-1828.20410544
-1828.22766458
-1828.25036741
-1828.26547132
-1828.26855471
-1828.25887101
-1828.23958233
-1828.21679097
-1828.19765629
-1828.18816043
-1828.19121332
-1828.20568859
-1828.22671623
-1828.24717535
-1828.25993386
-1828.26013889
-1828.24682526
-1828.22333968
-1828.19642840
-1828.17426225
-1828.16398401
-1828.16952809
-1828.19037984
-1828.22165581
-1828.25550413
-1828.28340105
-1828.29865430
-1828.29835669
-1828.28419533
-1828.26187663
-1828.23933270
-1828.22427018
-1828.22179647
-1828.23285266
-1828.25392053
-1828.27809585
-1828.29720062
-1828.30428966
-1828.29579764
-1828.27266772
-1828.24013195
-1828.20619677
-1828.17930422
-1828.16585458
-1828.16834388
-1828.18468048
-1828.20888841
-1828.23297716
-1828.24940278
-1828.25336588
-1828.24426786
-1828.22588006
-1828.20518225
-1828.19020797
-1828.18753563
-1828.20018910
-1828.22660612
-1828.26100281
-1828.29504159
-1828.32028144
-1828.33065393
-1828.32422241
-1828.30370099
-1828.27560219
-1828.24825746
-1828.22931531
-1828.22346429
-1828.23107972
-1828.24820562
-1828.26786011
-1828.28226045
-1828.28526677
-1828.27431323
-1828.25123612
-1828.22174633
-1828.19371163
-1828.17476725
-1828.16999254
-1828.18037704
-1828.20255404
-1828.22985636
-1828.25436775
-1828.26931299
-1828.27105341
-1828.26010213
-1828.24086094
-1828.22018949
-1828.20526103
-1828.20135905
-1828.21027901
-1828.22981738
-1828.25447430
-1828.27715080
-1828.29130332
-1828.29290534
-1828.28162688
-1828.26090884
-1828.23693118
-1828.21678333
-1828.20637890
-1828.20872864
-1828.22307072
-1828.24512806
-1828.26839570
-1828.28608519
-1828.29312723
-1828.28764237
-1828.27143410
-1828.24937501
-1828.22788108
-1828.21294578
-1828.20834394
-1828.21453349
-1828.22858735
-1828.24514153
-1828.25806786
-1828.26235808
-1828.25566608
-1828.23906020
-1828.21673583
-1828.19475708
-1828.17920510
-1828.17431656
-1828.18119419
-1828.19750626
-1828.21823333
-1828.23723069
-1828.24910374
-1828.25082784
-1828.24262444
-1828.22783551
-1828.21182942
-1828.20028495
-1828.19737976
-1828.20444257
-1828.21949077
-1828.23778430
-1828.25324445
-1828.26031207
-1828.25568216
-1828.23937025
-1828.21476832
-1828.18765791
-1828.16449338
-1828.15048775
-1828.14810014
-1828.15637504
-1828.17132728
-1828.18723214
-1828.19842682
-1828.20106001
-1828.19425894
-1828.18036195
-1828.16416788
-1828.15143181
-1828.14708400
-1828.15370316
-1828.17070931
-1828.19451479
-1828.21959028
-1828.24011667
-1828.25173473
-1828.25283088
-1828.24498758
-1828.23243435
-1828.22069265
-1828.21484902
-1828.21798670
-1828.23026974
-1828.23026974
-1828.24893204
-1828.26914855
-1828.28551183
-1828.29364181
-1828.29145739
-1828.27972810
-1828.26176570
-1828.24237491
-1828.22638558
-1828.21722226
-1828.21592646
-1828.22092041
-1828.22857861
-1828.23443080
-1828.23461663
-1828.22712914
-1828.21244689
-1828.19337416
-1828.17414501
-1828.15910473
-1828.15138768
-1828.15201417
-1828.15966586
-1828.17120064
-1828.18269873
-1828.19068291
-1828.19312110
-1828.18992258
-1828.18282891
-1828.17478305
-1828.16896911
-1828.16779569
-1828.17211210
-1828.18091399
-1828.19165643
-1828.20107753
-1828.20107753
-1828.20624730
-1828.20548076
-1828.19883089
-1828.18801294
-1828.17581530
-1828.16520823
-1828.15844073
-1828.15844073
-1828.15640668
-1828.15846906
-1828.16276534
-1828.16688545
-1828.16869113
-1828.16703172
-1828.16214814
-1828.15564745
-1828.15003446
-1828.14790360
-1828.15105152
-1828.15980632
-1828.17283905
-1828.18750862
-1828.20065265
-1828.20952924
-1828.21261687
-1828.21001358
-1828.20333569
-1828.19514810
-1828.18814044
-1828.18430547
-1828.18436958
-1828.18764604
-1828.18764604
-1828.19233410
-1828.19617216
-1828.19722911
-1828.19459494
-1828.18874121
-1828.18143731
-1828.17522723
-1828.17264071
-1828.17538549
-1828.18378097
-1828.19661843
-1828.21149407
-1828.22551735
-1828.23616596
-1828.24200908
-1828.24306771
-1828.24069786
-1828.23705326
-1828.23431091
-1828.23391823
-1828.23610512
-1828.23981117
-1828.24304006
-1828.24354470
-1828.23961257
-1828.23070042
-1828.21770865
-1828.20277678
-1828.18866860
-1828.17793666
-1828.17215164
-1828.17146840
-1828.17467306
-1828.17968733
-1828.18434765
-1828.18716631
-1828.18780800
-1828.18713562
-1828.18679523
-1828.18850560
-1828.19329475
-1828.20096239
-1828.20996231
-1828.21778161
-1828.22170938
-1828.21975852
-1828.21144005
-1828.19809632
-1828.18265738
-1828.16885667
-1828.16014309
-1828.15864276
-1828.16450393
-1828.17586545
-1828.18947193
-1828.20176023
-1828.21006943
-1828.21358778
-1828.21369081
-1828.21353547
-1828.21701956
-1828.22742374
-1828.24616492
-1828.27207482
-1828.30146509
-1828.32898903
-1828.34908307
-1828.35755084
-1828.35280808
-1828.33639107
-1828.31253580
-1828.28695014
-1828.26513142
-1828.25075750
-1828.24465140
-1828.24465883
-1828.24646923
-1828.24513274
-1828.23680338
-1828.22015263
-1828.19701239
-1828.17201881
-1828.15135412
-1828.14093716
-1828.14460583
-1828.16284653
-1828.19245194
-1828.22725382
-1828.25974169
-1828.28311604
-1828.29317944
-1828.28949140
-1828.27542467
-1828.25708204
-1828.24139823
-1828.23399635
-1828.23399635
-1828.23744120
-1828.25043452
-1828.26821503
-1828.28404758
-1828.29136966
-1828.28593575
-1828.26728663
-1828.23907559
-1828.20811844
-1828.18244284
-1828.16890662
-1828.17110393
-1828.18821856
-1828.21517617
-1828.24409399
-1828.26659201
-1828.27628661
-1828.27068302
-1828.25187903
-1828.22586170
-1828.20061075
-1828.18360151
-1828.17948706
-1828.18866397
-1828.20717928
-1828.22799012
-1828.24319471
-1828.24653557
-1828.23541258
-1828.21178456
-1828.18168331
-1828.15349231
-1828.13549032
-1828.13340467
-1828.14869231
-1828.17807385
-1828.21446399
-1828.24903818
-1828.27380268
-1828.27380268
-1828.28389202
-1828.27889917
-1828.26284588
-1828.24281396
-1828.22668249
-1828.22065199
-1828.22730814
-1828.24480462
-1828.26740587
-1828.28724645
-1828.29677322
-1828.29113937
-1828.26981930
-1828.23693428
-1828.20017597
-1828.16863436
-1828.15017179
-1828.14914401
-1828.16514982
-1828.19319623
-1828.22522651
-1828.25253776
-1828.26834572
-1828.26973547
-1828.25839336
-1828.23992771
-1828.22198693
-1828.21176472
-1828.21365693
-1828.22780484
-1828.24996091
-1828.27274780
-1828.28789970
-1828.28881616
-1828.27263751
-1828.24120870
-1828.20063785
-1828.15957919
-1828.12677621
-1828.10858427
-1828.10723988
-1828.12038098
-1828.14194724
-1828.16417511
-1828.18006964
-1828.18557507
-1828.18078778
-1828.16983893
-1828.15948805
-1828.15687443
-1828.16712256
-1828.19155220
-1828.22705726
-1828.26685279
-1828.30237036
-1828.32572052
-1828.33197422
-1828.32058000
-1828.29549879
-1828.26402155
-1828.23462806
-1828.21452922
-1828.20762522
-1828.21349100
-1828.22769078
-1828.24330051
-1828.25318263
-1828.25228680
-1828.23928083
-1828.21700218
-1828.19159798
-1828.17061631
-1828.16064396
-1828.16523080
-1828.18374343
-1828.21150287
-1828.24116959
-1828.26493350
-1828.27684527
-1828.27456684
-1828.26000513
-1828.23864068
-1828.21776374
-1828.20417311
-1828.20205181
-1828.21167213
-1828.22932292
-1828.24848303
-1828.26188428
-1828.26382936
-1828.25205342
-1828.22854132
-1828.19903600
-1828.17138227
-1828.15320922
-1828.14965985
-1828.16185525
-1828.18656225
-1828.21715653
-1828.24558983
-1828.26476879
-1828.27063336
-1828.26330670
-1828.24697347
-1828.22851896
-1828.21533413
-1828.21296132
-1828.22329102
-1828.24388267
-1828.26861282
-1828.28948098
-1828.29902580
-1828.29262501
-1828.26997936
-1828.23531736
-1828.19624490
-1828.16156651
-1828.13873679
-1828.13171195
-1828.13986535
-1828.15829569
-1828.17942329
-1828.19539137
-1828.20052674
-1828.19310975
-1828.17591469
-1828.15534095
-1828.13941211
-1828.13523882
-1828.14673721
-1828.17330821
-1828.20989106
-1828.24838879
-1828.28002163
-1828.29790307
-1828.29903901
-1828.28515383
-1828.26209073
-1828.23797226
-1828.22069188
-1828.21549310
-1828.22338864
-1828.24088546
-1828.26112126
-1828.27604473
-1828.27898687
-1828.26682211
-1828.24104913
-1828.20744509
-1828.17439975
-1828.15041712
-1828.14156133
-1828.14961703
-1828.17155091
-1828.20042720
-1828.22750537
-1828.24486381
-1828.24775241
-1828.23596892
-1828.23596892
-1828.21383712
-1828.21383712
-1828.18880588
-1828.16910503
-1828.16117909
-1828.16769923
-1828.18675693
-1828.21248196
-1828.23686926
-1828.25225159
-1828.25365754
-1828.24036008
-1828.21613409
-1828.18815341
-1828.16484860
-1828.15337746
-1828.15747651
-1828.17634682
-1828.20491783
-1828.23539400
-1828.25960684
-1828.27144667
-1828.26862870
-1828.25328058
-1828.23117365
-1828.20987828
-1828.19639995
-1828.19502509
-1828.20603382
-1828.22565277
-1828.24726619
-1828.26350296
-1828.26854927
-1828.25997298
-1828.23950257
-1828.21252871
-1828.18649397
-1828.16867820
-1828.16406403
-1828.17390321
-1828.19540692
-1828.22261427
-1828.24816863
-1828.26546963
-1828.27054808
-1828.26312144
-1828.24654112
-1828.22665870
-1828.20998524
-1828.20169381
-1828.20408607
-1828.21596545
-1828.23311064
-1828.24968541
-1828.26013742
-1828.26098954
-1828.26098954
-1828.26098954
-1828.18957140
-1828.12342801
-1828.07878292
-1828.06595085
-1828.08634822
-1828.13217951
-1828.18888627
-1828.18888627
-1828.23961045
-1828.27029091
-1828.27029091
-1828.27384229
-1828.25212688
-1828.21513286
-1828.17762392
-1828.15431646
-1828.15509771
-1828.18178400
-1828.22744158
-1828.27848411
-1828.31889349
-1828.33525061
-1828.32100407
-1828.27864179
-1828.21908928
-1828.15851942
-1828.11355640
-1828.09634815
-1828.11099763
-1828.15243838
-1828.20807949
-1828.26170853
-1828.29843815
-1828.30918718
-1828.29330615
-1828.25856737
-1828.21852868
-1828.18811824
-1828.17881333
-1828.19492030
-1828.23211725
-1828.27870590
-1828.31918447
-1828.33902562
-1828.32918924
-1828.28898216
-1828.22640526
-1828.15589219
-1828.09413710
-1828.05528590
-1828.04692838
-1828.06808066
-1828.10974094
-1828.15782468
-1828.19756312
-1828.21802380
-1828.21536922
-1828.19384838
-1828.16424583
-1828.14026484
-1828.13399660
-1828.15190589
-1828.19259672
-1828.24706610
-1828.30135696
-1828.34078604
-1828.35441473
-1828.33840674
-1828.29722719
-1828.29722719
-1828.24234495
-1828.18881365
-1828.15078509
-1828.13732731
-1828.14981316
-1828.18170085
-1828.22074271
-1828.25293006
-1828.26693328
-1828.25765638
-1828.22779819
-1828.18694707
-1828.14851325
-1828.12546527
-1828.12620924
-1828.15190463
-1828.19603185
-1828.24633566
-1828.28851979
-1828.31054838
-1828.30624360
-1828.27708757
-1828.23171206
-1828.18324648
-1828.14534572
-1828.12811084
-1828.13514927
-1828.16264175
-1828.20070308
-1828.23657790
-1828.25868823
-1828.26026314
-1828.24143978
-1828.20917820
-1828.17503048
-1828.15147635
-1828.14798619
-1828.16803346
-1828.20797859
-1828.25813454
-1828.30566025
-1828.33837741
-1828.34836003
-1828.33420761
-1828.30133209
-1828.26019021
-1828.22302890
-1828.20014592
-1828.19681393
-1828.21179236
-1828.23786916
-1828.26423112
-1828.27993231
-1828.27736759
-1828.25469664
-1828.21647761
-1828.17232912
-1828.13405466
-1828.11211443
-1828.11252719
-1828.13512225
-1828.17365377
-1828.21770819
-1828.25580260
-1828.27872785
-1828.28213246
-1828.26759034
-1828.24185845
-1828.21458914
-1828.21458914
-1828.19521979
-1828.19000405
-1828.20008781
-1828.22121455
-1828.24513541
-1828.26226819
-1828.26477476
-1828.24910009
-1828.21719234
-1828.17602521
-1828.13558754
-1828.10596665
-1828.09441337
-1828.10328881
-1828.12949016
-1828.16551652
-1828.20180413
-1828.22960810
-1828.24353432
-1828.24294915
-1828.23187745
-1828.21744685
-1828.20741017
-1828.20754751
-1828.21976873
-1828.24150246
-1828.26655125
-1828.28709959
-1828.29623768
-1828.29018013
-1828.26949771
-1828.23898027
-1828.20619855
-1828.17923312
-1828.16429247
-1828.16395904
-1828.17658948
-1828.19703154
-1828.21838163
-1828.23420629
-1828.24052227
-1828.23692389
-1828.22655346
-1828.21495551
-1828.20819313
-1828.21082701
-1828.22437104
-1828.24671301
-1828.27268537
-1828.29560201
-1828.30927590
-1828.30989093
-1828.29714694
-1828.27432477
-1828.24727410
-1828.22264078
-1828.20590182
-1828.19980827
-1828.20373541
-1828.21409639
-1828.22568507
-1828.23347369
-1828.23427932
-1828.22776390
-1828.21646367
-1828.20485388
-1828.19777651
-1828.19875067
-1828.20871171
-1828.22560091
-1828.24492117
-1828.26109709
-1828.26918416
-1828.26638979
-1828.25290757
-1828.23180855
-1828.20802833
-1828.18678730
-1828.17197081
-1828.16499356
-1828.16451593
-1828.16708947
-1828.16850079
-1828.16535304
-1828.15635734
-1828.14289066
-1828.12862423
-1828.11835234
-1828.11639609
-1828.12510880
-1828.14398692
-1828.16967747
-1828.19689306
-1828.21995230
-1828.23446383
-1828.23860906
-1828.23361132
-1828.22324344
-1828.21252933
-1828.20604995
-1828.20641641
-1828.21339564
-1828.22398475
-1828.23341450
-1828.23675582
-1828.23063127
-1828.21445962
-1828.19083741
-1828.16490199
-1828.14285561
-1828.13009865
-1828.12955630
-1828.14073696
-1828.15984440
-1828.18092610
-1828.19771097
-1828.20557142
-1828.20297816
-1828.19198349
-1828.17755818
-1828.16597816
-1828.16277062
-1828.17086925
-1828.18957913
-1828.21469110
-1828.23973908
-1828.25799562
-1828.26460056
-1828.25812658
-1828.24108721
-1828.21918209
-1828.19952224
-1828.18837177
-1828.18914121
-1828.20127111
-1828.22038186
-1828.23965333
-1828.25200441
-1828.25239471
-1828.23950132
-1828.21624495
-1828.18897573
-1828.16556102
-1828.15296643
-1828.15508581
-1828.17149782
-1828.19755788
-1828.22579294
-1828.24817444
-1828.25855569
-1828.25452442
-1828.23809447
-1828.21503432
-1828.19303398
-1828.17928048
-1828.17819669
-1828.19004145
-1828.21081958
-1828.23354321
-1828.25045644
-1828.25553684
-1828.24648295
-1828.22555534
-1828.19898642
-1828.17512088
-1828.16184237
-1828.16406864
-1828.18210791
-1828.21142531
-1828.24391823
-1828.27035422
-1828.28320773
-1828.27901504
-1828.25948166
-1828.23097496
-1828.20254071
-1828.18304213
-1828.17831766
-1828.18927125
-1828.21151608
-1828.23671262
-1828.25520320
-1828.25911580
-1828.24496456
-1828.21492568
-1828.17635965
-1828.13971791
-1828.11545147
-1828.11087434
-1828.12792450
-1828.16253008
-1828.20578252
-1828.24658535
-1828.27495953
-1828.28498076
-1828.27642279
-1828.25460268
-1828.22851077
-1828.20783407
-1828.19982308
-1828.20698444
-1828.22630348
-1828.25022693
-1828.26910002
-1828.27429343
-1828.26105154
-1828.23017479
-1828.18799200
-1828.14460996
-1828.11096285
-1828.09554954
-1828.10187513
-1828.12738879
-1828.16426412
-1828.20178306
-1828.22958763
-1828.24078218
-1828.23392291
-1828.21328726
-1828.18737186
-1828.16609528
-1828.15758588
-1828.16555121
-1828.18805560
-1828.21808853
-1828.24576295
-1828.26145985
-1828.25892790
-1828.23736929
-1828.20184398
-1828.16184187
-1828.12845702
-1828.11103576
-1828.11433980
-1828.13711289
-1828.17249315
-1828.21013057
-1828.23934863
-1828.25237197
-1828.24663753
-1828.22548220
-1828.19700865
-1828.17146603
-1828.15795425
-1828.16149566
-1828.18138438
-1828.21135188
-1828.24149802
-1828.26138912
-1828.26336146
-1828.24499805
-1828.21000647
-1828.16721460
-1828.12798436
-1828.10285200
-1828.09841492
-1828.11541599
-1828.14860030
-1828.18837263
-1828.22373780
-1828.24562260
-1828.24955832
-1828.23689891
-1828.21420549
-1828.19100628
-1828.17663764
-1828.17717530
-1828.19342000
-1828.22058361
-1828.24977698
-1828.27084356
-1828.27564853
-1828.26079308
-1828.22887499
-1828.18789693
-1828.14898480
-1828.12311137
-1828.11782924
-1828.13501801
-1828.17032492
-1828.21448729
-1828.25612812
-1828.28516282
-1828.29576768
-1828.28799127
-1828.26752432
-1828.24370387
-1828.22640615
-1828.22280109
-1828.23500297
-1828.25935055
-1828.28754600
-1828.30928789
-1828.31557089
-1828.30161742
-1828.26851636
-1828.22305404
-1828.17578683
-1828.13794671
-1828.11813841
-1828.11984253
-1828.14048699
-1828.17235658
-1828.20506777
-1828.22882519
-1828.23746894
-1828.23035757
-1828.21249003
-1828.19283110
-1828.18134872
-1828.18568960
-1828.20854916
-1828.24655920
-1828.29107190
-1828.33061734
-1828.35429536
-1828.35507759
-1828.33200658
-1828.29061806
-1828.24143350
-1828.19696063
-1828.16808030
-1828.16091805
-1828.17513589
-1828.20418670
-1828.23744244
-1828.23744244
-1828.26354904
-1828.27397177
-1828.26564111
-1828.24187884
-1828.21131545
-1828.18513271
-1828.17347480
-1828.18214432
-1828.21061262
-1828.25197049
-1828.29487661
-1828.32692022
-1828.33838273
-1828.32523095
-1828.29041328
-1828.24303484
-1828.19567430
-1828.16065740
-1828.14642526
-1828.15509373
-1828.18193741
-1828.21694142
-1828.24794748
-1828.26443098
-1828.26075286
-1828.23789137
-1828.20312928
-1828.16780482
-1828.14381964
-1828.13996851
-1828.15920614
-1828.19767429
-1828.24579041
-1828.29106943
-1828.32182722
-1828.33063720
-1828.31649550
-1828.28503958
-1828.24677267
-1828.21385778
-1828.19644992
-1828.19967469
-1828.22215917
-1828.25654055
-1828.29179453
-1828.31666421
-1828.32314008
-1828.30892464
-1828.27811891
-1828.23991644
-1828.20572108
-1828.18556903
-1828.18498300
-1828.20322925
-1828.23351670
-1828.26508760
-1828.28654216
-1828.28937667
-1828.27064611
-1828.23392634
-1828.18828976
-1828.14560267
-1828.11698432
-1828.10950619
-1828.12413066
-1828.15550972
-1828.19369861
-1828.22724894
-1828.24673048
-1828.24760074
-1828.23153468
-1828.20580472
-1828.18090835
-1828.16718385
-1828.17146880
-1828.19484448
-1828.23217456
-1828.27358707
-1828.30744657
-1828.32391035
-1828.31795901
-1828.29097379
-1828.25036437
-1828.20736394
-1828.17364800
-1828.15782799
-1828.16286985
-1828.18524359
-1828.21605992
-1828.24385895
-1828.25820187
-1828.25296173
-1828.22828827
-1828.19064224
-1828.15085349
-1828.12080749
-1828.10977888
-1828.12155563
-1828.15324440
-1828.19612854
-1828.23830703
-1828.26830476
-1828.27853103
-1828.26752254
-1828.24028140
-1828.20659608
-1828.17789832
-1828.16362006
-1828.16820424
-1828.18968816
-1828.22031843
-1828.24899891
-1828.26481438
-1828.26052033
-1828.23490545
-1828.19329878
-1828.14605110
-1828.10546717
-1828.08212403
-1828.08170823
-1828.10334948
-1828.13996113
-1828.18048296
-1828.21333330
-1828.22999060
-1828.22759854
-1828.20978575
-1828.18545195
-1828.16589475
-1828.16117577
-1828.17682364
-1828.21191586
-1828.25914843
-1828.30689249
-1828.34263484
-1828.35673410
-1828.34534234
-1828.31158535
-1828.26464478
-1828.21701994
-1828.18080702
-1828.16411686
-1828.16872474
-1828.18966800
-1828.21693013
-1828.23868555
-1828.24511284
-1828.23157756
-1828.20020849
-1828.15934669
-1828.12104409
-1828.09736984
-1828.09667311
-1828.12095932
-1828.16517453
-1828.21861881
-1828.26805115
-1828.30156357
-1828.31206103
-1828.29930551
-1828.26988994
-1828.23514241
-1828.20760226
-1828.19715073
-1828.20797478
-1828.23729636
-1828.27624477
-1828.31259795
-1828.33455969
-1828.33441327
-1828.31093084
-1828.26980310
-1828.22196408
-1828.18032444
-1828.15593113
-1828.15471586
-1828.17580891
-1828.21190996
-1828.25158418
-1828.28277079
-1828.29643575
-1828.28925413
-1828.26451577
-1828.23099373
-1828.20014783
-1828.18252841
-1828.18449103
-1828.20622664
-1828.24170280
-1828.28052137
-1828.31110895
-1828.32425519
-1828.31591183
-1828.28839880
-1828.24966743
-1828.21085185
-1828.18287560
-1828.17316178
-1828.18344058
-1828.20931598
-1828.24170042
-1828.26965104
-1828.28374684
-1828.27895907
-1828.25615429
-1828.22177255
-1828.18580174
-1828.15868792
-1828.14814570
-1828.15685009
-1828.18169799
-1828.21484148
-1828.24615287
-1828.26634012
-1828.26975038
-1828.25600596
-1828.22999577
-1828.20024554
-1828.17619904
-1828.16526194
-1828.17052302
-1828.18984620
-1828.21659802
-1828.24176886
-1828.25680583
-1828.25629317
-1828.23964775
-1828.21132381
-1828.17946867
-1828.15343314
-1828.14091330
-1828.14560913
-1828.16612623
-1828.19644321
-1828.22779466
-1828.25136939
-1828.26097686
-1828.25486989
-1828.23616461
-1828.21175875
-1828.19011710
-1828.17862511
-1828.18133550
-1828.19777650
-1828.22317319
-1828.24998702
-1828.27028951
-1828.27822748
-1828.27180749
-1828.25345009
-1828.22915404
-1828.20656087
-1828.19254422
-1828.19108972
-1828.20211229
-1828.22155104
-1828.24268238
-1828.25821810
-1828.26254900
-1828.25345389
-1828.23276072
-1828.20578360
-1828.17971489
-1828.16147713
-1828.15569577
-1828.16340598
-1828.18186900
-1828.20553047
-1828.22778992
-1828.24303049
-1828.24827502
-1828.24398413
-1828.23376855
-1828.22312932
-1828.21763712
-1828.22111787
-1828.23441437
-1828.25510822
-1828.27826067
-1828.29793231
-1828.30900041
-1828.30870169
-1828.29742728
-1828.27853929
-1828.25727870
-1828.23913702
-1828.22820086
-1828.22600009
-1828.23119885
-1828.24019941
-1828.24844717
-1828.25198053
-1828.24872154
-1828.23908640
-1828.22575437
-1828.21269573
-1828.20381480
-1828.20165821
-1828.20658661
-1828.21666029
-1828.22824439
-1828.23713718
-1828.23985950
-1828.23471001
-1828.22227475
-1828.20523361
-1828.18753353
-1828.17319976
-1828.16516074
-1828.16447080
-1828.17015529
-1828.17968907
-1828.18992980
-1828.19817911
-1828.20303235
-1828.20474562
-1828.20503309
-1828.20637554
-1828.21107068
-1828.22034431
-1828.23381076
-1828.24947507
-1828.24947507
-1828.26427469
-1828.27499182
-1828.27925574
-1828.27629653
-1828.26721284
-1828.25465108
-1828.24199672
-1828.23233832
-1828.22752228
-1828.22762302
-1828.23098805
-1828.23485580
-1828.23633263
-1828.23341643
-1828.22571508
-1828.21463204
-1828.20295625
-1828.19397825
-1828.19043319
-1828.19359792
-1828.20284864
-1828.21581079
-1828.22906862
-1828.23920371
-1828.24382644
-1828.24228747
-1828.23584485
-1828.22724223
-1828.21981855
-1828.21642736
-1828.21849348
-1828.22552388
-1828.23523612
-1828.24428254
-1828.24934159
-1828.24822421
-1828.24063584
-1828.22833567
-1828.21463934
-1828.20341383
-1828.19788767
-1828.19964725
-1828.20814230
-1828.22084458
-1828.23401019
-1828.24381357
-1828.24750723
-1828.24425428
-1828.23538264
-1828.22394786
-1828.21375840
-1828.21375840
-1828.20815078
-1828.20891842
-1828.21573834
-1828.22628480
-1828.23700026
-1828.24427689
-1828.24566806
-1828.24072759
-1828.23118825
-1828.22041503
-1828.21229545
-1828.20993776
-1828.21460458
-1828.22523019
-1828.23869981
-1828.25079407
-1828.25750437
-1828.25630700
-1828.24698679
-1828.23176544
-1828.21467879
-1828.20038441
-1828.19276242
-1828.19372561
-1828.20262768
-1828.21646345
-1828.23082302
-1828.24130803
-1828.24496683
-1828.24127433
-1828.23234069
-1828.22225404
-1828.21575922
-1828.21668987
-1828.22665858
-1828.24443460
-1828.26621276
-1828.28668532
-1828.30058861
-1828.30426502
-1828.29676686
-1828.28017849
-1828.25904189
-1828.23905310
-1828.22541046
-1828.22130376
-1828.22700879
-1828.23985977
-1828.25513023
-1828.26754448
-1828.27297094
-1828.26976275
-1828.25931803
-1828.24566664
-1828.23419624
-1828.22990763
-1828.23574641
-1828.25154675
-1828.27392197
-1828.29716196
-1828.31486141
-1828.32179509
-1828.31545796
-1828.29681331
-1828.27000308
-1828.24111737
-1828.21639284
-1828.20037833
-1828.19464671
-1828.19743224
-1828.20431872
-1828.20975612
-1828.20893671
-1828.19943090
-1828.18206077
-1828.16073573
-1828.14129075
-1828.12969006
-1828.13015965
-1828.14383291
-1828.16833104
-1828.19840436
-1828.22743505
-1828.24934146
-1828.26030341
-1828.25979275
-1828.25060429
-1828.23787979
-1828.22743723
-1828.22391548
-1828.22930305
-1828.24232050
-1828.25885490
-1828.27331659
-1828.28048730
-1828.27727166
-1828.26378456
-1828.24341109
-1828.22181656
-1828.20520641
-1828.19838869
-1828.20324198
-1828.21808422
-1828.23813449
-1828.25693584
-1828.26830197
-1828.26819251
-1828.25593852
-1828.23443818
-1828.20926772
-1828.18698667
-1828.17314939
-1828.17064198
-1828.17886044
-1828.19397500
-1828.21022234
-1828.22181126
-1828.22483954
-1828.21860587
-1828.20588543
-1828.19208652
-1828.18354019
-1828.18547617
-1828.20030054
-1828.22671489
-1828.25994562
-1828.29303312
-1828.31879265
-1828.33185732
-1828.33018236
-1828.31555348
-1828.29295910
-1828.26902298
-1828.24997435
-1828.23978515
-1828.23905087
-1828.24495239
-1828.25230099
-1828.25533018
-1828.24965466
-1828.23381668
-1828.20992257
-1828.18317298
-1828.16039928
-1828.14803914
-1828.15016577
-1828.16718597
-1828.19562211
-1828.22905579
-1828.25993939
-1828.28172761
-1828.29067084
-1828.28675223
-1828.27350068
-1828.25675600
-1828.24277533
-1828.23626466
-1828.23893266
-1828.24901669
-1828.26191185
-1828.27170123
-1828.27310392
-1828.26322918
-1828.24258997
-1828.21505319
-1828.18674571
-1828.16424802
-1828.15264114
-1828.15401424
-1828.16689089
-1828.18675053
-1828.20747066
-1828.22322833
-1828.23028063
-1828.22805589
-1828.21923083
-1828.20876492
-1828.20220543
-1828.20380755
-1828.21507663
-1828.23420136
-1828.25656135
-1828.27613894
-1828.28739926
-1828.28703973
-1828.27508110
-1828.25493345
-1828.23241831
-1828.21402224
-1828.20491807
-1828.20736584
-1828.21999221
-1828.23819287
-1828.25553876
-1828.26575865
-1828.26468146
-1828.25155073
-1828.22928195
-1828.20359337
-1828.18126849
-1828.16808427
-1828.16704379
-1828.17746146
-1828.19519362
-1828.21394264
-1828.22722981
-1828.23041557
-1828.22214459
-1828.20477507
-1828.18366764
-1828.16554569
-1828.15642272
-1828.15972401
-1828.17517846
-1828.19881612
-1828.22410072
-1828.24385410
-1828.25240029
-1828.24728860
-1828.23006629
-1828.20585352
-1828.18182300
-1828.16504441
-1828.16034960
-1828.16889013
-1828.18783983
-1828.21130366
-1828.23213644
-1828.24410832
-1828.24375763
-1828.23140633
-1828.21102812
-1828.18902374
-1828.17227383
-1828.16605719
-1828.17245594
-1828.18972923
-1828.21282931
-1828.23490196
-1828.24931911
-1828.25163483
-1828.24088701
-1828.21985543
-1828.19418665
-1828.17066956
-1828.15517974
-1828.15095156
-1828.15769394
-1828.17180989
-1828.18762029
-1828.19920520
-1828.20227696
-1828.19553121
-1828.18105521
-1828.16369230
-1828.14955221
-1828.14413200
-1828.15061616
-1828.16887678
-1828.19545964
-1828.22456124
-1828.24968093
-1828.26546424
-1828.26918895
-1828.26145503
-1828.24588051
-1828.22791327
-1828.21312299
-1828.20552474
-1828.20643683
-1828.21420806
-1828.22485356
-1828.23338121
-1828.23540371
-1828.22854793
-1828.21324720
-1828.19267949
-1828.17186386
-1828.15620563
-1828.14991075
-1828.15475690
-1828.16957487
-1828.19058351
-1828.21248137
-1828.22997181
-1828.23925210
-1828.23903079
-1828.23074705
-1828.21796646
-1828.20519817
-1828.19653900
-1828.19454101
-1828.19956631
-1828.20978442
-1828.22178603
-1828.23163827
-1828.23607413
-1828.23345904
-1828.22426192
-1828.21089594
-1828.19699450
-1828.18633927
-1828.18176757
-1828.18437026
-1828.19320048
-1828.20557351
-1828.21785986
-1828.22652605
-1828.22911794
-1828.22489236
-1828.21493201
-1828.20173778
-1828.18845096
-1828.17792020
-1828.17190604
-1828.17063766
-1828.17285634
-1828.17631380
-1828.17856808
-1828.17782678
-1828.17356968
-1828.16676123
-1828.15958307
-1828.15477771
-1828.15480250
-1828.16106860
-1828.17349340
-1828.19050606
-1828.20950531
-1828.22761471
-1828.24247490
-1828.25282029
-1828.25867481
-1828.26115050
-1828.26194190
-1828.26268896
-1828.26440153
-1828.26710818
-1828.26984043
-1828.27093668
-1828.26857062
-1828.26134400
-1828.24874585
-1828.23137008
-1828.21082074
-1828.18936620
-1828.16943976
-1828.15313661
-1828.14181376
-1828.13589185
-1828.13487935
-1828.13760257
-1828.14256744
-1828.14838939
-1828.15416284
-1828.15968294
-1828.16542246
-1828.17226102
-1828.18106791
-1828.19227462
-1828.20559568
-1828.21997894
-1828.23380161
-1828.24525460
-1828.25278876
-1828.25551863
-1828.25344327
-1828.24744008
-1828.23902551
-1828.22994684
-1828.22173044
-1828.21530754
-1828.21082827
-1828.20770477
-1828.20485962
-1828.20110927
-1828.19555852
-1828.18789431
-1828.17849255
-1828.16830663
-1828.15859110
-1828.15054495
-1828.14499362
-1828.14218801
-1828.14177167
-1828.14290698
-1828.14452387
-1828.14560445
-1828.14543576
-1828.14377067
-1828.14086268
-1828.13737710
-1828.13421564
-1828.13228702
-1828.13228754
-1828.13452757
-1828.13885173
-1828.14466978
-1828.15111103
-1828.15724535
-1828.16232027
-1828.16594381
-1828.16816084
-1828.16941848
-1828.17042551
-1828.17194446
-1828.17458248
-1828.17862357
-1828.18395101
-1828.19006274
-1828.19617952
-1828.20141764
-1828.20499110
-1828.20639452
-1828.20550872
-1828.20258613
-1828.19812625
-1828.19271633
-1828.18692831
-1828.18130670
-1828.17637579
-1828.17261466
-1828.17037814
-1828.16981198
-1828.17079957
-1828.17298448
-1828.17585936
-1828.17890445
-1828.18172544
-1828.18414408
-1828.18621580
-1828.18816223
-1828.19025155
-1828.19267204
-1828.19543514
-1828.19834190
-1828.20101988
-1828.20302940
-1828.20401180
-1828.20384071
-1828.20271550
-1828.20116537
-1828.19993740
-1828.19979657
-1828.20129876
-1828.20460677
-1828.20941488
-1828.21500998
-1828.22046575
-1828.22490703
-1828.22777555
-1828.22900327
-1828.22903581
-1828.22867742
-1828.22880196
-1828.23002097
-1828.23242156
-1828.23546338
-1828.23807765
-1828.23893869
-1828.23683587
-1828.23103988
-1828.22156885
-1828.20926229
-1828.19564420
-1828.18259567
-1828.17191820
-1828.16491130
-1828.16207719
-1828.16305289
-1828.16678660
-1828.17190716
-1828.17718326
-1828.18191540
-1828.18614632
-1828.19061124
-1828.19644536
-1828.20474320
-1828.21611171
-1828.23036363
-1828.24642939
-1828.26253344
-1828.27657813
-1828.28662917
-1828.29136913
-1828.29038568
-1828.28421367
-1828.27411143
-1828.26165414
-1828.24826552
-1828.23483694
-1828.22156094
-1828.20803028
-1828.19356554
-1828.17766847
-1828.16043781
-1828.14280068
-1828.12647556
-1828.11364744
-1828.10645669
-1828.10644266
-1828.11411091
-1828.12875755
-1828.14860413
-1828.17121229
-1828.19404729
-1828.21505355
-1828.23306043
-1828.24791030
-1828.26027496
-1828.27120578
-1828.28156309
-1828.29151337
-1828.30027665
-1828.30622219
-1828.30731231
-1828.30731231
-1828.30175116
-1828.28864694
-1828.26847008
-1828.24315147
-1828.21576162
-1828.18984521
-1828.16858367
-1828.15403004
-1828.14664211
-1828.14526821
-1828.14759557
-1828.15093361
-1828.15309488
-1828.15308211
-1828.15137708
-1828.14972074
-1828.15046347
-1828.15570185
-1828.16649721
-1828.18242343
-1828.20159598
-1828.22115650
-1828.23805307
-1828.24988259
-1828.25553265
-1828.25543950
-1828.25137252
-1828.24581373
-1828.24114141
-1828.23888406
-1828.23930607
-1828.24143889
-1828.24352042
-1828.24367284
-1828.24060367
-1828.23409781
-1828.22515565
-1828.21573178
-1828.20816102
-1828.20446735
-1828.20578282
-1828.21202478
-1828.22190803
-1828.23325968
-1828.24356110
-1828.25059888
-1828.25304863
-1828.25081242
-1828.24502357
-1828.23768146
-1828.23104945
-1828.22698554
-1828.22641073
-1828.22907943
-1828.23370965
-1828.23843037
-1828.24140393
-1828.24141575
-1828.23826054
-1828.23280264
-1828.22669653
-1828.22185057
-1828.21980990
-1828.22124855
-1828.22573358
-1828.23184475
-1828.23760402
-1828.24109121
-1828.24104128
-1828.23725382
-1828.23067510
-1828.22314208
-1828.21684848
-1828.21370491
-1828.21476689
-1828.21990914
-1828.22784654
-1828.22784654
-1828.23650162
-1828.24360380
-1828.24734841
-1828.24689469
-1828.24257837
-1828.23576959
-1828.22842374
-1828.22247218
-1828.21923126
-1828.21899568
-1828.22094940
-1828.22342547
-1828.22443553
-1828.22232823
-1828.21636520
-1828.20703535
-1828.19600637
-1828.18571079
-1828.17869479
-1828.17690616
-1828.18114933
-1828.19085953
-1828.20427384
-1828.21893691
-1828.23238092
-1828.24277602
-1828.24933877
-1828.25240240
-1828.25313496
-1828.25300838
-1828.25321121
-1828.25417655
-1828.25538401
-1828.25550358
-1828.25283571
-1828.24591469
-1828.23408285
-1828.21785068
-1828.19891774
-1828.17983487
-1828.16339736
-1828.15194371
-1828.14677508
-1828.14785861
-1828.15390113
-1828.16277353
-1828.17214954
-1828.18017209
-1828.18594655
-1828.18972147
-1828.19270622
-1828.19658200
-1828.20287373
-1828.21236482
-1828.22474196
-1828.23857821
-1828.25166439
-1828.26159036
-1828.26641548
-1828.26522475
-1828.25841707
-1828.24763009
-1828.23532783
-1828.22414923
-1828.21620397
-1828.21250554
-1828.21271256
-1828.21525871
-1828.21785049
-1828.21818436
-1828.21467528
-1828.20696543
-1828.19606849
-1828.18409554
-1828.17364664
-1828.16705075
-1828.16566985
-1828.16948370
-1828.17706320
-1828.18596112
-1828.19339557
-1828.19704488
-1828.19571720
-1828.18970487
-1828.18072465
-1828.17143852
-1828.16469245
-1828.16269326
-1828.16635969
-1828.17505672
-1828.18679455
-1828.19882448
-1828.20845180
-1828.21381223
-1828.21438753
-1828.21111461
-1828.20606041
-1828.20175828
-1828.20041136
-1828.20319569
-1828.20987468
-1828.21883480
-1828.22753928
-1828.23325513
-1828.23385048
-1828.22842891
-1828.21761327
-1828.20340455
-1828.18864765
-1828.17626326
-1828.16847635
-1828.16624997
-1828.16908386
-1828.17523637
-1828.18228976
-1828.18789502
-1828.19048412
-1828.18974496
-1828.18671754
-1828.18347429
-1828.18247602
-1828.18578189
-1828.19434371
-1828.20760150
-1828.22350130
-1828.23895746
-1828.25063504
-1828.25585129
-1828.25333621
-1828.24362300
-1828.22894791
-1828.21266858
-1828.19836905
-1828.18889906
-1828.18562767
-1828.18813851
-1828.19443904
-1828.20163294
-1828.20684157
-1828.20808768
-1828.20487926
-1828.19831780
-1828.19071140
-1828.18481771
-1828.18295576
-1828.18626027
-1828.19429220
-1828.20513098
-1828.21591494
-1828.22368160
-1828.22624435
-1828.22285781
-1828.21445172
-1828.20337392
-1828.19270730
-1828.18537542
-1828.18331187
-1828.18693408
-1828.19507854
-1828.20538797
-1828.21503746
-1828.22157592
-1828.22364992
-1828.22140155
-1828.21639746
-1828.21110566
-1828.20806402
-1828.20901387
-1828.21428020
-1828.22262041
-1828.23158606
-1828.23827089
-1828.24019651
-1828.23606732
-1828.22616781
-1828.21230266
-1828.19729937
-1828.18422066
-1828.17551150
-1828.17232428
-1828.17421843
-1828.17933755
-1828.18503716
-1828.18878084
-1828.18901227
-1828.18569945
-1828.18036106
-1828.17557176
-1828.17411173
-1828.17802990
-1828.18791376
-1828.20260607
-1828.21945743
-1828.23506725
-1828.24626908
-1828.25106279
-1828.24918992
-1828.24218441
-1828.23288885
-1828.22457238
-1828.21993865
-1828.22032220
-1828.22534108
-1828.23311495
-1828.24096523
-1828.24636427
-1828.24778946
-1828.24520261
-1828.24000048
-1828.23449998
-1828.23114581
-1828.23171340
-1828.23672697
-1828.24525536
-1828.25513325
-1828.26355868
-1828.26788959
-1828.26641949
-1828.25887552
-1828.24650494
-1828.23170171
-1828.21728686
-1828.20566540
-1828.19812950
-1828.19453952
-1828.19350861
-1828.19302119
-1828.19125879
-1828.18732781
-1828.18163795
-1828.17583017
-1828.17229593
-1828.17342925
-1828.18082562
-1828.19464602
-1828.21338184
-1828.23412841
-1828.25330882
-1828.26762973
-1828.27496988
-1828.27492983
-1828.26886906
-1828.25942718
-1828.24966094
-1828.24207497
-1828.23785965
-1828.23659769
-1828.23653092
-1828.23528878
-1828.23081189
-1828.22215139
-1828.20988464
-1828.19602322
-1828.18345481
-1828.17510972
-1828.17309180
-1828.17802986
-1828.18883528
-1828.20293428
-1828.21692679
-1828.22749641
-1828.23232419
-1828.23072787
-1828.22383336
-1828.21420849
-1828.20506764
-1828.19929321
-1828.19856574
-1828.20287552
-1828.21056378
-1828.21888394
-1828.22489244
-1828.22639114
-1828.22262008
-1828.21450740
-1828.20440426
-1828.19540709
-1828.19046282
-1828.19150638
-1828.19888570
-1828.21122638
-1828.22580488
-1828.23931897
-1828.24881785
-1828.25252807
-1828.25031547
-1828.24366835
-1828.23520237
-1828.22784283
-1828.22394339
-1828.22459684
-1828.22935710
-1828.23644115
-1828.24333378
-1828.24760135
-1828.24766863
-1828.24333081
-1828.23584946
-1828.22759884
-1828.22135720
-1828.21944292
-1828.22297477
-1828.23149744
-1828.24310258
-1828.25499389
-1828.26431258
-1828.26896885
-1828.26823804
-1828.26293755
-1828.25514361
-1828.24752414
-1828.24250988
-1828.24155856
-1828.24474444
-1828.25077576
-1828.25741936
-1828.26219057
-1828.26308701
-1828.25915796
-1828.25075212
-1828.23938608
-1828.22727773
-1828.21669008
-1828.20928103
-1828.20565659
-1828.20526419
-1828.20665534
-1828.20801963
-1828.20780698
-1828.20523120
-1828.20050151
-1828.19472898
-1828.18955653
-1828.18664906
-1828.18719774
-1828.19157944
-1828.19924281
-1828.20883268
-1828.21851357
-1828.22639705
-1828.23099298
-1828.23157196
-1828.22836820
-1828.22253376
-1828.21584627
-1828.21022172
-1828.20717382
-1828.20736244
-1828.21038889
-1828.21488422
-1828.21888831
-1828.22039869
-1828.21793294
-1828.21094602
-1828.19998591
-1828.18655771
-1828.17274526
-1828.16069628
-1828.15211721
-1828.14789925
-1828.14796386
-1828.15134923
-1828.15650621
-1828.16172001
-1828.16555375
-1828.16720716
-1828.16669384
-1828.16479314
-1828.16278189
-1828.16202313
-1828.16351737
-1828.16755647
-1828.17357800
-1828.18027531
-1828.18594439
-1828.18897200
-1828.18833218
-1828.18394948
-1828.17680887
-1828.16877554
-1828.16216456
-1828.15915811
-1828.16121299
-1828.16862221
-1828.18036725
-1828.19432573
-1828.20780879
-1828.21827696
-1828.22401836
-1828.22457579
-1828.22080327
-1828.21453701
-1828.20799495
-1828.20309123
-1828.20086596
-1828.20120844
-1828.20292156
-1828.20411611
-1828.20281223
-1828.19757425
-1828.18802430
-1828.17506682
-1828.16073833
-1828.14771031
-1828.13857173
-1828.13511576
-1828.13785824
-1828.14592694
-1828.15735908
-1828.16968858
-1828.18064005
-1828.18872907
-1828.19359572
-1828.19599322
-1828.19744317
-1828.19966528
-1828.20395828
-1828.21071281
-1828.21920358
-1828.22774108
-1828.23413231
-1828.23633006
-1828.23307048
-1828.22430792
-1828.21130071
-1828.19630851
-1828.18197567
-1828.17060359
-1828.16355030
-1828.16095135
-1828.16181327
-1828.16442346
-1828.16694629
-1828.16802827
-1828.16725703
-1828.16531875
-1828.16381855
-1828.16478772
-1828.17002890
-1828.18048683
-1828.19583279
-1828.21440191
-1828.23350821
-1828.25006295
-1828.26133006
-1828.26560595
-1828.26264912
-1828.25376419
-1828.24150284
-1828.22903968
-1828.21936530
-1828.21449856
-1828.21495540
-1828.21963740
-1828.22620241
-1828.23180159
-1828.23398270
-1828.23148462
-1828.22467697
-1828.21551065
-1828.20696474
-1828.20215482
-1828.20333822
-1828.21113449
-1828.22419297
-1828.23943236
-1828.25281682
-1828.26044696
-1828.25967546
-1828.24991151
-1828.23285902
-1828.21211598
-1828.19221311
-1828.17737742
-1828.17037361
-1828.17175945
-1828.17977750
-1828.19091912
-1828.20100248
-1828.20645132
-1828.20539045
-1828.19823654
-1828.18760263
-1828.17753541
-1828.17230711
-1828.17510304
-1828.18698657
-1828.20645119
-1828.22970522
-1828.25163561
-1828.26718664
-1828.27276862
-1828.26727540
-1828.25242127
-1828.23226981
-1828.21210050
-1828.19691189
-1828.19000900
-1828.19207967
-1828.20104852
-1828.21274875
-1828.22222605
-1828.22527295
-1828.21973529
-1828.20619845
-1828.18783679
-1828.16949549
-1828.15627165
-1828.15202896
-1828.15826855
-1828.17368488
-1828.19451469
-1828.21558242
-1828.23173247
-1828.23925150
-1828.23687033
-1828.22606197
-1828.21055787
-1828.19522561
-1828.18464602
-1828.18180267
-1828.18726751
-1828.19910970
-1828.21354552
-1828.22612091
-1828.23308231
-1828.23251202
-1828.22491438
-1828.21305912
-1828.20114184
-1828.19351510
-1828.19335815
-1828.20169160
-1828.21703929
-1828.23583626
-1828.25345726
-1828.26555835
-1828.26933545
-1828.26432807
-1828.25253612
-1828.23781185
-1828.22469582
-1828.21704217
-1828.21684332
-1828.22362561
-1828.23460565
-1828.24555609
-1828.25212224
-1828.25117167
-1828.24177279
-1828.22549343
-1828.20594882
-1828.18773335
-1828.17508833
-1828.17069311
-1828.17494748
-1828.18591936
-1828.19995099
-1828.21272793
-1828.22051867
-1828.22125190
-1828.21511651
-1828.20448497
-1828.19316404
-1828.18518567
-1828.18352936
-1828.18916057
-1828.20070381
-1828.21485245
-1828.22739127
-1828.23451687
-1828.23403481
-1828.22607397
-1828.21308375
-1828.19911836
-1828.18861360
-1828.18502309
-1828.18971949
-1828.20151263
-1828.21695828
-1828.23140085
-1828.24043767
-1828.24132859
-1828.23387858
-1828.22050366
-1828.20546350
-1828.19352027
-1828.18844943
-1828.19187179
-1828.20276473
-1828.21779071
-1828.23234931
-1828.24200917
-1828.24388812
-1828.23756228
-1828.22522927
-1828.21106053
-1828.19994257
-1828.19597393
-1828.20119610
-1828.21493641
-1828.23399999
-1828.25363440
-1828.26898450
-1828.27657498
-1828.27535916
-1828.26701452
-1828.25540675
-1828.24538036
-1828.24126484
-1828.24552882
-1828.25799047
-1828.27581731
-1828.29432477
-1828.30833086
-1828.31368207
-1828.30848928
-1828.29370221
-1828.27284925
-1828.25100462
-1828.23329990
-1828.22342370
-1828.22256677
-1828.22912499
-1828.23925808
-1828.24813753
-1828.25150123
-1828.24704194
-1828.23519293
-1828.21906006
-1828.20352316
-1828.19376539
-1828.19369244
-1828.20471430
-1828.22525465
-1828.25113744
-1828.27672840
-1828.29649922
-1828.30654324
-1828.30560298
-1828.29530253
-1828.27953065
-1828.26317227
-1828.25059119
-1828.24431169
-1828.24431801
-1828.24815597
-1828.25181177
-1828.25108407
-1828.24302992
-1828.22703996
-1828.20520608
-1828.18186165
-1828.16241989
-1828.15184829
-1828.15324067
-1828.16690734
-1828.19024860
-1828.21845917
-1828.24583945
-1828.26734872
-1828.27994118
-1828.28329087
-1828.27970327
-1828.27322778
-1828.26825542
-1828.26803702
-1828.27357883
-1828.28327227
-1828.29335809
-1828.29910371
-1828.29632023
-1828.28277554
-1828.25905402
-1828.22859511
-1828.19689555
-1828.17008085
-1828.15326844
-1828.14919904
-1828.15753575
-1828.17503993
-1828.19657325
-1828.21663315
-1828.23095089
-1828.23767135
-1828.23774345
-1828.23442336
-1828.23205815
-1828.23454775
-1828.24397141
-1828.25979893
-1828.27891795
-1828.29647353
-1828.30727129
-1828.30732765
-1828.29511335
-1828.27210680
-1828.24249591
-1828.21209433
-1828.18680325
-1828.17105208
-1828.16668748
-1828.17260828
-1828.18525620
-1828.19979117
-1828.21159688
-1828.21766509
-1828.21744951
-1828.21293846
-1828.20793848
-1828.20678793
-1828.21289251
-1828.22752942
-1828.24928067
-1828.27427795
-1828.29719408
-1828.31269434
-1828.31692770
-1828.30862740
-1828.28949233
-1828.26375448
-1828.23704410
-1828.21488253
-1828.20123480
-1828.19753105
-1828.20242468
-1828.21234369
-1828.22266146
-1828.22913052
-1828.22915297
-1828.22252809
-1828.21147094
-1828.19991344
-1828.19229526
-1828.19219293
-1828.20117679
-1828.21823433
-1828.23995563
-1828.26143701
-1828.27764520
-1828.28483641
-1828.28159750
-1828.26921497
-1828.25126951
-1828.23259144
-1828.21789407
-1828.21048147
-1828.21139581
-1828.21923561
-1828.23067616
-1828.24153898
-1828.24807680
-1828.24811452
-1828.24169775
-1828.23105343
-1828.21988728
-1828.21221497
-1828.21108476
-1828.21759271
-1828.23048129
-1828.24643941
-1828.26101565
-1828.26987808
-1828.27004906
-1828.26075695
-1828.24365899
-1828.22236912
-1828.20144617
-1828.18513309
-1828.17620864
-1828.17528574
-1828.18074453
-1828.18932290
-1828.19716953
-1828.20104073
-1828.19926924
-1828.19222043
-1828.18211577
-1828.17229922
-1828.16617904
-1828.16618146
-1828.17300933
-1828.18542586
-1828.20059274
-1828.21486466
-1828.22480146
-1828.22811481
-1828.22429011
-1828.21471817
-1828.20231100
-1828.19072109
-1828.18337917
-1828.18261460
-1828.18908995
-1828.20169175
-1828.21789188
-1828.23446976
-1828.24839014
-1828.25759900
-1828.26152801
-1828.26116040
-1828.25865691
-1828.25664847
-1828.25740361
-1828.26211842
-1828.27054599
-1828.28105627
-1828.29111188
-1828.29800737
-1828.29965938
-1828.29520993
-1828.28529490
-1828.27187573
-1828.25772009
-1828.24566214
-1828.23786433
-1828.23528684
-1828.23750501
-1828.24292102
-1828.24929932
-1828.25445450
-1828.25689621
-1828.25622965
-1828.25321011
-1828.24945462
-1828.24689907
-1828.24718406
-1828.25113606
-1828.25849736
-1828.26797215
-1828.27756796
-1828.28514291
-1828.28898820
-1828.28829414
-1828.28336347
-1828.27550758
-1828.26666366
-1828.25885526
-1828.25364063
-1828.25173517
-1828.25289290
-1828.25607578
-1828.25983325
-1828.26276185
-1828.26391394
-1828.26303928
-1828.26060092
-1828.25756437
-1828.25503378
-1828.25383675
-1828.25421334
-1828.25570903
-1828.25731509
-1828.25780275
-1828.25614208
-1828.25186068
-1828.24523476
-1828.23724729
-1828.22933537
-1828.22298995
-1828.21934409
-1828.21885900
-1828.22120103
-1828.22534315
-1828.22986390
-1828.23335066
-1828.23480166
-1828.23390565
-1828.23111575
-1828.22749526
-1828.22436654
-1828.22287005
-1828.22357242
-1828.22625555
-1828.22996043
-1828.23327897
-1828.23479004
-1828.23350612
-1828.22920132
-1828.22252062
-1828.21485071
-1828.20798684
-1828.20367882
-1828.20317642
-1828.20688915
-1828.21426479
-1828.22392283
-1828.23403157
-1828.24280229
-1828.24897181
-1828.25211932
-1828.25272221
-1828.25193851
-1828.25119386
-1828.25170490
-1828.25409178
-1828.25817979
-1828.26301749
-1828.26710323
-1828.26877145
-1828.26665226
-1828.26007695
-1828.24931926
-1828.23558165
-1828.22072439
-1828.20681857
-1828.19564223
-1828.18826349
-1828.18482593
-1828.18458318
-1828.18617098
-1828.18803044
-1828.18885988
-1828.18796698
-1828.18543094
-1828.18205011
-1828.17910492
-1828.17801442
-1828.17995927
-1828.18556334
-1828.19471127
-1828.20654580
-1828.21965512
-1828.23240211
-1828.24329858
-1828.25134079
-1828.25620774
-1828.25828624
-1828.25851496
-1828.25808943
-1828.25810078
-1828.25919129
-1828.26133029
-1828.26380154
-1828.26543154
-1828.26497825
-1828.26154698
-1828.25490269
-1828.24557790
-1828.23476982
-1828.22405227
-1828.21499395
-1828.20878075
-1828.20594455
-1828.20626889
-1828.20887735
-1828.21248895
-1828.21576205
-1828.21764794
-1828.21765883
-1828.21598088
-1828.21598088
-1828.21340653
-1828.21109244
-1828.21021603
-1828.21162021
-1828.21554534
-1828.22153272
-1828.22853227
-1828.23518984
-1828.24022333
-1828.24279456
-1828.24273940
-1828.24059544
-1828.23740941
-1828.23438689
-1828.23249738
-1828.23215464
-1828.23309243
-1828.23445417
-1828.23508280
-1828.23508280
-1828.23391800
-1828.23037009
-1828.22454769
-1828.21727485
-1828.20986728
-1828.20375223
-1828.20005029
-1828.19925114
-1828.20109085
-1828.20109085
-1828.20466223
-1828.20872527
-1828.21210847
-1828.21407079
-1828.21452042
-1828.21400636
-1828.21350254
-1828.21404667
-1828.21635413
-1828.22053318
-1828.22599779
-1828.23161320
-1828.23602750
-1828.23808669
-1828.23719567
-1828.23351968
-1828.22795967
-1828.22191621
-1828.21691183
-1828.21418267
-1828.21435277
-1828.21729750
-1828.22221954
-1828.22791729
-1828.23316521
-1828.23708405
-1828.23940740
-1828.24056058
-1828.24152339
-1828.24351239
-1828.24757124
-1828.25417526
-1828.26298274
-1828.27280708
-1828.28185529
-1828.28815885
-1828.29010349
-1828.28687521
-1828.27869037
-1828.26673216
-1828.25282003
-1828.23894759
-1828.22682193
-1828.21750989
-1828.21125268
-1828.20748113
-1828.20504288
-1828.20260225
-1828.19909904
-1828.19413381
-1828.18814239
-1828.18229902
-1828.17815699
-1828.17715195
-1828.18011681
-1828.18698275
-1828.19674344
-1828.20769757
-1828.21787789
-1828.22554498
-1828.22961710
-1828.22992785
-1828.22723780
-1828.22300520
-1828.21896189
-1828.21662372
-1828.21686349
-1828.21967466
-1828.22418236
-1828.22889842
-1828.23214663
-1828.23253653
-1828.22935411
-1828.22276910
-1828.21379692
-1828.20403057
-1828.19522446
-1828.18883656
-1828.18565501
-1828.18560190
-1828.18777091
-1828.18777091
-1828.19067987
-1828.19269431
-1828.19249932
-1828.18950176
-1828.18403473
-1828.17729465
-1828.17102629
-1828.16703579
-1828.16669141
-1828.17055532
-1828.17826226
-1828.18865701
-1828.20014092
-1828.20014092
-1828.21111389
-1828.22037595
-1828.22737579
-1828.23225514
-1828.23569114
-1828.23859245
-1828.24174992
-1828.24554578
-1828.24981403
-1828.25390105
-1828.25690069
-1828.25798896
-1828.25672977
-1828.25326264
-1828.24829454
-1828.24291976
-1828.23832054
-1828.23543797
-1828.23470472
-1828.23591482
-1828.23826262
-1828.24054439
-1828.24148088
-1828.24006207
-1828.23582711
-1828.22899546
-1828.22041768
-1828.21134513
-1828.20308762
-1828.19664530
-1828.19242923
-1828.19014236
-1828.18887258
-1828.18737341
-1828.18446287
-1828.17942465
-1828.17229538
-1828.16393273
-1828.15583793
-1828.14977426
-1828.14729564
-1828.14931914
-1828.15587622
-1828.16611351
-1828.17854001
-1828.19144560
-1828.20336711
-1828.20336711
-1828.21346445
-1828.22169128
-1828.22871257
-1828.23558804
-1828.24331380
-1828.25237569
-1828.26246661
-1828.27248572
-1828.28080222
-1828.28571241
-1828.28592828
-1828.28096317
-1828.27130499
-1828.25834128
-1828.24404735
-1828.24404735
-1828.23052273
-1828.23052273
-1828.21949222
-1828.21190460
-1828.20774128
-1828.20609890
-1828.20552160
-1828.20450377
-1828.20200239
-1828.19780444
-1828.19263297
-1828.18795947
-1828.18558670
-1828.18710661
-1828.19340546
-1828.20433638
-1828.21866684
-1828.23432042
-1828.24886539
-1828.26013206
-1828.26678979
-1828.26870754
-1828.26698772
-1828.26362424
-1828.26088278
-1828.26057993
-1828.26348279
-1828.26903051
-1828.27546415
-1828.28034469
-1828.28130124
-1828.27678573
-1828.26661384
-1828.25209801
-1828.23572662
-1828.22047741
-1828.20896966
-1828.20273758
-1828.20183499
-1828.20488101
-1828.20951317
-1828.21310855
-1828.21354790
-1828.20981756
-1828.20228039
-1828.19255789
-1828.18306266
-1828.17630444
-1828.17416823
-1828.17736228
-1828.18519320
-1828.19573845
-1828.19573845
-1828.20637397
-1828.21449710
-1828.21825075
-1828.21703340
-1828.21165886
-1828.20412993
-1828.19708427
-1828.19306662
-1828.19381576
-1828.19975094
-1828.20981837
-1828.22175071
-1828.23270631
-1828.24011208
-1828.24244391
-1828.23970603
-1828.23342010
-1828.22612937
-1828.22057137
-1828.21877153
-1828.22136008
-1828.22732050
-1828.23425425
-1828.23909015
-1828.23901520
-1828.23236673
-1828.21920742
-1828.20141503
-1828.18224740
-1828.16551329
-1828.15456888
-1828.15143543
-1828.15627965
-1828.16740365
-1828.18175112
-1828.19578567
-1828.20648345
-1828.21216265
-1828.21290018
-1828.21042176
-1828.20749985
-1828.20704775
-1828.21116757
-1828.22043932
-1828.23366647
-1828.24814508
-1828.26039703
-1828.26715940
-1828.26633614
-1828.25763061
-1828.24267965
-1828.22464006
-1828.20736415
-1828.19438376
-1828.18800078
-1828.18873269
-1828.19527990
-1828.20501325
-1828.21483279
-1828.22212923
-1828.22555622
-1828.22538142
-1828.22331688
-1828.22188590
-1828.22352820
-1828.22972599
