-1828.19090420
-1828.19098820
-1828.19527654
-1828.20109915
-1828.20576855
-1828.20747106
-1828.20587012
-1828.20224683
-1828.19912653
-1828.19950966
-1828.20593983
-1828.21967880
-1828.24023746
-1828.26538667
-1828.29164851
-1828.31513732
-1828.33251384
-1828.34179664
-1828.34279463
-1828.33705120
-1828.32731354
-1828.31669037
-1828.30774313
-1828.30178587
-1828.29859321
-1828.29660408
-1828.29353010
-1828.28719232
-1828.27631597
-1828.26105570
-1828.24308708
-1828.22523649
-1828.21075551
-1828.20244010
-1828.20185044
-1828.20885533
-1828.22163640
-1828.23716353
-1828.25200695
-1828.26326517
-1828.26932109
-1828.27021726
-1828.26754438
-1828.26390485
-1828.26210363
-1828.26428803
-1828.27127794
-1828.28227973
-1828.29509453
-1828.30676783
-1828.31449398
-1828.31648702
-1828.31255466
-1828.30418868
-1828.29414929
-1828.28565994
-1828.28146439
-1828.28301421
-1828.29002889
-1828.30054510
-1828.31145807
-1828.31939403
-1828.32168870
-1828.31718056
-1828.30658346
-1828.29230092
-1828.27770802
-1828.26611862
-1828.25977480
-1828.25918282
-1828.26301832
-1828.26858993
-1828.27271764
-1828.27272137
-1828.26725174
-1828.25671611
-1828.24318840
-1828.22984739
-1828.22008912
-1828.21657159
-1828.22045590
-1828.23106331
-1828.24605496
-1828.26209191
-1828.27578100
-1828.28463247
-1828.28772910
-1828.28591809
-1828.28591809
-1828.28591809
-1828.28147681
-1828.27737173
-1828.27632712
-1828.27997533
-1828.28832036
-1828.29968528
-1828.31116068
-1828.31944344
-1828.32181572
-1828.31699172
-1828.30555751
-1828.28988345
-1828.27349869
-1828.26012051
-1828.25260831
-1828.25215803
-1828.25797280
-1828.26751955
-1828.27729443
-1828.28386749
-1828.28489812
-1828.27980603
-1828.26991224
-1828.25800731
-1828.24748162
-1828.24128604
-1828.24104108
-1828.24655440
-1828.25590295
-1828.26604005
-1828.27374283
-1828.27661378
-1828.27661378
-1828.27382402
-1828.26636972
-1828.25677576
-1828.24831896
-1828.24402487
-1828.24572853
-1828.25350783
-1828.26563305
-1828.27907463
-1828.29039515
-1828.29676489
-1828.29679374
-1828.29092486
-1828.28127264
-1828.27096356
-1828.26316568
-1828.26012027
-1828.26245366
-1828.26900591
-1828.27720663
-1828.28389645
-1828.28632622
-1828.28303188
-1828.27432125
-1828.26222121
-1828.24990495
-1828.24075593
-1828.23735761
-1828.24070980
-1828.24992477
-1828.26249241
-1828.27503908
-1828.28434044
-1828.28828165
-1828.28646537
-1828.28028787
-1828.27246252
-1828.26613282
-1828.26386329
-1828.26681294
-1828.27435983
-1828.28430443
-1828.29357140
-1828.29919756
-1828.29928535
-1828.29363071
-1828.28382566
-1828.27279883
-1828.26393910
-1828.26007046
-1828.26259907
-1828.27110075
-1828.28345542
-1828.29649398
-1828.30693477
-1828.31233936
-1828.31178689
-1828.30608068
-1828.29743918
-1828.28875937
-1828.28269959
-1828.28084288
-1828.28320847
-1828.28825932
-1828.28825932
-1828.29340033
-1828.29581812
-1828.29339671
-1828.28543759
-1828.27295449
-1828.25845425
-1828.24525956
-1828.23657451
-1828.23455703
-1828.23968662
-1828.25061234
-1828.26453545
-1828.27800881
-1828.28792511
-1828.29238664
-1828.19090420
-1828.19098820
-1828.19527654
-1828.20109915
-1828.20576855
-1828.20747106
-1828.20587012
-1828.20224683
-1828.19912653
-1828.19950966
-1828.20593983
-1828.21967880
-1828.24023746
-1828.26538667
-1828.29164851
-1828.31513732
-1828.33251384
-1828.34179664
-1828.34279463
-1828.33705120
-1828.32731354
-1828.31669037
-1828.30774313
-1828.30178587
-1828.29859321
-1828.29660408
-1828.29353010
-1828.28719232
-1828.27631597
-1828.26105570
-1828.24308708
-1828.22523649
-1828.21075551
-1828.20244010
-1828.20185044
-1828.20885533
-1828.22163640
-1828.23716353
-1828.25200695
-1828.26326517
-1828.26932109
-1828.27021726
-1828.26754438
-1828.26390485
-1828.26210363
-1828.26428803
-1828.27127794
-1828.28227973
-1828.29509453
-1828.30676783
-1828.31449398
-1828.31648702
-1828.31255466
-1828.30418868
-1828.29414929
-1828.28565994
-1828.28146439
-1828.28301421
-1828.29002889
-1828.30054510
-1828.31145807
-1828.31939403
-1828.32168870
-1828.31718056
-1828.30658346
-1828.29230092
-1828.27770802
-1828.26611862
-1828.25977480
-1828.25918282
-1828.26301832
-1828.26858993
-1828.27271764
-1828.27272137
-1828.26725174
-1828.25671611
-1828.24318840
-1828.22984739
-1828.22008912
-1828.21657159
-1828.22045590
-1828.23106331
-1828.24605496
-1828.26209191
-1828.27578100
-1828.28463247
-1828.28772910
-1828.28591809
-1828.28147681
-1828.27737173
-1828.27632712
-1828.27997533
-1828.28832036
-1828.29968528
-1828.31116068
-1828.31944344
-1828.32181572
-1828.31699172
-1828.30555751
-1828.28988345
-1828.27349869
-1828.26012051
-1828.25260831
-1828.25215803
-1828.25797280
-1828.26751955
-1828.27729443
-1828.28386749
-1828.28489812
-1828.27980603
-1828.26991224
-1828.25800731
-1828.24748162
-1828.24128604
-1828.24104108
-1828.24655440
-1828.25590295
-1828.26604005
-1828.27374283
-1828.27661378
-1828.27661378
-1828.27382402
-1828.26636972
-1828.25677576
-1828.24831896
-1828.24402487
-1828.24572853
-1828.25350783
-1828.26563305
-1828.27907463
-1828.29039515
-1828.29676489
-1828.29679374
-1828.29092486
-1828.28127264
-1828.27096356
-1828.26316568
-1828.26012027
-1828.26245366
-1828.26900591
-1828.27720663
-1828.28389645
-1828.28632622
-1828.28303188
-1828.27432125
-1828.26222121
-1828.24990495
-1828.24990495
-1828.24075593
-1828.23735761
-1828.24070980
-1828.24992477
-1828.26249241
-1828.27503908
-1828.28434044
-1828.28828165
-1828.28646537
-1828.28028787
-1828.27246252
-1828.26613282
-1828.26613282
-1828.26386329
-1828.26681294
-1828.27435983
-1828.28430443
-1828.29357140
-1828.29919756
-1828.29928535
-1828.29363071
-1828.28382566
-1828.27279883
-1828.26393910
-1828.26007046
-1828.26259907
-1828.27110075
-1828.28345542
-1828.29649398
-1828.30693477
-1828.31233936
-1828.31178689
-1828.30608068
-1828.29743918
-1828.28875937
-1828.28269959
-1828.28084288
-1828.28320847
-1828.28825932
-1828.29340033
-1828.29581812
-1828.29339671
-1828.28543759
-1828.27295449
-1828.25845425
-1828.24525956
-1828.23657451
-1828.23455703
-1828.23968662
-1828.25061234
-1828.26453545
-1828.27800881
-1828.28792511
-1828.29238664
-1828.29121212
-1828.28591471
-1828.27917935
-1828.27399317
-1828.27269889
-1828.27625987
-1828.28393973
-1828.29350037
-1828.30183869
-1828.30589411
-1828.30354874
-1828.29427567
-1828.27933134
-1828.26146206
-1828.24419073
-1828.23090444
-1828.22400466
-1828.22434869
-1828.23113083
-1828.24223136
-1828.25489616
-1828.26655002
-1828.27548784
-1828.28126034
-1828.28466237
-1828.28735294
-1828.29122375
-1828.29769574
-1828.30715145
-1828.31868218
-1828.33023079
-1828.33911658
-1828.34276972
-1828.33946851
-1828.32884954
-1828.31204953
-1828.29142741
-1828.26997284
-1828.26997284
-1828.25056800
-1828.23533014
-1828.22521196
-1828.21993862
-1828.21823850
-1828.21827844
-1828.21822341
-1828.21684440
-1828.21399167
-1828.21071092
-1828.20890209
-1828.21064065
-1828.21742174
-1828.22956326
-1828.24597725
-1828.26435496
-1828.28172630
-1828.29522121
-1828.30282353
-1828.30388203
-1828.29923964
-1828.29093367
-1828.28156825
-1828.27353833
-1828.26835332
-1828.26624494
-1828.26618530
-1828.26630866
-1828.26461294
-1828.25970611
-1828.25133787
-1828.24054500
-1828.22936705
-1828.22022936
-1828.21519593
-1828.21530556
-1828.22020771
-1828.22819868
-1828.23666597
-1828.24281179
-1828.24445429
-1828.24068077
-1828.23216318
-1828.22102419
-1828.21028280
-1828.20301577
-1828.20147779
-1828.20644800
-1828.21700048
-1828.23077616
-1828.24467424
-1828.25576671
-1828.26214683
-1828.26346458
-1828.26098536
-1828.25715757
-1828.25482947
-1828.25633955
-1828.26273801
-1828.27337282
-1828.28597065
-1828.29720513
-1828.30360766
-1828.30256720
-1828.29311881
-1828.27629382
-1828.25491364
-1828.23288154
-1828.21415747
-1828.20171356
-1828.19676436
-1828.19851419
-1828.20449772
-1828.21139474
-1828.21607072
-1828.21656574
-1828.21277581
-1828.20660035
-1828.20144883
-1828.20119577
-1828.20889663
-1828.22567179
-1828.25012176
-1828.27847745
-1828.30546670
-1828.32566406
-1828.33493428
-1828.33155451
-1828.31668160
-1828.29402109
-1828.26878272
-1828.24622315
-1828.23019635
-1828.22214616
-1828.22085428
-1828.22301275
-1828.22445236
-1828.22163357
-1828.21292937
-1828.19929756
-1828.18411221
-1828.17219494
-1828.16833715
-1828.17575604
-1828.19496504
-1828.22342295
-1828.25608952
-1828.28673633
-1828.30962852
-1828.32107153
-1828.32035322
-1828.30981222
-1828.29401206
-1828.27828907
-1828.26711234
-1828.26276044
-1828.26470797
-1828.26991600
-1828.27394338
-1828.27253375
-1828.26316344
-1828.24603853
-1828.22421895
-1828.20283621
-1828.18764213
-1828.18333123
-1828.19212692
-1828.21305681
-1828.24213233
-1828.27338621
-1828.30048012
-1828.31840621
-1828.32479562
-1828.32044526
-1828.30891642
-1828.29532257
-1828.28468186
-1828.28032614
-1828.28287569
-1828.29010576
-1828.29772189
-1828.30078869
-1828.29536043
-1828.27982697
-1828.25556585
-1828.22668541
-1828.19892604
-1828.17803701
-1828.16812722
-1828.17048087
-1828.18321107
-1828.20185028
-1828.22070643
-1828.23456636
-1828.24023704
-1828.23745195
-1828.22886818
-1828.21915812
-1828.21347087
-1828.21574373
-1828.22738954
-1828.24677608
-1828.26966587
-1828.29048057
-1828.30399100
-1828.30690585
-1828.29887477
-1828.28259991
-1828.26302387
-1828.24584734
-1828.23582522
-1828.23536138
-1828.24383038
-1828.25782691
-1828.27226128
-1828.28196651
-1828.28331982
-1828.27538424
-1828.26021990
-1828.24226160
-1828.22695713
-1828.21908717
-1828.22129128
-1828.23325666
-1828.25179868
-1828.27178872
-1828.28766307
-1828.29503992
-1828.29198818
-1828.27955202
-1828.26139587
-1828.24267241
-1828.22846115
-1828.22225589
-1828.22496183
-1828.23468750
-1828.24739801
-1828.25821034
-1828.26293279
-1828.25937122
-1828.24801098
-1828.23187468
-1828.21561853
-1828.20414676
-1828.20117059
-1828.20813291
-1828.22380845
-1828.24470053
-1828.26610148
-1828.28349957
-1828.29389300
-1828.29661233
-1828.29340296
-1828.28776065
-1828.28372764
-1828.28452690
-1828.29145530
-1828.30338354
-1828.31702239
-1828.32787641
-1828.33160002
-1828.32533419
-1828.30862013
-1828.28360251
-1828.25447094
-1828.22630845
-1828.20370398
-1828.18954439
-1828.18433373
-1828.18622761
-1828.19176070
-1828.19176070
-1828.19702645
-1828.19895722
-1828.19629482
-1828.18996298
-1828.18272440
-1828.17823206
-1828.17978778
-1828.17978778
-1828.18920413
-1828.20612852
-1828.22805053
-1828.25099054
-1828.27064561
-1828.28364170
-1828.28849062
-1828.28596997
-1828.27881414
-1828.27083193
-1828.26572549
-1828.26597633
-1828.27212192
-1828.28264401
-1828.29449642
-1828.30410061
-1828.30850526
-1828.30635146
-1828.29834220
-1828.28706554
-1828.27622292
-1828.26948714
-1828.26933322
-1828.27621027
-1828.27621027
-1828.28830752
-1828.30202602
-1828.31302139
-1828.31751185
-1828.31343464
-1828.30108852
-1828.28305846
-1828.26344530
-1828.24664029
-1828.23602594
-1828.23299861
-1828.23660852
-1828.24392564
-1828.25101235
-1828.25420859
-1828.25133210
-1828.24241559
-1828.22975921
-1828.21727237
-1828.20930010
-1828.20929727
-1828.21874273
-1828.23663745
-1828.25973218
-1828.28342095
-1828.30303111
-1828.31511687
-1828.31837158
-1828.31389619
-1828.30475620
-1828.29497345
-1828.28825752
-1828.28687851
-1828.29100992
-1828.29873848
-1828.30672456
-1828.31129364
-1828.30962933
-1828.30070316
-1828.28565409
-1828.26751064
-1828.25033342
-1828.23803421
-1828.23324032
-1828.23653384
-1828.24630182
-1828.25923185
-1828.27130488
-1828.27897432
-1828.28019140
-1828.27496219
-1828.26529133
-1828.25453195
-1828.24634009
-1828.24354959
-1828.24729936
-1828.25668957
-1828.26906272
-1828.28082992
-1828.28858469
-1828.29016114
-1828.28530719
-1828.27576694
-1828.26474412
-1828.25592747
-1828.25236376
-1828.25553463
-1828.26490711
-1828.27808517
-1828.29151263
-1828.30150959
-1828.30533306
-1828.30194579
-1828.29228056
-1828.27892476
-1828.26534770
-1828.25491348
-1828.24996814
-1828.25126132
-1828.25783413
-1828.26737860
-1828.27693807
-1828.28375502
-1828.28603383
-1828.28342755
-1828.27709929
-1828.26934335
-1828.26286640
-1828.25994783
-1828.26172909
-1828.26784925
-1828.27652901
-1828.28508199
-1828.29070931
-1828.29133373
-1828.28624059
-1828.28624059
-1828.27630971
-1828.26377860
-1828.25161699
-1828.24271061
-1828.23910032
-1828.24148445
-1828.24909495
-1828.25996548
-1828.27150585
-1828.28121141
-1828.28731166
-1828.28917339
-1828.28736589
-1828.28338158
-1828.27911865
-1828.27628718
-1828.27590658
-1828.27804211
-1828.28182945
-1828.28578002
-1828.28825333
-1828.28796753
-1828.28439009
-1828.27791322
-1828.26976604
-1828.26170713
-1828.25558072
-1828.25284736
-1828.25420553
-1828.25940621
-1828.26732178
-1828.27625998
-1828.28442683
-1828.29039255
-1828.29343754
-1828.29367483
-1828.29193988
-1828.28948307
-1828.28757050
-1828.28757050
-1828.28710118
-1828.28835977
-1828.29096562
-1828.29401326
-1828.29635247
-1828.29691681
-1828.29500515
-1828.29046178
-1828.28372473
-1828.27573631
-1828.26774855
-1828.26103947
-1828.25662290
-1828.25500883
-1828.25608401
-1828.25914311
-1828.26305807
-1828.26654436
-1828.26846174
-1828.26807660
-1828.26523878
-1828.26042671
-1828.25465459
-1828.24924106
-1828.24548960
-1828.24433518
-1828.24605860
-1828.25014518
-1828.25536815
-1828.26013194
-1828.26299754
-1828.26320949
-1828.26101416
-1828.25762240
-1828.25482899
-1828.25443131
-1828.25764434
-1828.26469299
-1828.27469413
-1828.28585238
-1828.29591285
-1828.30275149
-1828.30494706
-1828.30216359
-1828.29523836
-1828.28594640
-1828.27651490
-1828.26901656
-1828.26481549
-1828.26421499
-1828.26640225
-1828.26971303
-1828.27214857
-1828.27200678
-1828.26843224
-1828.26172250
-1828.25328896
-1828.24528170
-1828.23998439
-1828.23914605
-1828.24344565
-1828.25224284
-1828.26370141
-1828.27525927
-1828.28431971
-1828.28897656
-1828.28855867
-1828.28382327
-1828.27672993
-1828.26985541
-1828.26562415
-1828.26560287
-1828.27006159
-1828.27791131
-1828.28703131
-1828.29488866
-1828.29928126
-1828.29899387
-1828.29415912
-1828.28621994
-1828.27749313
-1828.27046678
-1828.26703147
-1828.26788557
-1828.27230099
-1828.27833629
-1828.28344495
-1828.28529653
-1828.28255192
-1828.27533882
-1828.26527535
-1828.25501836
-1828.24747489
-1828.24491489
-1828.24825949
-1828.25674129
-1828.26806710
-1828.27903332
-1828.28642705
-1828.28795242
-1828.28290531
-1828.27240324
-1828.25909946
-1828.24645504
-1828.23777115
-1828.23524713
-1828.23933933
-1828.24860743
-1828.26010022
-1828.27018650
-1828.27560400
-1828.27443809
-1828.26674092
-1828.25459450
-1828.24156235
-1828.23167122
-1828.22820512
-1828.23267807
-1828.24428120
-1828.26000776
-1828.27543895
-1828.28599123
-1828.28828024
-1828.28118167
-1828.26626583
-1828.24743824
-1828.22986820
-1828.21850571
-1828.21662660
-1828.22484431
-1828.24090677
-1828.26035233
-1828.27784513
-1828.28878957
-1828.29072952
-1828.28410482
-1828.27212594
-1828.25979703
-1828.25237683
-1828.25373091
-1828.26506820
-1828.28444973
-1828.30723492
-1828.32734263
-1828.33896084
-1828.33821775
-1828.32431730
-1828.29982071
-1828.26998042
-1828.24131404
-1828.21981268
-1828.20930803
-1828.21047394
-1828.22076751
-1828.23531753
-1828.24848515
-1828.25562871
-1828.25455471
-1828.24623042
-1828.24623042
-1828.23452038
-1828.23452038
-1828.22500009
-1828.22318289
-1828.23270001
-1828.25402396
-1828.28413233
-1828.31725597
-1828.34646277
-1828.36562202
-1828.37115369
-1828.36302845
-1828.34472798
-1828.32217002
-1828.30192878
-1828.28929133
-1828.28673914
-1828.29330744
-1828.30501178
-1828.31620209
-1828.32142166
-1828.31719217
-1828.30317446
-1828.28234665
-1828.26014532
-1828.24284245
-1828.23565402
-1828.24116132
-1828.25850732
-1828.28360496
-1828.31027091
-1828.33194874
-1828.34350689
-1828.34260778
-1828.33025920
-1828.31040748
-1828.28871402
-1828.27086594
-1828.26092406
-1828.26018646
-1828.26690667
-1828.27694415
-1828.28516213
-1828.28713671
-1828.28066683
-1828.26659557
-1828.24867300
-1828.23249233
-1828.22381011
-1828.22676722
-1828.24255852
-1828.26896897
-1828.30091834
-1828.33186666
-1828.35566918
-1828.36830673
-1828.36830673
-1828.36830673
-1828.30704953
-1828.24877555
-1828.20947074
-1828.19922617
-1828.21923484
-1828.26150526
-1828.31137191
-1828.31137191
-1828.35203951
-1828.36976665
-1828.36976665
-1828.35810130
-1828.31986871
-1828.26631100
-1828.21363387
-1828.17802325
-1828.17066033
-1828.19426171
-1828.24219970
-1828.30047734
-1828.35194882
-1828.38148928
-1828.38054460
-1828.34966555
-1828.29828205
-1828.24180245
-1828.19692778
-1828.17662445
-1828.18626722
-1828.22211103
-1828.27253048
-1828.32163703
-1828.35415376
-1828.36005831
-1828.33759274
-1828.29372468
-1828.24195310
-1828.19814241
-1828.17567076
-1828.18137503
-1828.21349147
-1828.26221045
-1828.31265353
-1828.34936394
-1828.36096284
-1828.34357219
-1828.30197362
-1828.24816695
-1828.19776062
-1828.16529151
-1828.15987418
-1828.18249557
-1828.22575567
-1828.27614429
-1828.31815022
-1828.33896577
-1828.33235692
-1828.30052432
-1828.25339539
-1828.20556170
-1828.17179750
-1828.16253033
-1828.18063954
-1828.22056266
-1828.26998862
-1828.31361696
-1828.33783637
-1828.33490054
-1828.30531872
-1828.30531872
-1828.25773992
-1828.20635158
-1828.16659243
-1828.15047716
-1828.16296828
-1828.20048980
-1828.25203216
-1828.30248625
-1828.33718832
-1828.34629130
-1828.32764243
-1828.28731051
-1828.23763360
-1828.19339651
-1828.16731571
-1828.16620870
-1828.18899853
-1828.22714787
-1828.26736373
-1828.29573885
-1828.30205763
-1828.28295600
-1828.24298498
-1828.19326398
-1828.14814897
-1828.12094098
-1828.11994069
-1828.14604354
-1828.19257138
-1828.24736609
-1828.29647338
-1828.32829270
-1828.33694149
-1828.32382363
-1828.29696205
-1828.26831832
-1828.24995091
-1828.25019169
-1828.27101369
-1828.30739003
-1828.34882534
-1828.38257772
-1828.39757770
-1828.38784073
-1828.35432989
-1828.30471668
-1828.25111277
-1828.20649438
-1828.18090616
-1828.17860037
-1828.19697049
-1828.22756540
-1828.25884425
-1828.27980315
-1828.28334200
-1828.26837235
-1828.24003225
-1828.20798630
-1828.18335542
-1828.17521656
-1828.18774720
-1828.21886737
-1828.26080681
-1828.30240385
-1828.33245227
-1828.34305816
-1828.33198726
-1828.30327452
-1828.26593910
-1828.26593910
-1828.23121214
-1828.20916120
-1828.20574141
-1828.22114695
-1828.24994159
-1828.28288210
-1828.30986031
-1828.32304656
-1828.31927236
-1828.30093848
-1828.27518218
-1828.25157940
-1828.23910791
-1828.24331377
-1828.26456689
-1828.29793443
-1828.33469490
-1828.36499243
-1828.38080652
-1828.37830725
-1828.35890769
-1828.32870058
-1828.29651264
-1828.27117410
-1828.25886495
-1828.26134862
-1828.27561122
-1828.29498675
-1828.31139349
-1828.31795582
-1828.31119575
-1828.29210738
-1828.26581042
-1828.23990043
-1828.22203685
-1828.21752381
-1828.22764208
-1828.24924833
-1828.27575025
-1828.29914434
-1828.31247382
-1828.31193747
-1828.29801173
-1828.27524936
-1828.25083668
-1828.23237235
-1828.22556447
-1828.23253390
-1828.25125115
-1828.27625314
-1828.30039027
-1828.31707368
-1828.32229836
-1828.31583147
-1828.30119972
-1828.28448903
-1828.27234836
-1828.26981654
-1828.27866981
-1828.29680795
-1828.31887045
-1828.33789349
-1828.34747513
-1828.34376339
-1828.32664354
-1828.29976164
-1828.26939622
-1828.24255019
-1828.22486036
-1828.21896408
-1828.22381379
-1828.23513679
-1828.24687667
-1828.25314838
-1828.25011014
-1828.23715908
-1828.21711345
-1828.19531995
-1828.17798175
-1828.17020943
-1828.17440671
-1828.18948409
-1828.21114515
-1828.23315952
-1828.24923162
-1828.25487348
-1828.24872451
-1828.23290329
-1828.21231729
-1828.19314694
-1828.18098815
-1828.17922482
-1828.18810798
-1828.20480526
-1828.22436680
-1828.24130161
-1828.25126703
-1828.25236004
-1828.24563160
-1828.23468100
-1828.22446857
-1828.21972704
-1828.22346014
-1828.23599361
-1828.25486019
-1828.27554547
-1828.29284584
-1828.30241841
-1828.30204550
-1828.29224150
-1828.27603561
-1828.25801037
-1828.24291215
-1828.23425949
-1828.23338131
-1828.23915188
-1828.24849415
-1828.25745487
-1828.26250346
-1828.26163995
-1828.25497484
-1828.24462406
-1828.23396706
-1828.22651591
-1828.22476145
-1828.22935532
-1828.23889544
-1828.25035751
-1828.26004689
-1828.26474992
-1828.26271320
-1828.25415181
-1828.24113160
-1828.22689852
-1828.21490143
-1828.20781592
-1828.20685969
-1828.21157839
-1828.22013614
-1828.22999353
-1828.23875020
-1828.24488537
-1828.24817032
-1828.24962712
-1828.25105964
-1828.25432186
-1828.26057178
-1828.26977340
-1828.28061092
-1828.29084213
-1828.29795971
-1828.29994492
-1828.29586136
-1828.28610456
-1828.27225516
-1828.25658258
-1828.24138692
-1828.22838461
-1828.21832906
-1828.21096748
-1828.20533299
-1828.20026806
-1828.19499142
-1828.18951098
-1828.18472572
-1828.18217149
-1828.18348929
-1828.18979984
-1828.20121067
-1828.21662638
-1828.23395065
-1828.25061983
-1828.26429317
-1828.27347524
-1828.27786003
-1828.27827818
-1828.27627148
-1828.27345045
-1828.27087197
-1828.26865794
-1828.26599397
-1828.26151292
-1828.25393091
-1828.24270907
-1828.22851110
-1828.21326740
-1828.19979087
-1828.19103564
-1828.18921558
-1828.19507046
-1828.20753925
-1828.22396230
-1828.24079390
-1828.25460445
-1828.26307263
-1828.26564974
-1828.26366747
-1828.25985660
-1828.25740172
-1828.25883534
-1828.26512860
-1828.27527150
-1828.28650579
-1828.29514537
-1828.29775888
-1828.29234648
-1828.27912629
-1828.26064768
-1828.24116393
-1828.22542042
-1828.21724061
-1828.21834141
-1828.22777380
-1828.24216266
-1828.25669426
-1828.26656245
-1828.26842873
-1828.26144476
-1828.24750930
-1828.23066798
-1828.21583564
-1828.20723769
-1828.20706680
-1828.21479033
-1828.22733074
-1828.24007116
-1828.24833679
-1828.24890534
-1828.24107256
-1828.22695877
-1828.21094178
-1828.19836446
-1828.19388620
-1828.19998009
-1828.21606499
-1828.23856367
-1828.26190536
-1828.28017791
-1828.28892244
-1828.28650767
-1828.27463998
-1828.25784685
-1828.24207414
-1828.23283885
-1828.23349606
-1828.24417309
-1828.26170113
-1828.28058550
-1828.29472444
-1828.29935045
-1828.29259631
-1828.27617819
-1828.25496789
-1828.23556058
-1828.22427357
-1828.22518592
-1828.23883631
-1828.26199157
-1828.28857263
-1828.31146239
-1828.32464188
-1828.32499354
-1828.31321808
-1828.29357706
-1828.27254255
-1828.25676883
-1828.25100746
-1828.25661275
-1828.27109956
-1828.28889764
-1828.30309076
-1828.30761283
-1828.29922883
-1828.27868228
-1828.25062062
-1828.22229575
-1828.20141124
-1828.19376928
-1828.20144029
-1828.22204244
-1828.24938966
-1828.27532256
-1828.29218175
-1828.29515656
-1828.28377564
-1828.26208418
-1828.23744498
-1828.21831813
-1828.21169280
-1828.22093093
-1828.24469146
-1828.27725303
-1828.31016951
-1828.33476044
-1828.34469369
-1828.33787777
-1828.31708564
-1828.28911019
-1828.26269673
-1828.24587903
-1828.24351616
-1828.25578082
-1828.27807712
-1828.30241776
-1828.31988046
-1828.32338868
-1828.30997978
-1828.28183887
-1828.24576425
-1828.21117845
-1828.18729382
-1828.18029068
-1828.19139652
-1828.21648373
-1828.24731508
-1828.27406935
-1828.28835873
-1828.28580946
-1828.26740136
-1828.23914829
-1828.21020214
-1828.18997246
-1828.18514668
-1828.19753937
-1828.22346393
-1828.25483330
-1828.25483330
-1828.28166008
-1828.29517667
-1828.29059328
-1828.26864919
-1828.23547416
-1828.20081091
-1828.17513119
-1828.16652316
-1828.17827883
-1828.20790686
-1828.24787241
-1828.28783869
-1828.31774020
-1828.33075456
-1828.32528081
-1828.30533429
-1828.27923056
-1828.25699162
-1828.24724518
-1828.25454987
-1828.27794023
-1828.31112230
-1828.34428069
-1828.36696537
-1828.37121508
-1828.35397437
-1828.31807431
-1828.27147272
-1828.22496532
-1828.18906262
-1828.17096659
-1828.17256549
-1828.19005194
-1828.21528122
-1828.23844419
-1828.25121954
-1828.24942150
-1828.23431217
-1828.21217509
-1828.19228694
-1828.18392410
-1828.19333383
-1828.22162720
-1828.26424076
-1828.31214125
-1828.35440420
-1828.38137206
-1828.38743348
-1828.37259046
-1828.34233721
-1828.30593386
-1828.27359365
-1828.25345907
-1828.24927871
-1828.25946640
-1828.27779636
-1828.29549604
-1828.30406957
-1828.29798588
-1828.27641927
-1828.24352324
-1828.20718059
-1828.17660874
-1828.15957495
-1828.16005193
-1828.17703292
-1828.20486333
-1828.23497259
-1828.25847166
-1828.26882046
-1828.26374163
-1828.24580076
-1828.22148943
-1828.19910206
-1828.18607853
-1828.18664605
-1828.20049243
-1828.22288879
-1828.24621661
-1828.26242730
-1828.26564841
-1828.25413219
-1828.23092095
-1828.20300305
-1828.17920855
-1828.16748688
-1828.17240197
-1828.19364751
-1828.22604069
-1828.26101887
-1828.28917734
-1828.30307625
-1828.29944253
-1828.28008669
-1828.25125087
-1828.22160666
-1828.19953847
-1828.19056098
-1828.19568184
-1828.21119800
-1828.22997838
-1828.24381641
-1828.24611295
-1828.23405726
-1828.20963283
-1828.17913828
-1828.15136460
-1828.13498122
-1828.13591315
-1828.15550782
-1828.19004729
-1828.23175789
-1828.27103382
-1828.29921163
-1828.31106495
-1828.30626895
-1828.28937533
-1828.26830979
-1828.25184674
-1828.24683479
-1828.25602735
-1828.27718972
-1828.30376425
-1828.32689792
-1828.33821456
-1828.33248499
-1828.30936916
-1828.27367433
-1828.23404273
-1828.20043996
-1828.18120752
-1828.18057739
-1828.19742366
-1828.22564516
-1828.25606972
-1828.27929231
-1828.28856270
-1828.28181470
-1828.26220962
-1828.23704302
-1828.21536472
-1828.20506932
-1828.21036817
-1828.23043042
-1828.25961005
-1828.28918436
-1828.31005720
-1828.31558974
-1828.30368245
-1828.27746430
-1828.24437975
-1828.21395394
-1828.19492110
-1828.19260962
-1828.20736673
-1828.23450883
-1828.26580636
-1828.29203097
-1828.30579106
-1828.30376500
-1828.28765700
-1828.26357895
-1828.24005902
-1828.22530622
-1828.22458228
-1828.23849799
-1828.26276009
-1828.28944811
-1828.30943119
-1828.31518989
-1828.30318818
-1828.27506296
-1828.23726001
-1828.19921302
-1828.17059604
-1828.15847572
-1828.16523466
-1828.18790812
-1828.21914619
-1828.24951360
-1828.27041437
-1828.27672726
-1828.26832979
-1828.25003577
-1828.22996344
-1828.21687522
-1828.21730094
-1828.23338124
-1828.26208019
-1828.29602558
-1828.32571536
-1828.34240877
-1828.34081657
-1828.32075709
-1828.28727150
-1828.24915533
-1828.21636737
-1828.19709900
-1828.19541125
-1828.21014944
-1828.23544970
-1828.26265837
-1828.28305385
-1828.29051418
-1828.28332561
-1828.26458443
-1828.24110028
-1828.22116785
-1828.21189947
-1828.21695392
-1828.23535766
-1828.26177738
-1828.28815349
-1828.30618774
-1828.30991262
-1828.29754494
-1828.27204917
-1828.24024610
-1828.21074035
-1828.19131278
-1828.18658861
-1828.19669576
-1828.21731247
-1828.24108734
-1828.25998295
-1828.26781460
-1828.26218514
-1828.24522669
-1828.22289604
-1828.20305289
-1828.19292364
-1828.19675015
-1828.21436846
-1828.24116674
-1828.26945139
-1828.29078587
-1828.29858522
-1828.29015044
-1828.26751829
-1828.23685376
-1828.20658770
-1828.18486685
-1828.17712470
-1828.18451221
-1828.20366252
-1828.22784709
-1828.24914920
-1828.26096633
-1828.26005291
-1828.24749010
-1828.22827834
-1828.20969941
-1828.19896647
-1828.20088115
-1828.21624431
-1828.24152435
-1828.26988777
-1828.29327992
-1828.30488119
-1828.30117558
-1828.28299028
-1828.25521519
-1828.22531301
-1828.20109644
-1828.18842704
-1828.18951227
-1828.20231430
-1828.22126237
-1828.23905583
-1828.24901612
-1828.24723745
-1828.23386956
-1828.21311427
-1828.19194058
-1828.17791685
-1828.17682875
-1828.19082451
-1828.21766836
-1828.25134021
-1828.28380918
-1828.30743506
-1828.31724708
-1828.31238919
-1828.29628138
-1828.27544121
-1828.25735725
-1828.24808099
-1828.25031400
-1828.26259741
-1828.27985194
-1828.29508666
-1828.30170841
-1828.29569081
-1828.27691427
-1828.24926267
-1828.21945351
-1828.19498100
-1828.18181153
-1828.18255753
-1828.19569269
-1828.21604884
-1828.23643999
-1828.24989847
-1828.25183302
-1828.24143359
-1828.22190085
-1828.19942924
-1828.18127782
-1828.17351512
-1828.17915472
-1828.19722433
-1828.22306674
-1828.24977623
-1828.27031399
-1828.27966077
-1828.27633477
-1828.26280640
-1828.24467980
-1828.22889999
-1828.22153408
-1828.22582246
-1828.24111183
-1828.24111183
-1828.26301673
-1828.28476355
-1828.29930279
-1828.30152936
-1828.28991468
-1828.26703945
-1828.23885688
-1828.21290653
-1828.19603672
-1828.19233118
-1828.20189298
-1828.22085598
-1828.24262828
-1828.25998582
-1828.26735327
-1828.26255204
-1828.24745267
-1828.22734726
-1828.20924711
-1828.19965998
-1828.20253798
-1828.21803291
-1828.24243172
-1828.26929187
-1828.29141222
-1828.30304043
-1828.30163060
-1828.28860083
-1828.26887168
-1828.24933039
-1828.23671336
-1828.23556826
-1828.24691607
-1828.26799892
-1828.29316771
-1828.31562341
-1828.32947681
-1828.33149954
-1828.32204728
-1828.30487699
-1828.28592584
-1828.27142733
-1828.26595203
-1828.27097579
-1828.28441044
-1828.30123878
-1828.31504165
-1828.31995005
-1828.31242291
-1828.29232813
-1828.26302152
-1828.26302152
-1828.23040277
-1828.20123625
-1828.18122028
-1828.17338352
-1828.17728499
-1828.18927044
-1828.20370866
-1828.21482785
-1828.21857642
-1828.21391911
-1828.20316030
-1828.19119389
-1828.18390835
-1828.18625367
-1828.20057186
-1828.22571290
-1828.25722866
-1828.28858101
-1828.31300241
-1828.32543518
-1828.32395569
-1828.31025420
-1828.28902816
-1828.26649245
-1828.24847726
-1828.23870513
-1828.23777032
-1828.24312617
-1828.25006145
-1828.25335668
-1828.24908003
-1828.23596116
-1828.21590182
-1828.19347070
-1828.17453025
-1828.16444652
-1828.16642043
-1828.18048153
-1828.20343615
-1828.22978944
-1828.25334322
-1828.26897264
-1828.27404723
-1828.26908243
-1828.25744729
-1828.24423861
-1828.23465302
-1828.23234489
-1828.23826289
-1828.25032686
-1828.26405423
-1828.27397374
-1828.27539558
-1828.26598970
-1828.24666990
-1828.22146977
-1828.19645111
-1828.17795328
-1828.17073580
-1828.17657420
-1828.19374813
-1828.21757436
-1828.24182165
-1828.26058104
-1828.27001752
-1828.26946920
-1828.26155374
-1828.25124827
-1828.24421762
-1828.24492293
-1828.25510186
-1828.27312304
-1828.29441128
-1828.31282097
-1828.32252468
-1828.31983803
-1828.30440479
-1828.27938640
-1828.25059007
-1828.22479217
-1828.20777977
-1828.20270086
-1828.20922706
-1828.22377386
-1828.24070201
-1828.25410055
-1828.25961006
-1828.25571346
-1828.24411794
-1828.22912380
-1828.21619563
-1828.21018846
-1828.21378220
-1828.22660356
-1828.24529785
-1828.26452602
-1828.27858693
-1828.28316241
-1828.27665245
-1828.26067666
-1828.23959420
-1828.21919758
-1828.20498656
-1828.20054440
-1828.20652084
-1828.22050427
-1828.23782892
-1828.25305633
-1828.26168995
-1828.26158549
-1828.25362358
-1828.24142643
-1828.23020951
-1828.22512687
-1828.22961885
-1828.24428022
-1828.26658598
-1828.29157396
-1828.31326629
-1828.32641778
-1828.32804896
-1828.31829244
-1828.30030479
-1828.27926952
-1828.26080844
-1828.24929423
-1828.24658061
-1828.25153242
-1828.26049197
-1828.26851876
-1828.27101324
-1828.26521056
-1828.25108662
-1828.23139721
-1828.21085018
-1828.19467631
-1828.18704154
-1828.18979773
-1828.20193099
-1828.21987802
-1828.23858958
-1828.25302699
-1828.25963240
-1828.25733777
-1828.24780541
-1828.23484818
-1828.22321680
-1828.21713764
-1828.21904305
-1828.22887749
-1828.24416827
-1828.26082956
-1828.27443328
-1828.28155133
-1828.28075705
-1828.27299955
-1828.26126249
-1828.24964134
-1828.24212331
-1828.24143500
-1828.24827561
-1828.26114848
-1828.27682013
-1828.29126715
-1828.30083827
-1828.30328144
-1828.29834278
-1828.28775163
-1828.27461641
-1828.26243097
-1828.25401807
-1828.25074943
-1828.25224975
-1828.25664723
-1828.26125216
-1828.26344228
-1828.26148290
-1828.25505711
-1828.24535135
-1828.23470290
-1828.22591084
-1828.22143440
-1828.22271580
-1828.22982470
-1828.24149968
-1828.25555143
-1828.26947737
-1828.28110626
-1828.28907390
-1828.29303034
-1828.29353873
-1828.29174417
-1828.28894438
-1828.28619516
-1828.28407025
-1828.28260856
-1828.28143548
-1828.27998640
-1828.27773918
-1828.27438949
-1828.26992847
-1828.26462877
-1828.25896376
-1828.25351902
-1828.24892834
-1828.24584550
-1828.24491677
-1828.24672772
-1828.25169244
-1828.25990334
-1828.27099689
-1828.28409115
-1828.29784435
-1828.31064339
-1828.32088910
-1828.32731840
-1828.32927900
-1828.32687559
-1828.32094151
-1828.31281985
-1828.30400278
-1828.29570683
-1828.28852220
-1828.28223034
-1828.27588637
-1828.26815611
-1828.25782799
-1828.24436158
-1828.22827789
-1828.21124915
-1828.19581293
-1828.18477233
-1828.18045382
-1828.18403267
-1828.19513432
-1828.21183017
-1828.23105242
-1828.24932997
-1828.26367258
-1828.27234986
-1828.27533681
-1828.27427646
-1828.27195619
-1828.27142306
-1828.27499918
-1828.28348595
-1828.29580220
-1828.30919213
-1828.31997328
-1828.32462160
-1828.32088344
-1828.30855585
-1828.28968136
-1828.26808367
-1828.24838275
-1828.23478359
-1828.22996839
-1828.23438987
-1828.24614688
-1828.26149317
-1828.27585868
-1828.28511137
-1828.28670421
-1828.28036918
-1828.26814649
-1828.25371818
-1828.24124607
-1828.23406034
-1828.23361640
-1828.23903225
-1828.24738136
-1828.25463323
-1828.25697404
-1828.25208460
-1828.23999964
-1828.22326601
-1828.20632723
-1828.19428253
-1828.19137590
-1828.19965776
-1828.21825317
-1828.24347956
-1828.26981444
-1828.29143300
-1828.30385958
-1828.30522737
-1828.29676166
-1828.28233647
-1828.26724450
-1828.25654768
-1828.25352094
-1828.25865583
-1828.26954493
-1828.28168333
-1828.28994469
-1828.29027418
-1828.28107149
-1828.26383978
-1828.24289025
-1828.22416648
-1828.21351309
-1828.21490491
-1828.22918692
-1828.25373064
-1828.28312293
-1828.31068483
-1828.33036485
-1828.33844478
-1828.33455514
-1828.32169404
-1828.30523916
-1828.29124787
-1828.28454220
-1828.28716376
-1828.29768263
-1828.31157875
-1828.32260873
-1828.32477014
-1828.31425843
-1828.29083573
-1828.25816126
-1828.22295084
-1828.19317936
-1828.17583958
-1828.17493095
-1828.19027727
-1828.21754853
-1828.24949546
-1828.27804545
-1828.29663468
-1828.30208196
-1828.29543945
-1828.28155659
-1828.26748464
-1828.26019661
-1828.26431744
-1828.28056820
-1828.30540409
-1828.33198794
-1828.35220721
-1828.35914151
-1828.34922842
-1828.32348411
-1828.28739014
-1828.24945760
-1828.21885890
-1828.20281286
-1828.20450567
-1828.22218001
-1828.24969546
-1828.27839432
-1828.29972887
-1828.30784102
-1828.30130805
-1828.28351713
-1828.26154364
-1828.24388871
-1828.23776509
-1828.24677679
-1828.26969962
-1828.30074612
-1828.33123492
-1828.35217022
-1828.35695269
-1828.34339841
-1828.31446274
-1828.27743958
-1828.24187263
-1828.21680301
-1828.20816774
-1828.21712995
-1828.23983648
-1828.26867078
-1828.29461643
-1828.31002383
-1828.31093486
-1828.29827002
-1828.27751469
-1828.25698850
-1828.24522787
-1828.24826028
-1828.26762005
-1828.29971638
-1828.33676415
-1828.36902107
-1828.38765653
-1828.38739477
-1828.36812902
-1828.33500872
-1828.29696011
-1828.26407344
-1828.24463555
-1828.24269404
-1828.25688065
-1828.28086184
-1828.30530721
-1828.32080801
-1828.32084774
-1828.30390054
-1828.27396783
-1828.23939037
-1828.21029830
-1828.19549649
-1828.19973041
-1828.22218475
-1828.25666273
-1828.29340075
-1828.32195959
-1828.33432812
-1828.32728845
-1828.30334181
-1828.26991015
-1828.23705642
-1828.21442356
-1828.20832687
-1828.21988352
-1828.24473821
-1828.27445477
-1828.29913638
-1828.31047834
-1828.30433048
-1828.28199900
-1828.24989848
-1828.21764546
-1828.19516137
-1828.18964855
-1828.20336719
-1828.23288186
-1828.27003137
-1828.30431444
-1828.32598596
-1828.32892231
-1828.31239495
-1828.28122160
-1828.24425750
-1828.21169261
-1828.19197973
-1828.18931768
-1828.20245673
-1828.22517942
-1828.24830351
-1828.26259156
-1828.26166725
-1828.24405340
-1828.21370171
-1828.17884953
-1828.14954613
-1828.13460395
-1828.13892237
-1828.16199098
-1828.19804287
-1828.23779527
-1828.27123080
-1828.29056025
-1828.29246529
-1828.27894547
-1828.25652486
-1828.23408481
-1828.21999903
-1828.21947059
-1828.23289029
-1828.25571479
-1828.27988132
-1828.29632703
-1828.29784206
-1828.28140022
-1828.24924691
-1828.20839464
-1828.16865640
-1828.13980789
-1828.12874594
-1828.13750511
-1828.16273428
-1828.19678460
-1828.23006647
-1828.25395597
-1828.26336032
-1828.25816673
-1828.24313690
-1828.22629080
-1828.21627706
-1828.21953637
-1828.23815188
-1828.26904197
-1828.30476257
-1828.33568204
-1828.35286852
-1828.35082351
-1828.32922283
-1828.29312095
-1828.25154550
-1828.21488142
-1828.19184689
-1828.18697189
-1828.19934891
-1828.22304384
-1828.24903635
-1828.26808879
-1828.27365213
-1828.26389982
-1828.24226836
-1828.21633729
-1828.19541186
-1828.18756604
-1828.19705303
-1828.22288544
-1828.25902911
-1828.29614766
-1828.32436920
-1828.33622299
-1828.32884570
-1828.30478811
-1828.27118765
-1828.23757607
-1828.21301636
-1828.20344738
-1828.20344738
-1828.21003856
-1828.22903094
-1828.25309423
-1828.27373135
-1828.28397866
-1828.28056158
-1828.26485519
-1828.24238739
-1828.22105396
-1828.20861684
-1828.21025865
-1828.22694873
-1828.25512216
-1828.28775635
-1828.31650261
-1828.33419105
-1828.33694238
-1828.32525103
-1828.30373053
-1828.27961917
-1828.26051658
-1828.25205414
-1828.25621093
-1828.27079166
-1828.29021255
-1828.30734309
-1828.31580901
-1828.31204485
-1828.29643985
-1828.27323372
-1828.24919596
-1828.23150197
-1828.22548645
-1828.23297278
-1828.25171169
-1828.27608879
-1828.29888012
-1828.31348974
-1828.31597395
-1828.30621615
-1828.28789565
-1828.26726841
-1828.25115477
-1828.24476676
-1828.25006897
-1828.26518620
-1828.28503962
-1828.30300528
-1828.31305863
-1828.31172062
-1828.29917642
-1828.27921114
-1828.25800283
-1828.24215356
-1828.23659259
-1828.24301445
-1828.25932426
-1828.28026358
-1828.29902453
-1828.30934565
-1828.30744489
-1828.29318500
-1828.27011304
-1828.24435929
-1828.22273913
-1828.21065971
-1828.21047453
-1828.22079549
-1828.23698050
-1828.25264235
-1828.26170615
-1828.26037213
-1828.24836460
-1828.22905575
-1828.20842290
-1828.19316866
-1828.18860015
-1828.18860015
-1828.19694847
-1828.21664188
-1828.24275760
-1828.26849919
-1828.28724899
-1828.29454998
-1828.28941903
-1828.27456793
-1828.25548314
-1828.23864262
-1828.22943563
-1828.23043163
-1828.24055933
-1828.25546360
-1828.26892891
-1828.27492235
-1828.26958573
-1828.25255096
-1828.22714392
-1828.19944098
-1828.17647495
-1828.16416772
-1828.16560405
-1828.18015551
-1828.20371105
-1828.22994635
-1828.25224739
-1828.26570604
-1828.26856034
-1828.26264514
-1828.25270920
-1828.24480753
-1828.24428319
-1828.25396486
-1828.27315331
-1828.29771810
-1828.32129714
-1828.33722459
-1828.34060167
-1828.32986058
-1828.30733541
-1828.27864919
-1828.25110235
-1828.23154932
-1828.22440240
-1828.23038488
-1828.24639858
-1828.26655443
-1828.28402179
-1828.29313617
-1828.29110787
-1828.27882477
-1828.26049121
-1828.24223153
-1828.23007753
-1828.22797803
-1828.23647215
-1828.25245233
-1828.27011549
-1828.28280028
-1828.28510691
-1828.27462579
-1828.25271723
-1828.22414503
-1828.19571371
-1828.17433800
-1828.16509022
-1828.16976029
-1828.18636695
-1828.20978620
-1828.23333023
-1828.25080654
-1828.25840984
-1828.25586628
-1828.24646403
-1828.23597609
-1828.23081365
-1828.23597082
-1828.25338173
-1828.28117329
-1828.31405822
-1828.34475657
-1828.36604905
-1828.37284805
-1828.36366415
-1828.34103486
-1828.31078281
-1828.28033448
-1828.25658462
-1828.24395205
-1828.24318471
-1828.25127452
-1828.26249676
-1828.27026202
-1828.26921710
-1828.25697278
-1828.23493967
-1828.20801515
-1828.18319744
-1828.16753535
-1828.16602323
-1828.18008096
-1828.20707711
-1828.24104819
-1828.27439158
-1828.30001673
-1828.31331161
-1828.31334318
-1828.30296448
-1828.28782860
-1828.27462836
-1828.26907002
-1828.27416236
-1828.28931604
-1828.31051651
-1828.33152472
-1828.34575362
-1828.34826354
-1828.33727602
-1828.31474894
-1828.28583775
-1828.25739477
-1828.23598364
-1828.22600287
-1828.22849460
-1828.24097439
-1828.25829959
-1828.27428916
-1828.28357540
-1828.28314378
-1828.27311253
-1828.25656714
-1828.23853928
-1828.22445531
-1828.21852743
-1828.22254101
-1828.23538332
-1828.25343653
-1828.27168793
-1828.28523763
-1828.29073728
-1828.28735104
-1828.27695442
-1828.26351933
-1828.25187528
-1828.24622752
-1828.24887940
-1828.25955804
-1828.27553521
-1828.29250300
-1828.30592144
-1828.31241827
-1828.31080816
-1828.30242300
-1828.29066122
-1828.27990213
-1828.27411982
-1828.27563304
-1828.28437688
-1828.29792085
-1828.31222820
-1828.32290961
-1828.32658682
-1828.32193928
-1828.31011995
-1828.29440701
-1828.27920708
-1828.26871865
-1828.26566211
-1828.27047571
-1828.28121625
-1828.29420574
-1828.30520858
-1828.31077023
-1828.30929396
-1828.30151508
-1828.29023846
-1828.27944431
-1828.27304449
-1828.27368916
-1828.28197101
-1828.29626864
-1828.31325275
-1828.32889250
-1828.33964541
-1828.34346306
-1828.34032384
-1828.33212916
-1828.32202505
-1828.31335993
-1828.30861966
-1828.30866930
-1828.31253764
-1828.31779623
-1828.32138173
-1828.32060269
-1828.31399812
-1828.30179294
-1828.28583313
-1828.26904130
-1828.25457047
-1828.24493160
-1828.24133954
-1828.24346740
-1828.24965450
-1828.25748209
-1828.26453270
-1828.26909576
-1828.27060461
-1828.26967410
-1828.26773864
-1828.26644202
-1828.26699153
-1828.26971925
-1828.27399004
-1828.27848186
-1828.28171890
-1828.28265815
-1828.28110665
-1828.27781447
-1828.27421370
-1828.27188462
-1828.27195285
-1828.27462820
-1828.27906966
-1828.28363349
-1828.28642736
-1828.28597848
-1828.28177748
-1828.27450131
-1828.26582582
-1828.25789229
-1828.25258207
-1828.25083842
-1828.25227418
-1828.25520695
-1828.25715164
-1828.25562954
-1828.24903627
-1828.23729249
-1828.22203480
-1828.20627101
-1828.19358047
-1828.18709043
-1828.18852862
-1828.19765972
-1828.21228913
-1828.22886949
-1828.24354611
-1828.25332222
-1828.25699088
-1828.25551819
-1828.25173334
-1828.24940736
-1828.25197701
-1828.26132156
-1828.27698673
-1828.29612896
-1828.31422934
-1828.32638648
-1828.32879885
-1828.31997481
-1828.30128598
-1828.27666288
-1828.25151684
-1828.23119544
-1828.21945204
-1828.21739321
-1828.22323660
-1828.23295618
-1828.24160446
-1828.24491636
-1828.24067305
-1828.22941947
-1828.21431013
-1828.20012849
-1828.19178575
-1828.19276434
-1828.20398184
-1828.22342609
-1828.24668941
-1828.26824396
-1828.28307378
-1828.28815986
-1828.28335440
-1828.27137782
-1828.25694340
-1828.24528520
-1828.24054323
-1828.24449252
-1828.25599352
-1828.27133733
-1828.28538414
-1828.29316130
-1828.29142732
-1828.27972383
-1828.26057417
-1828.23876195
-1828.21989995
-1828.20873128
-1828.20768417
-1828.21614467
-1828.23066612
-1828.24606388
-1828.25704716
-1828.25989096
-1828.25362785
-1828.24038866
-1828.22477839
-1828.21246676
-1828.20840290
-1828.21522251
-1828.23234354
-1828.25606224
-1828.28063016
-1828.29997189
-1828.30950526
-1828.30749821
-1828.29555235
-1828.27806708
-1828.26086726
-1828.24939757
-1828.24705700
-1828.25416680
-1828.26789622
-1828.28316452
-1828.29423849
-1828.29653777
-1828.28808671
-1828.27017294
-1828.24701698
-1828.22454179
-1828.20862696
-1828.20335911
-1828.20981947
-1828.22576427
-1828.24630122
-1828.26535156
-1828.27746228
-1828.27941922
-1828.27117887
-1828.25584009
-1828.23865760
-1828.22540297
-1828.22057437
-1828.22599982
-1828.24026711
-1828.25915467
-1828.27692937
-1828.28811495
-1828.28919437
-1828.27972314
-1828.26251985
-1828.24286069
-1828.22692043
-1828.21992375
-1828.22457397
-1828.24024100
-1828.26315396
-1828.28753328
-1828.30731645
-1828.31795362
-1828.31773067
-1828.30821282
-1828.29367323
-1828.27967694
-1828.27126378
-1828.27128317
-1828.27942130
-1828.29221270
-1828.30407052
-1828.30901439
-1828.30258996
-1828.28338845
-1828.25368494
-1828.21895657
-1828.18640250
-1828.16289351
-1828.15299072
-1828.15765260
-1828.17402929
-1828.19641049
-1828.21801927
-1828.23308749
-1828.23856883
-1828.23497635
-1828.22610233
-1828.21772908
-1828.21572235
-1828.22409521
-1828.24362463
-1828.27144766
-1828.30177006
-1828.32749171
-1828.34227640
-1828.34244752
-1828.32812963
-1828.30327654
-1828.27454652
-1828.24937399
-1828.23380707
-1828.23078546
-1828.23936844
-1828.25513321
-1828.27161477
-1828.28233249
-1828.28279028
-1828.27184626
-1828.25204950
-1828.22885110
-1828.20892486
-1828.19812835
-1828.19970093
-1828.21327294
-1828.23497253
-1828.25861029
-1828.27757183
-1828.28684285
-1828.28452794
-1828.27239312
-1828.25526375
-1828.23946426
-1828.23081772
-1828.23282978
-1828.24562797
-1828.26596111
-1828.28824274
-1828.30629056
-1828.31523586
-1828.31299748
-1828.30088490
-1828.28315324
-1828.26565123
-1828.25398599
-1828.25177353
-1828.25950557
-1828.27439323
-1828.29122201
-1828.30395648
-1828.30760700
-1828.29976550
-1828.28135417
-1828.25635854
-1828.23063022
-1828.21013535
-1828.19918344
-1828.19918293
-1828.20829347
-1828.22208559
-1828.23499921
-1828.24214705
-1828.24089573
-1828.23172892
-1828.21811960
-1828.20544364
-1828.19927407
-1828.20357679
-1828.21936083
-1828.24419600
-1828.27277200
-1828.29836398
-1828.31478103
-1828.31820128
-1828.30830129
-1828.28831385
-1828.26400559
-1828.24190792
-1828.22735952
-1828.22296603
-1828.22793164
-1828.23845944
-1828.24906900
-1828.25440941
-1828.25100899
-1828.23842248
-1828.21943506
-1828.19925824
-1828.18396313
-1828.17862338
-1828.18573486
-1828.20439488
-1828.23049749
-1828.25788460
-1828.28011373
-1828.29230746
-1828.29254110
-1828.28234860
-1828.26621036
-1828.25016492
-1828.23997277
-1828.23937826
-1828.24898666
-1828.26609631
-1828.28553552
-1828.30126030
-1828.30823452
-1828.30402083
-1828.28958821
-1828.26907072
-1828.24854070
-1828.23417162
-1828.23036070
-1828.23838354
-1828.25601417
-1828.27821649
-1828.29869653
-1828.31181581
-1828.31426363
-1828.30597446
-1828.29005167
-1828.27174847
-1828.25682798
-1828.24977745
-1828.25240260
-1828.26324296
-1828.27800616
-1828.29090390
-1828.29648576
-1828.29139566
-1828.27549884
-1828.25202076
-1828.22665777
-1828.20592590
-1828.19525542
-1828.19741402
-1828.21173016
-1828.23433746
-1828.25935521
-1828.28062448
-1828.29348586
-1828.29606034
-1828.28967557
-1828.27833324
-1828.26738924
-1828.26185618
-1828.26483324
-1828.27653357
-1828.29420121
-1828.31293976
-1828.32718976
-1828.33241772
-1828.32649114
-1828.31034297
-1828.28771445
-1828.26406913
-1828.24501000
-1828.23466417
-1828.23453119
-1828.24312088
-1828.25648339
-1828.26946304
-1828.27731966
-1828.27724018
-1828.26927091
-1828.25636153
-1828.24347568
-1828.23604598
-1828.23826032
-1828.25171753
-1828.27487871
-1828.30347254
-1828.33172193
-1828.35400099
-1828.36641419
-1828.36780331
-1828.35991226
-1828.34666357
-1828.33282286
-1828.32247782
-1828.31781211
-1828.31853225
-1828.32207530
-1828.32446842
-1828.32159321
-1828.31052215
-1828.29060146
-1828.26391270
-1828.23487988
-1828.20909606
-1828.19174391
-1828.18611470
-1828.19269841
-1828.20911010
-1828.23085214
-1828.25266642
-1828.27004509
-1828.28044856
-1828.28387864
-1828.28265645
-1828.28050227
-1828.28121272
-1828.28734600
-1828.29931331
-1828.31515365
-1828.33105814
-1828.34249768
-1828.34561573
-1828.33846751
-1828.32172467
-1828.29861002
-1828.27407047
-1828.25342033
-1828.24087035
-1828.23837362
-1828.24513633
-1828.25792836
-1828.27208193
-1828.28287863
-1828.28691156
-1828.28302379
-1828.27254550
-1828.25877405
-1828.24587395
-1828.23753363
-1828.23581340
-1828.24052409
-1828.24932431
-1828.25849634
-1828.26415648
-1828.26352262
-1828.25584977
-1828.24273821
-1828.22771420
-1828.21521465
-1828.20929083
-1828.21244807
-1828.22494905
-1828.24476807
-1828.26816914
-1828.29072046
-1828.30845000
-1828.31881915
-1828.32127285
-1828.31722398
-1828.30950263
-1828.30144732
-1828.29588975
-1828.29431666
-1828.29644563
-1828.30033025
-1828.30298770
-1828.30138615
-1828.29348451
-1828.27899235
-1828.25958093
-1828.23848586
-1828.21961734
-1828.20647409
-1828.20118143
-1828.20395515
-1828.21312130
-1828.22568198
-1828.23823899
-1828.24798736
-1828.25347239
-1828.25488744
-1828.25384567
-1828.25271140
-1828.25373696
-1828.25827882
-1828.26633870
-1828.27655206
-1828.28660400
-1828.29393307
-1828.29650959
-1828.29345321
-1828.28532135
-1828.27399191
-1828.26217037
-1828.25266983
-1828.24766628
-1828.24814434
-1828.25369351
-1828.26270562
-1828.27288624
-1828.28190896
-1828.28802489
-1828.29047865
-1828.28963414
-1828.28678701
-1828.28372529
-1828.28214632
-1828.28310092
-1828.28662370
-1828.29167378
-1828.29642880
-1828.29885290
-1828.29735995
-1828.29135714
-1828.28148466
-1828.26949200
-1828.25778862
-1828.24880356
-1828.24433150
-1828.24505584
-1828.25038005
-1828.25863226
-1828.26757934
-1828.27508860
-1828.27973982
-1828.28119589
-1828.28023011
-1828.27839508
-1828.27745889
-1828.27878830
-1828.28289030
-1828.28925780
-1828.29653514
-1828.30291886
-1828.30665261
-1828.30647530
-1828.30191347
-1828.29336443
-1828.28196035
-1828.26926778
-1828.25690226
-1828.24617459
-1828.23786660
-1828.23217621
-1828.22880145
-1828.22710905
-1828.22633861
-1828.22580812
-1828.22507981
-1828.22406822
-1828.22306048
-1828.22264875
-1828.22359033
-1828.22663566
-1828.23235164
-1828.24097903
-1828.25235063
-1828.26589124
-1828.28070037
-1828.29570004
-1828.30982474
-1828.32220029
-1828.33227262
-1828.33986362
-1828.34514194
-1828.34853790
-1828.35061997
-1828.35196986
-1828.35306158
-1828.35415817
-1828.35523403
-1828.35593044
-1828.35558412
-1828.35335666
-1828.34847237
-1828.34051146
-1828.32966192
-1828.31682633
-1828.30351806
-1828.29155364
-1828.28262160
-1828.27785224
-1828.27751234
-1828.28092225
-1828.28663732
-1828.29284795
-1828.29790235
-1828.30079034
-1828.30143265
-1828.30068519
-1828.30003406
-1828.30108574
-1828.30499818
-1828.31203241
-1828.32137605
-1828.33131653
-1828.33973297
-1828.34473790
-1828.34524757
-1828.34129318
-1828.33399555
-1828.32523000
-1828.31709901
-1828.31138235
-1828.30911367
-1828.31038330
-1828.31437635
-1828.31961810
-1828.32436780
-1828.32711353
-1828.32704144
-1828.32430599
-1828.31996370
-1828.31557993
-1828.31265704
-1828.31208423
-1828.31380368
-1828.31680233
-1828.31942697
-1828.31990743
-1828.31692381
-1828.31004898
-1828.29992230
-1828.28812625
-1828.27677375
-1828.26793121
-1828.26302649
-1828.26241631
-1828.26526634
-1828.26981476
-1828.27395630
-1828.27595503
-1828.27502803
-1828.27159932
-1828.26713055
-1828.26360344
-1828.26282510
-1828.26581492
-1828.27246346
-1828.28157724
-1828.29126487
-1828.29952640
-1828.30484627
-1828.30661313
-1828.30524879
-1828.30202172
-1828.29860236
-1828.29650122
-1828.29656603
-1828.29870451
-1828.30193564
-1828.30472966
-1828.30553131
-1828.30327736
-1828.29773909
-1828.28959939
-1828.28023354
-1828.27127826
-1828.26412984
-1828.25953268
-1828.25738787
-1828.25684332
-1828.25662738
-1828.25552444
-1828.25282573
-1828.24859646
-1828.24367506
-1828.23940666
-1828.23720835
-1828.23810697
-1828.24237879
-1828.24939581
-1828.25773692
-1828.26554878
-1828.27107223
-1828.27318268
-1828.27175319
-1828.26770505
-1828.26271298
-1828.25866511
-1828.25704353
-1828.25842647
-1828.26226767
-1828.26702593
-1828.27061530
-1828.27105556
-1828.26711752
-1828.25875809
-1828.24719776
-1828.23460290
-1828.22346548
-1828.21587860
-1828.21292508
-1828.21437992
-1828.21882402
-1828.22416278
-1828.22837940
-1828.23027160
-1828.22990042
-1828.22859893
-1828.22852469
-1828.23192726
-1828.24035043
-1828.25403468
-1828.27170828
-1828.29083368
-1828.30826280
-1828.32108921
-1828.32745399
-1828.32705661
-1828.32121873
-1828.31246516
-1828.30375249
-1828.29755982
-1828.29513633
-1828.29614561
-1828.29884626
-1828.30072446
-1828.29936361
-1828.29324715
-1828.28226555
-1828.26777396
-1828.25220620
-1828.23837443
-1828.22865633
-1828.22432000
-1828.22518168
-1828.22970496
-1828.23551454
-1828.24017597
-1828.24198408
-1828.24052547
-1828.23681524
-1828.23298167
-1828.23158348
-1828.23477888
-1828.24360743
-1828.25762118
-1828.27497147
-1828.29292508
-1828.30863414
-1828.31993107
-1828.32590821
-1828.32712138
-1828.32534660
-1828.32296782
-1828.32215881
-1828.32412520
-1828.32865735
-1828.33415829
-1828.33815236
-1828.33809816
-1828.33224914
-1828.32028115
-1828.30348871
-1828.28448479
-1828.26648543
-1828.25239249
-1828.24396965
-1828.24135392
-1828.24306240
-1828.24647726
-1828.24865417
-1828.24721227
-1828.24107073
-1828.23082701
-1828.21865228
-1828.20771577
-1828.20128384
-1828.20176036
-1828.20995375
-1828.22478316
-1828.24352328
-1828.26251633
-1828.27816706
-1828.28793639
-1828.28793639
-1828.29106562
-1828.28878116
-1828.28390249
-1828.27994463
-1828.27997491
-1828.28558835
-1828.29632429
-1828.30972312
-1828.32202405
-1828.32930163
-1828.32869947
-1828.31936939
-1828.30280281
-1828.28244569
-1828.26270371
-1828.24765358
-1828.23985566
-1828.23962425
-1828.24497706
-1828.24497706
-1828.25228049
-1828.25739265
-1828.25697883
-1828.24958853
-1828.23616443
-1828.21981660
-1828.20491051
-1828.19574302
-1828.19521688
-1828.19521688
-1828.20393527
-1828.22000246
-1828.23959016
-1828.25807172
-1828.27137594
-1828.27715077
-1828.27541109
-1828.26848538
-1828.26028427
-1828.25509240
-1828.25623569
-1828.26500879
-1828.28020651
-1828.29841146
-1828.31497299
-1828.32538747
-1828.32665270
-1828.31818710
-1828.30202338
-1828.28222721
-1828.26370134
-1828.25074350
-1828.24579164
-1828.24872251
-1828.25692831
-1828.26613777
-1828.27174994
-1828.27028746
-1828.26053131
-1828.24397201
-1828.22442781
-1828.20693045
-1828.19621018
-1828.19525421
-1828.20438823
-1828.22116380
-1828.24108249
-1828.25892842
-1828.27030291
-1828.27289414
-1828.26711201
-1828.25590952
-1828.24385896
-1828.23576282
-1828.23520941
-1828.24348918
-1828.25918039
-1828.27852107
-1828.29647821
-1828.30819865
-1828.31043501
-1828.30252124
-1828.28660774
-1828.26707341
-1828.24926143
-1828.23791417
-1828.23575278
-1828.24263970
-1828.25558945
-1828.26963410
-1828.27930701
-1828.28029033
-1828.27074050
-1828.25189035
-1828.22774431
-1828.20394571
-1828.18615348
-1828.17841091
-1828.18198135
-1828.19501591
-1828.21313910
-1828.23078758
-1828.24289935
-1828.24644241
-1828.24133337
-1828.23045342
-1828.21877117
-1828.21182702
-1828.21404432
-1828.22737376
-1828.25067135
-1828.25067135
-1828.27998716
-1828.30966041
-1828.33388326
-1828.34827114
-1828.35100155
-1828.34320102
-1828.32849823
-1828.31187989
-1828.29817801
-1828.29064553
-1828.29002627
-1828.29441061
-1828.29990512
-1828.29990512
-1828.30190709
-1828.29660700
-1828.28225122
-1828.25980555
-1828.23281389
-1828.20649899
-1828.18634897
-1828.17660275
-1828.17905695
-1828.19254683
-1828.21326055
-1828.23580593
-1828.25473261
-1828.26606481
-1828.26838424
-1828.26313658
-1828.25406560
-1828.24594296
-1828.24300304
-1828.24756980
-1828.25931189
-1828.27535794
-1828.29122255
-1828.30224282
-1828.30505843
-1828.29867475
-1828.28478461
-1828.26725506
-1828.25095755
-1828.24030823
-1828.23796952
-1828.24408325
-1828.25628292
-1828.27044215
-1828.28194478
-1828.28706734
-1828.28406700
-1828.27366047
-1828.25876155
-1828.24357369
-1828.23231246
-1828.22792401
-1828.23118525
-1828.24046287
-1828.25219575
-1828.26196613
-1828.26583458
-1828.26583458
-1828.26154460
-1828.24923222
-1828.23144219
-1828.21243706
-1828.19699215
-1828.18903073
-1828.19047890
-1828.20068827
-1828.21659580
-1828.23359130
-1828.24685031
-1828.25274817
-1828.24993741
-1828.23974455
-1828.22575688
-1828.22575688
-1828.21270586
-1828.21270586
-1828.20499938
-1828.20537176
-1828.21406463
-1828.22878957
-1828.24545829
-1828.25944801
-1828.26699924
-1828.26633642
-1828.25816267
-1828.24541035
-1828.23231407
-1828.22310434
-1828.22071739
-1828.22591202
-1828.23704990
-1828.25059787
-1828.26219500
-1828.26795320
-1828.26562421
-1828.25527434
-1828.23928128
-1828.22165791
-1828.20691369
-1828.19879287
-1828.19925310
-1828.20795464
-1828.22239740
-1828.23864101
-1828.25241326
-1828.26029241
-1828.26064174
-1828.25403124
-1828.24304089
-1828.23149631
-1828.22334420
-1828.22149139
-1828.22693527
-1828.23842884
-1828.25281348
-1828.26592057
-1828.27379885
-1828.27390215
-1828.26587476
-1828.25168918
-1828.23509207
-1828.22053005
-1828.21188987
-1828.21141955
-1828.21915652
-1828.23299821
-1828.23299821
-1828.24938671
-1828.26437693
-1828.27477207
-1828.27898688
-1828.27740668
-1828.27214643
-1828.26631102
-1828.26299164
-1828.26430425
-1828.27074751
-1828.28104975
-1828.29254914
-1828.30197209
-1828.30639598
-1828.30410119
-1828.29507062
-1828.28099601
-1828.26481015
-1828.24989333
-1828.23919180
-1828.23449187
-1828.23603985
-1828.24257138
-1828.25172749
-1828.26072784
-1828.26712463
-1828.26945187
-1828.26759096
-1828.26275229
-1828.25705726
-1828.25283415
-1828.25183727
-1828.25462735
-1828.26031277
-1828.26675181
-1828.27115460
-1828.27090689
-1828.26437683
-1828.25145336
-1828.23367631
-1828.21390966
-1828.19564341
-1828.18211847
-1828.17550861
-1828.17640683
-1828.18375537
-1828.19524529
-1828.20805268
-1828.21969176
-1828.22872576
-1828.23511860
-1828.24013475
-1828.24581368
-1828.25419511
-1828.26653322
-1828.28274641
-1828.30127250
-1828.31938285
-1828.33386586
-1828.34189005
-1828.34179981
-1828.33361898
-1828.31912147
-1828.30142850
-1828.28423848
-1828.27088430
