-1828.25551725
-1828.25955440
-1828.25889645
-1828.25256411
-1828.24150001
-1828.22833228
-1828.21660314
-1828.20969404
-1828.20977535
-1828.21709959
-1828.22987620
-1828.24476909
-1828.25787040
-1828.26585186
-1828.26694221
-1828.26143200
-1828.25155920
-1828.24081501
-1828.23288900
-1828.23056820
-1828.23492271
-1828.24499523
-1828.25807861
-1828.27048951
-1828.27861390
-1828.27993345
-1828.27374758
-1828.26138387
-1828.24584074
-1828.23094018
-1828.22024684
-1828.21605208
-1828.21873813
-1828.22669864
-1828.23684522
-1828.24554330
-1828.24971767
-1828.24779558
-1828.24020908
-1828.22929165
-1828.21858437
-1828.21176039
-1828.21148305
-1828.21855719
-1828.23164309
-1828.24761743
-1828.26248255
-1828.27254474
-1828.27551320
-1828.27118743
-1828.26153680
-1828.25014035
-1828.24115180
-1828.23807415
-1828.24270429
-1828.25456157
-1828.27097581
-1828.28783414
-1828.30077641
-1828.30648247
-1828.30366796
-1828.29347507
-1828.27913303
-1828.26500420
-1828.25530331
-1828.25287850
-1828.25839997
-1828.27017882
-1828.28465994
-1828.29744168
-1828.30452906
-1828.30347151
-1828.29404942
-1828.27832101
-1828.26002443
-1828.24349895
-1828.23245976
-1828.22897180
-1828.23292146
-1828.24213332
-1828.25308952
-1828.26203616
-1828.26615029
-1828.26442062
-1828.25797495
-1828.24976145
-1828.24366662
-1828.24332638
-1828.24332638
-1828.24332638
-1828.25098228
-1828.26672466
-1828.28833425
-1828.31178901
-1828.33230591
-1828.34562422
-1828.34917341
-1828.34275987
-1828.32857366
-1828.31049653
-1828.29293660
-1828.27953230
-1828.27212555
-1828.27029475
-1828.27158519
-1828.27236784
-1828.26906039
-1828.25934019
-1828.24297634
-1828.22202298
-1828.20031736
-1828.18243706
-1828.17241837
-1828.17262533
-1828.18309496
-1828.20154743
-1828.22404690
-1828.24610607
-1828.26388969
-1828.27515912
-1828.27969904
-1828.27913901
-1828.27913901
-1828.27625873
-1828.27400754
-1828.27454382
-1828.27856191
-1828.28510854
-1828.29191687
-1828.29616365
-1828.29539485
-1828.28833733
-1828.27534336
-1828.25835469
-1828.24041358
-1828.22488250
-1828.21457687
-1828.21103180
-1828.21411449
-1828.22208991
-1828.23214583
-1828.24120732
-1828.24681380
-1828.24778970
-1828.24451387
-1828.23872843
-1828.23293896
-1828.22959575
-1828.23030970
-1828.23534320
-1828.24353400
-1828.25267465
-1828.26019608
-1828.26395495
-1828.26287066
-1828.25723361
-1828.24861038
-1828.23938574
-1828.23207932
-1828.22864857
-1828.22996848
-1828.23562385
-1828.24407269
-1828.25311387
-1828.26051955
-1828.26463326
-1828.26477347
-1828.26133821
-1828.25560725
-1828.24931633
-1828.24413077
-1828.24116660
-1828.24069269
-1828.24208716
-1828.24406130
-1828.24508425
-1828.24388999
-1828.23990481
-1828.23346618
-1828.22573740
-1828.21833525
-1828.21280980
-1828.21016041
-1828.21056466
-1828.21338681
-1828.21742685
-1828.22129937
-1828.22129937
-1828.22381948
-1828.22430209
-1828.22269389
-1828.21952320
-1828.21569395
-1828.21219781
-1828.20982774
-1828.20897317
-1828.20954535
-1828.21104632
-1828.21275269
-1828.21395914
-1828.21420258
-1828.21340099
-1828.21185656
-1828.25551725
-1828.25955440
-1828.25889645
-1828.25256411
-1828.24150001
-1828.22833228
-1828.21660314
-1828.20969404
-1828.20977535
-1828.21709959
-1828.22987620
-1828.24476909
-1828.25787040
-1828.26585186
-1828.26694221
-1828.26143200
-1828.25155920
-1828.24081501
-1828.23288900
-1828.23056820
-1828.23492271
-1828.24499523
-1828.25807861
-1828.27048951
-1828.27861390
-1828.27993345
-1828.27374758
-1828.26138387
-1828.24584074
-1828.23094018
-1828.22024684
-1828.21605208
-1828.21873813
-1828.22669864
-1828.23684522
-1828.24554330
-1828.24971767
-1828.24779558
-1828.24020908
-1828.22929165
-1828.21858437
-1828.21176039
-1828.21148305
-1828.21855719
-1828.23164309
-1828.24761743
-1828.26248255
-1828.27254474
-1828.27551320
-1828.27118743
-1828.26153680
-1828.25014035
-1828.24115180
-1828.23807415
-1828.24270429
-1828.25456157
-1828.27097581
-1828.28783414
-1828.30077641
-1828.30648247
-1828.30366796
-1828.29347507
-1828.27913303
-1828.26500420
-1828.25530331
-1828.25287850
-1828.25839997
-1828.27017882
-1828.28465994
-1828.29744168
-1828.30452906
-1828.30347151
-1828.29404942
-1828.27832101
-1828.26002443
-1828.24349895
-1828.23245976
-1828.22897180
-1828.23292146
-1828.24213332
-1828.25308952
-1828.26203616
-1828.26615029
-1828.26442062
-1828.25797495
-1828.24976145
-1828.24366662
-1828.24332638
-1828.25098228
-1828.26672466
-1828.28833425
-1828.31178901
-1828.33230591
-1828.34562422
-1828.34917341
-1828.34275987
-1828.32857366
-1828.31049653
-1828.29293660
-1828.27953230
-1828.27212555
-1828.27029475
-1828.27158519
-1828.27236784
-1828.26906039
-1828.25934019
-1828.24297634
-1828.22202298
-1828.20031736
-1828.18243706
-1828.17241837
-1828.17262533
-1828.18309496
-1828.20154743
-1828.22404690
-1828.24610607
-1828.26388969
-1828.27515912
-1828.27969904
-1828.27913901
-1828.27913901
-1828.27625873
-1828.27400754
-1828.27454382
-1828.27856191
-1828.28510854
-1828.29191687
-1828.29616365
-1828.29539485
-1828.28833733
-1828.27534336
-1828.25835469
-1828.24041358
-1828.22488250
-1828.21457687
-1828.21103180
-1828.21411449
-1828.22208991
-1828.23214583
-1828.24120732
-1828.24681380
-1828.24778970
-1828.24451387
-1828.23872843
-1828.23293896
-1828.22959575
-1828.23030970
-1828.23030970
-1828.23534320
-1828.24353400
-1828.25267465
-1828.26019608
-1828.26395495
-1828.26287066
-1828.25723361
-1828.24861038
-1828.23938574
-1828.23207932
-1828.22864857
-1828.22996848
-1828.22996848
-1828.22996848
-1828.23562385
-1828.24407269
-1828.25311387
-1828.26051955
-1828.26463326
-1828.26477347
-1828.26133821
-1828.25560725
-1828.24931633
-1828.24413077
-1828.24116660
-1828.24069269
-1828.24208716
-1828.24406130
-1828.24508425
-1828.24388999
-1828.23990481
-1828.23346618
-1828.22573740
-1828.21833525
-1828.21280980
-1828.21016041
-1828.21056466
-1828.21338681
-1828.21742685
-1828.22129937
-1828.22381948
-1828.22430209
-1828.22269389
-1828.21952320
-1828.21569395
-1828.21219781
-1828.20982774
-1828.20897317
-1828.20954535
-1828.21104632
-1828.21275269
-1828.21395914
-1828.21420259
-1828.21340099
-1828.21185656
-1828.21013536
-1828.20885909
-1828.20849963
-1828.20923399
-1828.21091214
-1828.21312507
-1828.21534943
-1828.21709345
-1828.21801773
-1828.21799362
-1828.21711763
-1828.21566457
-1828.21401395
-1828.21254782
-1828.21155832
-1828.21117602
-1828.21132419
-1828.21171340
-1828.21187754
-1828.21126378
-1828.20936118
-1828.20584462
-1828.20069469
-1828.19425609
-1828.18721534
-1828.18049647
-1828.17510690
-1828.17196471
-1828.17174495
-1828.17477934
-1828.18102494
-1828.19010622
-1828.20141865
-1828.21425244
-1828.22792755
-1828.24188286
-1828.25571655
-1828.26916287
-1828.26916287
-1828.28201954
-1828.29405825
-1828.30495570
-1828.31426706
-1828.32144991
-1828.32593275
-1828.32720299
-1828.32491559
-1828.31899239
-1828.30971027
-1828.29772294
-1828.28400725
-1828.26972455
-1828.25602203
-1828.24383216
-1828.23373381
-1828.22590884
-1828.22021540
-1828.21635695
-1828.21410407
-1828.21348392
-1828.21486505
-1828.21887970
-1828.22618940
-1828.23716876
-1828.25160865
-1828.26854339
-1828.28628707
-1828.30267643
-1828.31549463
-1828.32296113
-1828.32416037
-1828.31926754
-1828.30948745
-1828.29671296
-1828.28300870
-1828.27008152
-1828.25890167
-1828.24959328
-1828.24161193
-1828.23413829
-1828.22655601
-1828.21883671
-1828.21170248
-1828.20650510
-1828.20485766
-1828.20815244
-1828.21710890
-1828.23148972
-1828.25004966
-1828.27073174
-1828.29105829
-1828.30862360
-1828.32157024
-1828.32893800
-1828.33079575
-1828.32812949
-1828.32251790
-1828.31566690
-1828.30893673
-1828.30297909
-1828.29759592
-1828.29187256
-1828.28455302
-1828.27455065
-1828.26142674
-1828.24568238
-1828.22876668
-1828.21281209
-1828.20015288
-1828.19276919
-1828.19178811
-1828.19718863
-1828.20780787
-1828.22165680
-1828.23646465
-1828.25029307
-1828.26202315
-1828.27157104
-1828.27975089
-1828.28783416
-1828.29695214
-1828.30753953
-1828.31902014
-1828.32984520
-1828.33790431
-1828.34117862
-1828.33843059
-1828.32969342
-1828.31638510
-1828.30100273
-1828.28648186
-1828.27540372
-1828.26929020
-1828.26820052
-1828.27074987
-1828.27456220
-1828.27703635
-1828.27618618
-1828.27128976
-1828.26313314
-1828.25375418
-1828.24577280
-1828.24152137
-1828.24226570
-1828.24775365
-1828.25624720
-1828.26502178
-1828.27118830
-1828.27258461
-1828.26846582
-1828.25977960
-1828.24893333
-1828.23911586
-1828.23336607
-1828.23366449
-1828.24031998
-1828.25184894
-1828.26539368
-1828.27756154
-1828.28543057
-1828.28741409
-1828.28372100
-1828.27625982
-1828.26803101
-1828.26217061
-1828.26095035
-1828.26504593
-1828.27331446
-1828.28315054
-1828.29131696
-1828.29498187
-1828.29263417
-1828.28459659
-1828.27297576
-1828.26107167
-1828.25241755
-1828.24974817
-1828.25418842
-1828.26491424
-1828.27939126
-1828.29411844
-1828.30566334
-1828.31166441
-1828.31150457
-1828.30644346
-1828.29917629
-1828.29294547
-1828.29048396
-1828.29311092
-1828.30026660
-1828.30962962
-1828.31779257
-1828.32130092
-1828.31774265
-1828.30656015
-1828.28932922
-1828.26941398
-1828.25107224
-1828.23828029
-1828.23361410
-1828.23753063
-1828.24827034
-1828.26240526
-1828.27588090
-1828.28522975
-1828.28860269
-1828.28629520
-1828.28060443
-1828.27506307
-1828.27327751
-1828.27774996
-1828.28902981
-1828.30547108
-1828.32365228
-1828.33932700
-1828.34862776
-1828.34915984
-1828.34067379
-1828.32511472
-1828.30605139
-1828.28765610
-1828.27353872
-1828.26578728
-1828.26448440
-1828.26782636
-1828.27279058
-1828.27613569
-1828.27542104
-1828.26977117
-1828.26014369
-1828.24905315
-1828.23983401
-1828.23565379
-1828.23856637
-1828.23856637
-1828.24887936
-1828.26501973
-1828.28392666
-1828.30187206
-1828.31545648
-1828.32250215
-1828.32258420
-1828.31705242
-1828.30855061
-1828.30017881
-1828.29455744
-1828.29307349
-1828.29552347
-1828.30025096
-1828.30473106
-1828.30640187
-1828.30349452
-1828.29559511
-1828.28378655
-1828.27034954
-1828.25812413
-1828.24973824
-1828.24692553
-1828.25011484
-1828.25840009
-1828.26986310
-1828.28214558
-1828.29308505
-1828.30123409
-1828.30613457
-1828.30828482
-1828.30883446
-1828.30911090
-1828.31013026
-1828.31224259
-1828.31500470
-1828.31500470
-1828.31732753
-1828.31782248
-1828.31525128
-1828.30892551
-1828.29894507
-1828.28620710
-1828.27219143
-1828.27219143
-1828.25860057
-1828.24695332
-1828.23826394
-1828.23287684
-1828.23049417
-1828.23036815
-1828.23158736
-1828.23336654
-1828.23525278
-1828.23719161
-1828.23944438
-1828.24239378
-1828.24631825
-1828.25121971
-1828.25676520
-1828.26235733
-1828.26730312
-1828.27102280
-1828.27322395
-1828.27398552
-1828.27372183
-1828.27303229
-1828.27248850
-1828.27242597
-1828.27242597
-1828.27283044
-1828.27336214
-1828.27351461
-1828.27285002
-1828.27120855
-1828.26880810
-1828.26618361
-1828.26399225
-1828.26276154
-1828.26267851
-1828.26350739
-1828.26465697
-1828.26538081
-1828.26503975
-1828.26333129
-1828.26041537
-1828.25688672
-1828.25361385
-1828.25150283
-1828.25125373
-1828.25318276
-1828.25714706
-1828.26257884
-1828.26863358
-1828.27440503
-1828.27915828
-1828.28250732
-1828.28449419
-1828.28553292
-1828.28624607
-1828.28724816
-1828.28893189
-1828.29133314
-1828.29411388
-1828.29665920
-1828.29827703
-1828.29842991
-1828.29694819
-1828.29415458
-1828.29083384
-1828.28803662
-1828.28674705
-1828.28753510
-1828.29030972
-1828.29429091
-1828.29822210
-1828.30075993
-1828.30091100
-1828.29837349
-1828.29365852
-1828.28795445
-1828.28277186
-1828.27947827
-1828.27886998
-1828.28092861
-1828.28484326
-1828.28928663
-1828.29286040
-1828.29455158
-1828.29406466
-1828.29191868
-1828.28926954
-1828.28751930
-1828.28783571
-1828.29073564
-1828.29587530
-1828.30211553
-1828.30784391
-1828.31144424
-1828.31178010
-1828.30852519
-1828.30225829
-1828.29428405
-1828.28623443
-1828.27957493
-1828.27516574
-1828.27302299
-1828.27233801
-1828.27176807
-1828.26990264
-1828.26576933
-1828.25923334
-1828.25115775
-1828.24325077
-1828.23764603
-1828.23629792
-1828.24038272
-1828.24987254
-1828.26341947
-1828.27861391
-1828.29256717
-1828.30267598
-1828.30733774
-1828.30639731
-1828.30117654
-1828.29405298
-1828.29405298
-1828.28771521
-1828.28431808
-1828.28480349
-1828.28860043
-1828.29380278
-1828.29777714
-1828.29801272
-1828.29294721
-1828.28250524
-1828.26818450
-1828.25265718
-1828.23901696
-1828.22989736
-1828.22673013
-1828.22935521
-1828.23611106
-1828.24434367
-1828.25120659
-1828.25449133
-1828.25324926
-1828.24801504
-1828.24057023
-1828.23331968
-1828.22849735
-1828.22744132
-1828.23016891
-1828.23537218
-1828.24082714
-1828.24408895
-1828.24326891
-1828.23766289
-1828.22804981
-1828.21654809
-1828.20606847
-1828.19950156
-1828.19888764
-1828.20480820
-1828.21619829
-1828.23064942
-1828.23064942
-1828.24510530
-1828.25675005
-1828.26381347
-1828.26604670
-1828.26472632
-1828.26219307
-1828.26106453
-1828.26337835
-1828.26992124
-1828.27995383
-1828.29141993
-1828.30156250
-1828.30776197
-1828.30832333
-1828.30296933
-1828.29289638
-1828.28037861
-1828.26806321
-1828.25818409
-1828.25193066
-1828.24916702
-1828.24857073
-1828.24814039
-1828.24591260
-1828.24065492
-1828.23231202
-1828.22206592
-1828.21198540
-1828.20438816
-1828.20112645
-1828.20301243
-1828.20957014
-1828.21918819
-1828.22962149
-1828.23866835
-1828.24482515
-1828.24768794
-1828.24799390
-1828.24729745
-1828.24739867
-1828.24972290
-1828.25484375
-1828.26229553
-1828.27072681
-1828.27832652
-1828.28339108
-1828.28485666
-1828.28263978
-1828.27767894
-1828.27164524
-1828.26643491
-1828.26358873
-1828.26383837
-1828.26691295
-1828.27164267
-1828.27634136
-1828.27932941
-1828.27944484
-1828.27638804
-1828.27079036
-1828.26399537
-1828.25762448
-1828.25306149
-1828.25101388
-1828.25127893
-1828.25278910
-1828.25393029
-1828.25303942
-1828.24894569
-1828.24139265
-1828.23118886
-1828.22004194
-1828.21010459
-1828.20337895
-1828.20117025
-1828.20375213
-1828.21035466
-1828.21945925
-1828.22929827
-1828.23838971
-1828.24593787
-1828.25197634
-1828.25722547
-1828.26271416
-1828.26930972
-1828.27731511
-1828.28626752
-1828.29500189
-1828.30195682
-1828.30561274
-1828.30493321
-1828.29967942
-1828.29051604
-1828.27888375
-1828.26666728
-1828.25576247
-1828.24766762
-1828.24320222
-1828.24243331
-1828.24480329
-1828.24940968
-1828.25532850
-1828.26187150
-1828.26868917
-1828.27570283
-1828.28291537
-1828.29019391
-1828.29712496
-1828.30299745
-1828.30692401
-1828.30804516
-1828.30575081
-1828.29984705
-1828.29062346
-1828.27879331
-1828.26533492
-1828.25128083
-1828.23752198
-1828.22468677
-1828.21312876
-1828.20302050
-1828.19452922
-1828.18799768
-1828.18406861
-1828.18367699
-1828.18787618
-1828.19753078
-1828.21292978
-1828.23344817
-1828.25741870
-1828.28235719
-1828.30551761
-1828.32457140
-1828.33812907
-1828.34594845
-1828.34878514
-1828.34796628
-1828.34483657
-1828.34026168
-1828.33433069
-1828.32639489
-1828.31541120
-1828.30049590
-1828.28148640
-1828.25931921
-1828.23606888
-1828.21460997
-1828.19798191
-1828.18862354
-1828.18771743
-1828.19484206
-1828.20806847
-1828.22448454
-1828.24099459
-1828.25514675
-1828.26573054
-1828.27295538
-1828.27817039
-1828.28323030
-1828.28323030
-1828.28972171
-1828.28972171
-1828.29830142
-1828.30835536
-1828.31808428
-1828.32498945
-1828.32661445
-1828.32132871
-1828.30891887
-1828.29080878
-1828.26982912
-1828.24959033
-1828.23362807
-1828.22455634
-1828.22345186
-1828.22964002
-1828.24092752
-1828.25423450
-1828.26643919
-1828.27521601
-1828.27962649
-1828.28028589
-1828.27906217
-1828.27837952
-1828.28034974
-1828.28598820
-1828.29476740
-1828.30465731
-1828.31266917
-1828.31574401
-1828.31174971
-1828.30025778
-1828.28285709
-1828.26286221
-1828.24448624
-1828.23170476
-1828.22715928
-1828.23143736
-1828.24295136
-1828.25845373
-1828.27402206
-1828.28619770
-1828.29294335
-1828.29412355
-1828.29138994
-1828.28751876
-1828.28543151
-1828.28720831
-1828.29339825
-1828.30282613
-1828.31293974
-1828.32057431
-1828.32289393
-1828.31823795
-1828.30662666
-1828.28979992
-1828.28979992
-1828.28979992
-1828.20684034
-1828.13741568
-1828.09614810
-1828.08967089
-1828.11495942
-1828.16052773
-1828.21010149
-1828.21010149
-1828.24764785
-1828.26223591
-1828.26223591
-1828.25125929
-1828.22105789
-1828.18476107
-1828.15802694
-1828.15399124
-1828.17897370
-1828.23027427
-1828.29674111
-1828.36196281
-1828.40911022
-1828.42596414
-1828.40858352
-1828.36249869
-1828.30106917
-1828.24150777
-1828.19979655
-1828.18602542
-1828.20156494
-1828.23891674
-1828.28424670
-1828.32180416
-1828.33885231
-1828.32958687
-1828.29685433
-1828.25115489
-1828.20726917
-1828.17957488
-1828.17751680
-1828.20262654
-1828.24799377
-1828.30033064
-1828.34398814
-1828.36569676
-1828.35858144
-1828.32424313
-1828.27226935
-1828.21734276
-1828.17483321
-1828.15621154
-1828.16568408
-1828.19904822
-1828.24510169
-1828.28915500
-1828.31756456
-1828.32189643
-1828.30144818
-1828.26338141
-1828.22042962
-1828.18690748
-1828.17426159
-1828.18751499
-1828.22370691
-1828.27278235
-1828.32065432
-1828.35349892
-1828.36197004
-1828.34405244
-1828.30567817
-1828.30567817
-1828.25892244
-1828.21832914
-1828.19648459
-1828.20019447
-1828.22843070
-1828.27267798
-1828.31957179
-1828.35500595
-1828.36844013
-1828.35607882
-1828.32195507
-1828.27660608
-1828.23376681
-1828.20612271
-1828.20142127
-1828.22014511
-1828.25544598
-1828.29533385
-1828.32644474
-1828.33820870
-1828.32614123
-1828.29325641
-1828.24917782
-1828.20723556
-1828.18043237
-1828.17751772
-1828.20034606
-1828.24331818
-1828.29505547
-1828.34178337
-1828.37139378
-1828.37695204
-1828.35859533
-1828.32326683
-1828.28241304
-1828.24836059
-1828.23052694
-1828.23261869
-1828.25164832
-1828.27905190
-1828.30350542
-1828.31457393
-1828.30605263
-1828.27797695
-1828.23669693
-1828.19299740
-1828.15884690
-1828.14378267
-1828.15202854
-1828.18122433
-1828.22314389
-1828.26617626
-1828.29880459
-1828.31299921
-1828.30650165
-1828.28330013
-1828.25219170
-1828.22391187
-1828.20773383
-1828.20858237
-1828.22553585
-1828.25217278
-1828.27864282
-1828.29481629
-1828.29353032
-1828.27291161
-1828.23705861
-1828.19485572
-1828.15731152
-1828.15731152
-1828.13423544
-1828.13129800
-1828.14836911
-1828.17964235
-1828.21547392
-1828.24534742
-1828.26103550
-1828.25898458
-1828.24121837
-1828.21451688
-1828.18815711
-1828.17093998
-1828.16842194
-1828.18120647
-1828.20480440
-1828.23109912
-1828.25093861
-1828.25705330
-1828.24639081
-1828.22114645
-1828.18817874
-1828.15698522
-1828.13685735
-1828.13409139
-1828.15012309
-1828.18114020
-1828.21927933
-1828.25500738
-1828.27994905
-1828.28929131
-1828.28305802
-1828.26588562
-1828.24538859
-1828.22964591
-1828.22457456
-1828.23203220
-1828.24923405
-1828.26968441
-1828.28531462
-1828.28912739
-1828.27750728
-1828.25146008
-1828.21641413
-1828.18065589
-1828.15289489
-1828.13971256
-1828.14366617
-1828.16262045
-1828.19049486
-1828.21917877
-1828.24101586
-1828.25108884
-1828.24860636
-1828.23696759
-1828.22249604
-1828.21226577
-1828.21172206
-1828.22286760
-1828.24358463
-1828.26828987
-1828.28969192
-1828.30109478
-1828.29852409
-1828.28202576
-1828.25573052
-1828.22667835
-1828.20275119
-1828.19035536
-1828.19256020
-1828.20825433
-1828.23257182
-1828.25844592
-1828.27879445
-1828.28866945
-1828.28670499
-1828.27542060
-1828.26029556
-1828.24792058
-1828.24381749
-1828.25062703
-1828.26723771
-1828.28910708
-1828.30967618
-1828.32241635
-1828.32287340
-1828.31006679
-1828.28682631
-1828.25896894
-1828.23358316
-1828.21695401
-1828.21276890
-1828.22115222
-1828.23879402
-1828.26012624
-1828.27913742
-1828.29125409
-1828.29469426
-1828.29088232
-1828.28382397
-1828.27866802
-1828.27993468
-1828.28998016
-1828.30817907
-1828.33107192
-1828.35340847
-1828.36974611
-1828.37609986
-1828.37112919
-1828.35650856
-1828.33637693
-1828.31605209
-1828.30042706
-1828.29254160
-1828.29276619
-1828.29884335
-1828.30674126
-1828.31204050
-1828.31140311
-1828.30365036
-1828.29011269
-1828.27412446
-1828.25983690
-1828.25077217
-1828.24862892
-1828.25275152
-1828.26042152
-1828.26782623
-1828.27136763
-1828.26887495
-1828.26034131
-1828.24794798
-1828.23537356
-1828.22662569
-1828.22476559
-1828.23093496
-1828.24398612
-1828.26083986
-1828.27745384
-1828.29009554
-1828.29649686
-1828.29650963
-1828.29204869
-1828.28634218
-1828.28276574
-1828.28364797
-1828.28945172
-1828.29858955
-1828.30793083
-1828.31383119
-1828.31335759
-1828.30528795
-1828.29057620
-1828.27210795
-1828.25384820
-1828.23965775
-1828.23214467
-1828.23191692
-1828.23745384
-1828.24563864
-1828.25278225
-1828.25581527
-1828.25327133
-1828.24575050
-1828.23571407
-1828.22667800
-1828.22206329
-1828.22406638
-1828.23289728
-1828.24663252
-1828.26174057
-1828.27413844
-1828.28046530
-1828.27917559
-1828.27109814
-1828.25926322
-1828.24803282
-1828.24179249
-1828.24360445
-1828.25425315
-1828.27196765
-1828.29294017
-1828.31246774
-1828.32637316
-1828.33224433
-1828.33008692
-1828.32218506
-1828.31222354
-1828.30399071
-1828.30009401
-1828.30109655
-1828.30532726
-1828.30943619
-1828.30951140
-1828.30242061
-1828.28693993
-1828.26430830
-1828.23801662
-1828.21287441
-1828.19365075
-1828.18371462
-1828.18409815
-1828.19329630
-1828.20784934
-1828.22350415
-1828.23656338
-1828.24499070
-1828.24892358
-1828.25046229
-1828.25279806
-1828.25896630
-1828.27062821
-1828.28730548
-1828.30632923
-1828.32353065
-1828.33445919
-1828.33574847
-1828.32619952
-1828.30723555
-1828.28258930
-1828.25730069
-1828.23633396
-1828.22323394
-1828.21921296
-1828.22295243
-1828.23116581
-1828.23974384
-1828.24512265
-1828.24544203
-1828.24112344
-1828.23467691
-1828.22980811
-1828.23010686
-1828.23775785
-1828.25268378
-1828.27240789
-1828.29270049
-1828.30881789
-1828.31695065
-1828.31542231
-1828.30524652
-1828.28984289
-1828.27399065
-1828.26233295
-1828.25791873
-1828.26125133
-1828.27015395
-1828.28051586
-1828.28767868
-1828.28802353
-1828.28023391
-1828.26581682
-1828.24868982
-1828.23394543
-1828.22618810
-1828.22797551
-1828.23889297
-1828.25556262
-1828.27261267
-1828.28430675
-1828.28633879
-1828.27722804
-1828.25886527
-1828.23602048
-1828.21494041
-1828.20146473
-1828.19923518
-1828.20855812
-1828.22628584
-1828.24676557
-1828.26359247
-1828.27163280
-1828.26868447
-1828.25625099
-1828.23916034
-1828.22411236
-1828.21759457
-1828.22379461
-1828.24317151
-1828.27215000
-1828.30405733
-1828.33104247
-1828.34639963
-1828.34659243
-1828.33235393
-1828.30849801
-1828.28249299
-1828.26220263
-1828.25348942
-1828.25840253
-1828.27453329
-1828.29572944
-1828.31399971
-1828.32201318
-1828.31545350
-1828.29448729
-1828.26386295
-1828.23159063
-1828.20656006
-1828.19583695
-1828.20246160
-1828.22445007
-1828.25531093
-1828.28594981
-1828.30737781
-1828.31342299
-1828.30260081
-1828.27857845
-1828.24908167
-1828.22356693
-1828.21037004
-1828.21418531
-1828.23464210
-1828.26641158
-1828.30082685
-1828.32851924
-1828.34229173
-1828.33932140
-1828.32202552
-1828.29732420
-1828.27451952
-1828.26243908
-1828.26671191
-1828.28799096
-1828.32167227
-1828.35918675
-1828.39050095
-1828.39050095
-1828.40707346
-1828.40438782
-1828.38328930
-1828.34972535
-1828.31294912
-1828.28274544
-1828.26650419
-1828.26704008
-1828.28182048
-1828.30384248
-1828.32388585
-1828.33345329
-1828.32748411
-1828.30600606
-1828.27421310
-1828.24092572
-1828.21589250
-1828.20675976
-1828.21663378
-1828.24302288
-1828.27849563
-1828.31287480
-1828.33630331
-1828.34224809
-1828.32949981
-1828.30255653
-1828.27025375
-1828.24305288
-1828.22981161
-1828.23503263
-1828.25743684
-1828.29031688
-1828.32356446
-1828.34676200
-1828.35238673
-1828.33815523
-1828.30776959
-1828.26984023
-1828.23530203
-1828.21409916
-1828.21217201
-1828.22966505
-1828.26091793
-1828.29622926
-1828.32486286
-1828.33835576
-1828.33312546
-1828.31158665
-1828.28142605
-1828.25325125
-1828.23732676
-1828.24037726
-1828.26343715
-1828.30141619
-1828.34451413
-1828.38108778
-1828.40108821
-1828.39904220
-1828.37565618
-1828.33757132
-1828.29534420
-1828.26027260
-1828.24101457
-1828.24101286
-1828.25751138
-1828.28247649
-1828.30515251
-1828.31547998
-1828.30732394
-1828.28051352
-1828.24105348
-1828.19943115
-1828.16750797
-1828.15495098
-1828.16627245
-1828.19938070
-1828.24609616
-1828.29448848
-1828.33234759
-1828.35074744
-1828.34664130
-1828.32368729
-1828.29105570
-1828.26056624
-1828.24302788
-1828.24489483
-1828.26625390
-1828.30077248
-1828.33762785
-1828.36484084
-1828.37298882
-1828.35816442
-1828.32326176
-1828.27720730
-1828.23234690
-1828.20079328
-1828.19081915
-1828.20440611
-1828.23666903
-1828.27733643
-1828.31383625
-1828.33504739
-1828.33460195
-1828.31274672
-1828.27620245
-1828.23606470
-1828.20437115
-1828.19039613
-1828.19780384
-1828.22354771
-1828.25883443
-1828.29186559
-1828.31151583
-1828.31080907
-1828.28914118
-1828.25255224
-1828.21196054
-1828.17989426
-1828.16671936
-1828.17750320
-1828.21047329
-1828.25753875
-1828.30671362
-1828.34570187
-1828.36554528
-1828.36322708
-1828.34244766
-1828.31235407
-1828.28461917
-1828.26975983
-1828.27381558
-1828.29639697
-1828.33073457
-1828.36575300
-1828.38953397
-1828.39306119
-1828.37308337
-1828.33320920
-1828.28290442
-1828.23470410
-1828.20048191
-1828.18792519
-1828.19829156
-1828.22613723
-1828.26108784
-1828.29109512
-1828.30617583
-1828.30148384
-1828.27878143
-1828.24586184
-1828.21410365
-1828.19490392
-1828.19607328
-1828.21931292
-1828.25954315
-1828.30631689
-1828.34689853
-1828.37008865
-1828.36962570
-1828.34613091
-1828.30698614
-1828.26416081
-1828.23063093
-1828.21648123
-1828.22587155
-1828.25581560
-1828.29712954
-1828.33725351
-1828.36407368
-1828.36957942
-1828.35225504
-1828.31749375
-1828.27592372
-1828.24014699
-1828.22089579
-1828.22375198
-1828.24744875
-1828.28425822
-1828.32234370
-1828.34936090
-1828.35621065
-1828.33981436
-1828.30407457
-1828.25872515
-1828.21642291
-1828.18895058
-1828.18369018
-1828.20142800
-1828.23616440
-1828.27697104
-1828.31133197
-1828.32894692
-1828.32484149
-1828.30085961
-1828.26508908
-1828.22939893
-1828.20583593
-1828.20296112
-1828.22322955
-1828.26220092
-1828.30980848
-1828.35330667
-1828.38100994
-1828.38570648
-1828.36671165
-1828.32994263
-1828.28600709
-1828.24692322
-1828.22254305
-1828.21775087
-1828.23123776
-1828.25613252
-1828.28226343
-1828.29936213
-1828.30023947
-1828.28297724
-1828.25148958
-1828.21429203
-1828.18187911
-1828.16351861
-1828.16445291
-1828.18434268
-1828.21742099
-1828.25426936
-1828.28466331
-1828.30059669
-1828.29857816
-1828.28051795
-1828.25298958
-1828.22512753
-1828.20582657
-1828.20108320
-1828.21226010
-1828.23576190
-1828.26419344
-1828.28862928
-1828.30131046
-1828.29796825
-1828.27907561
-1828.24966998
-1828.21778698
-1828.19201559
-1828.17891307
-1828.18108821
-1828.19651425
-1828.21928296
-1828.24152582
-1828.25589029
-1828.25777237
-1828.24663891
-1828.22606604
-1828.20253389
-1828.18339639
-1828.17465400
-1828.17919951
-1828.19603804
-1828.22068799
-1828.24660868
-1828.26720420
-1828.27778954
-1828.27693157
-1828.26676880
-1828.25221940
-1828.23934769
-1828.23339676
-1828.23713107
-1828.25000058
-1828.26836966
-1828.28670174
-1828.29931178
-1828.30212583
-1828.29392177
-1828.27668785
-1828.25500758
-1828.23467558
-1828.22097111
-1828.21710926
-1828.22334029
-1828.23695795
-1828.25319888
-1828.26674150
-1828.27332217
-1828.27097740
-1828.26053650
-1828.24524213
-1828.22965095
-1828.21817159
-1828.21372002
-1828.21689275
-1828.22591082
-1828.23729511
-1828.24703458
-1828.25185359
-1828.25020140
-1828.24267946
-1828.23180694
-1828.22120503
-1828.21446609
-1828.21405047
-1828.22057029
-1828.23266239
-1828.24748494
-1828.26164255
-1828.27224785
-1828.27776773
-1828.27839493
-1828.27584662
-1828.27266858
-1828.27130417
-1828.27325101
-1828.27858829
-1828.28601484
-1828.29335201
-1828.29831968
-1828.29933832
-1828.29607655
-1828.28958143
-1828.28195285
-1828.27567547
-1828.27282097
-1828.27437588
-1828.27990058
-1828.27990058
-1828.28764181
-1828.29507478
-1828.29970848
-1828.29991595
-1828.29549662
-1828.28777108
-1828.27915962
-1828.27237049
-1828.26948213
-1828.27122297
-1828.27670992
-1828.28371693
-1828.28939032
-1828.29117835
-1828.28768004
-1828.27913206
-1828.26738358
-1828.25535698
-1828.24616733
-1828.24217024
-1828.24423909
-1828.25150471
-1828.26164692
-1828.27164653
-1828.27876401
-1828.28141350
-1828.27965380
-1828.27512538
-1828.27046116
-1828.26836222
-1828.27064509
-1828.27757487
-1828.28771785
-1828.29834970
-1828.30629908
-1828.30893749
-1828.30499326
-1828.29494373
-1828.28087809
-1828.26587960
-1828.25313309
-1828.24502108
-1828.24248246
-1828.24480892
-1828.24994418
-1828.25517371
-1828.25800330
-1828.25696342
-1828.25208742
-1828.24492104
-1828.23804530
-1828.23804530
-1828.23425666
-1828.23565773
-1828.24294854
-1828.25514220
-1828.26980157
-1828.28372804
-1828.29388542
-1828.29826792
-1828.29644957
-1828.28963792
-1828.28023266
-1828.27103144
-1828.26434022
-1828.26126507
-1828.26141667
-1828.26310945
-1828.26400639
-1828.26199539
-1828.25601630
-1828.24654671
-1828.23558013
-1828.22608068
-1828.22106742
-1828.22263245
-1828.23120305
-1828.24532013
-1828.26201121
-1828.27766101
-1828.28908177
-1828.29444486
-1828.29376546
-1828.28880615
-1828.28242618
-1828.27761184
-1828.27646243
-1828.27947131
-1828.28531093
-1828.29121174
-1828.29383381
-1828.29036788
-1828.27951752
-1828.26203362
-1828.24061694
-1828.21920321
-1828.20184618
-1828.19154620
-1828.18938765
-1828.19426470
-1828.20328113
-1828.21268635
-1828.21906530
-1828.22039474
-1828.21665113
-1828.20976939
-1828.20297528
-1828.19970374
-1828.20243688
-1828.21183048
-1828.22641146
-1828.24294155
-1828.25734387
-1828.26590694
-1828.26640836
-1828.25881657
-1828.24535980
-1828.22991464
-1828.21688096
-1828.20987352
-1828.21064696
-1828.21860255
-1828.23104215
-1828.24408312
-1828.25392137
-1828.25805093
-1828.25603354
-1828.24960090
-1828.24205708
-1828.23718465
-1828.23799572
-1828.24572061
-1828.25935288
-1828.27588293
-1828.29115399
-1828.30107316
-1828.30281344
-1828.29564559
-1828.28114946
-1828.26274289
-1828.24466315
-1828.23071415
-1828.22317738
-1828.22220955
-1828.22592420
-1828.23110420
-1828.23432440
-1828.23311808
-1828.22681338
-1828.21678364
-1828.20601340
-1828.19814879
-1828.19631891
-1828.20211926
-1828.21505898
-1828.23264112
-1828.25104879
-1828.26623893
-1828.27511440
-1828.27644141
-1828.27122116
-1828.26239254
-1828.25390824
-1828.24945923
-1828.25125141
-1828.25924662
-1828.27113308
-1828.28304795
-1828.29081761
-1828.29132323
-1828.28353822
-1828.26890612
-1828.25093292
-1828.23411058
-1828.22252463
-1828.21859946
-1828.22237889
-1828.23155658
-1828.24223321
-1828.25015043
-1828.25202826
-1828.24659739
-1828.23502295
-1828.22057950
-1828.20767834
-1828.20052449
-1828.20180858
-1828.21183960
-1828.22839876
-1828.24737654
-1828.26399750
-1828.27424730
-1828.27604668
-1828.26982713
-1828.25833582
-1828.24575151
-1828.23638952
-1828.23337592
-1828.23769422
-1828.24787919
-1828.26046035
-1828.27102608
-1828.27561119
-1828.27199162
-1828.26049265
-1828.24402993
-1828.22735120
-1828.21566741
-1828.21307230
-1828.22124318
-1828.23884848
-1828.26186951
-1828.28474655
-1828.30199048
-1828.30975511
-1828.30687745
-1828.29508902
-1828.27835224
-1828.26154610
-1828.24893103
-1828.24286414
-1828.24316416
-1828.24730808
-1828.25137655
-1828.25143261
-1828.24488177
-1828.23138875
-1828.21307209
-1828.19392594
-1828.17867136
-1828.17137312
-1828.17424553
-1828.18699585
-1828.20689580
-1828.22956249
-1828.25020784
-1828.26498624
-1828.27203562
-1828.27190170
-1828.26722688
-1828.26182362
-1828.25941269
-1828.26242728
-1828.27122766
-1828.28397150
-1828.29716097
-1828.30671316
-1828.30921290
-1828.30298000
-1828.28861404
-1828.26886594
-1828.24785728
-1828.22989991
-1828.21825697
-1828.21422564
-1828.21682659
-1828.22319459
-1828.22955757
-1828.23249513
-1828.23008321
-1828.22255326
-1828.21226889
-1828.20300228
-1828.19876180
-1828.20251310
-1828.21521567
-1828.23545701
-1828.25980552
-1828.28376071
-1828.30301804
-1828.31466224
-1828.31793012
-1828.31432412
-1828.30704784
-1828.29994162
-1828.29625281
-1828.29761841
-1828.30359052
-1828.31183037
-1828.31892692
-1828.32154593
-1828.31753342
-1828.30663525
-1828.29060531
-1828.27268403
-1828.25662399
-1828.24555731
-1828.24106321
-1828.24271787
-1828.24827951
-1828.25444190
-1828.25791641
-1828.25648234
-1828.24968812
-1828.23897062
-1828.22717404
-1828.21761493
-1828.21300013
-1828.21454473
-1828.22157234
-1828.23172042
-1828.24168677
-1828.24826897
-1828.24936922
-1828.24465545
-1828.23566943
-1828.22533725
-1828.21703798
-1828.21351615
-1828.21599083
-1828.22375987
-1828.23442852
-1828.24470009
-1828.25146490
-1828.25283393
-1828.24877283
-1828.24113509
-1828.23309733
-1828.22817755
-1828.22915147
-1828.23717169
-1828.25135383
-1828.26896316
-1828.28615724
-1828.29907321
-1828.30492513
-1828.30278194
-1828.29377228
-1828.28067294
-1828.26701235
-1828.25598113
-1828.24948952
-1828.24766595
-1828.24893999
-1828.25067408
-1828.25011615
-1828.24536208
-1828.23602775
-1828.22343611
-1828.21026673
-1828.19977048
-1828.19477157
-1828.19677835
-1828.20548429
-1828.21883081
-1828.23360542
-1828.24639747
-1828.25460327
-1828.25716899
-1828.25484851
-1828.24988283
-1828.24521535
-1828.24347743
-1828.24607384
-1828.25266713
-1828.26124108
-1828.26874264
-1828.27210252
-1828.26929441
-1828.26009755
-1828.24628607
-1828.23117776
-1828.21867274
-1828.21207860
-1828.21309087
-1828.22123977
-1828.23397789
-1828.24737893
-1828.25725489
-1828.26036256
-1828.25535504
-1828.24318406
-1828.22682750
-1828.21041538
-1828.19799485
-1828.19229912
-1828.19389146
-1828.20096231
-1828.20988543
-1828.21639275
-1828.21701168
-1828.21028873
-1828.19738191
-1828.18181736
-1828.16848524
-1828.16217063
-1828.16607517
-1828.18076927
-1828.20390651
-1828.23079982
-1828.25569488
-1828.27338894
-1828.28070147
-1828.27736905
-1828.26607564
-1828.25161083
-1828.23939580
-1828.23382609
-1828.23692655
-1828.24774272
-1828.26264978
-1828.27649598
-1828.28423250
-1828.28252825
-1828.27086789
-1828.25179549
-1828.23021764
-1828.21197577
-1828.20211252
-1828.20336425
-1828.21532803
-1828.23455580
-1828.25554702
-1828.27235196
-1828.28030851
-1828.27739515
-1828.26479837
-1828.24651276
-1828.22809151
-1828.21493285
-1828.21062065
-1828.21584198
-1828.22821689
-1828.24308646
-1828.25501560
-1828.25952547
-1828.25451893
-1828.24095629
-1828.22258067
-1828.20479485
-1828.19304048
-1828.19117243
-1828.20029462
-1828.21840660
-1828.24095150
-1828.26212522
-1828.27656394
-1828.28090987
-1828.27477336
-1828.26079380
-1828.24376876
-1828.22913414
-1828.22127074
-1828.22216276
-1828.23082448
-1828.24366961
-1828.25569288
-1828.26210114
-1828.25987793
-1828.24878933
-1828.23152059
-1828.21289644
-1828.19842494
-1828.19261710
-1828.19758053
-1828.21234109
-1828.23308365
-1828.25425728
-1828.27021365
-1828.27687826
-1828.27295273
-1828.26027276
-1828.24322843
-1828.22741470
-1828.21793431
-1828.21787538
-1828.22740787
-1828.24377467
-1828.26216894
-1828.27721663
-1828.28461392
-1828.28241636
-1828.27160281
-1828.25574669
-1828.23991596
-1828.22912796
-1828.22684531
-1828.23394268
-1828.24845027
-1828.26613238
-1828.28173464
-1828.29053106
-1828.28971277
-1828.27920599
-1828.26166977
-1828.24168120
-1828.22436685
-1828.21387677
-1828.21217030
-1828.21845275
-1828.22944493
-1828.24042962
-1828.24676506
-1828.24540181
-1828.23590288
-1828.22064016
-1828.20410720
-1828.19156570
-1828.18743900
-1828.19393723
-1828.21033002
-1828.23308439
-1828.25684234
-1828.27593874
-1828.28601451
-1828.28523888
-1828.27477583
-1828.25836172
-1828.24114040
-1828.22811616
-1828.22271548
-1828.22588677
-1828.23598383
-1828.24941884
-1828.26183944
-1828.26946196
-1828.27017404
-1828.26408533
-1828.25340338
-1828.24167737
-1828.23267350
-1828.22921010
-1828.23232229
-1828.24098819
-1828.25249143
-1828.26328780
-1828.27009125
-1828.27084460
-1828.26529216
-1828.25500541
-1828.24288455
-1828.23230870
-1828.22618087
-1828.22614906
-1828.23221138
-1828.24279346
-1828.25527290
-1828.26675888
-1828.27492236
-1828.27861287
-1828.27809334
-1828.27483723
-1828.27095645
-1828.26844364
-1828.26847045
-1828.27096179
-1828.27458173
-1828.27713253
-1828.27624478
-1828.27014597
-1828.25826272
-1828.24147828
-1828.22195557
-1828.20261049
-1828.18638662
-1828.17556803
-1828.17131996
-1828.17357133
-1828.18122561
-1828.19261393
-1828.20603049
-1828.22019241
-1828.23449526
-1828.24899313
-1828.26413798
-1828.28037698
-1828.29774204
-1828.31557933
-1828.31557933
-1828.33250960
-1828.34664329
-1828.35599524
-1828.35896289
-1828.35473486
-1828.34350977
-1828.32647575
-1828.30557426
-1828.28310511
-1828.26127502
-1828.24180789
-1828.22570640
-1828.21322725
-1828.20405554
-1828.19761364
-1828.19339696
-1828.19122665
-1828.19133310
-1828.19425288
-1828.20057858
-1828.21066025
-1828.22435616
-1828.24091651
-1828.25903057
-1828.27702089
-1828.29312800
-1828.30581793
-1828.31404329
-1828.31739543
-1828.31612842
-1828.31106121
-1828.30339303
-1828.29447468
-1828.28559127
-1828.27779041
-1828.27178050
-1828.26789368
-1828.26610885
-1828.26612746
-1828.26749100
-1828.26973117
-1828.27250509
-1828.27567847
-1828.27933599
-1828.28370667
-1828.28902807
-1828.29537053
-1828.30248159
-1828.30968788
-1828.31590820
-1828.31980412
-1828.32005518
-1828.31570062
-1828.30645524
-1828.29289972
-1828.27645899
-1828.25916575
-1828.24325183
-1828.23067011
-1828.22267121
-1828.21954685
-1828.22058774
-1828.22429326
-1828.22876926
-1828.23224642
-1828.23357950
-1828.23259302
-1828.23017132
-1828.22803122
-1828.22823358
-1828.23255135
-1828.24187209
-1828.25581749
-1828.27271104
-1828.28992566
-1828.30454137
-1828.31413516
-1828.31413516
-1828.31747671
-1828.31490654
-1828.30828278
-1828.30049936
-1828.29471567
-1828.29349671
-1828.29805835
-1828.30782654
-1828.32046281
-1828.33239167
-1828.33972640
-1828.33936535
-1828.32993362
-1828.31229420
-1828.28944234
-1828.26579296
-1828.24604296
-1828.23393553
-1828.23126415
-1828.23738009
-1828.24935023
-1828.26277635
-1828.27312697
-1828.27719036
-1828.27413079
-1828.26575610
-1828.25591421
-1828.24923987
-1828.24966261
-1828.25910200
-1828.27674857
-1828.29913815
-1828.32103775
-1828.33690115
-1828.34247044
-1828.33603743
-1828.31897009
-1828.29534021
-1828.27074948
-1828.25071508
-1828.23909757
-1828.23705765
-1828.24284628
-1828.25247762
-1828.26106826
-1828.26443245
-1828.26044232
-1828.24974182
-1828.23558449
-1828.22283191
-1828.21641391
-1828.21971928
-1828.23343184
-1828.25516905
-1828.28005647
-1828.30206462
-1828.31571744
-1828.31766201
-1828.30763181
-1828.28852400
-1828.26555947
-1828.24478217
-1828.23133745
-1828.22804628
-1828.23468660
-1828.24819931
-1828.26373252
-1828.27620414
-1828.28190350
-1828.27964871
-1828.27113562
-1828.26037664
-1828.25238829
-1828.25152729
-1828.26000083
-1828.27702099
-1828.29887806
-1828.31992999
-1828.33420328
-1828.33713258
-1828.32692128
-1828.30510287
-1828.27614306
-1828.24619532
-1828.22138395
-1828.20612883
-1828.20199923
-1828.20743306
-1828.21839499
-1828.22976808
-1828.23706575
-1828.23792699
-1828.23292559
-1828.22540567
-1828.22039661
-1828.22293564
-1828.23634424
-1828.26100195
-1828.29399574
-1828.32976233
-1828.36153716
-1828.38317435
-1828.39081316
-1828.38388566
-1828.36516302
-1828.33984935
-1828.31400217
-1828.29277110
-1828.27898852
-1828.27252001
-1828.27055212
-1828.26871619
-1828.26270493
-1828.24986167
-1828.23024000
-1828.20676994
-1828.18447040
-1828.16894339
-1828.16464020
-1828.17343167
-1828.19393948
-1828.22181710
-1828.25089508
-1828.27485013
-1828.28891467
-1828.29112416
-1828.28274734
-1828.26775797
-1828.25152955
-1828.23914305
-1828.23384001
-1828.23609675
-1828.24361261
-1828.25221360
-1828.25736484
-1828.25577983
-1828.24659380
-1828.23173214
-1828.21536175
-1828.20261328
-1828.19797800
-1828.20388203
-1828.21988639
-1828.24275890
-1828.26738613
-1828.28824539
-1828.30098564
-1828.30364299
-1828.29712598
-1828.28483137
-1828.27150814
-1828.26171163
-1828.25833311
-1828.26166976
-1828.26934309
-1828.27710746
-1828.28028802
-1828.27537798
-1828.26128865
-1828.23984616
-1828.21538861
-1828.19357117
-1828.17975258
-1828.17744387
-1828.18729114
-1828.20689592
-1828.23152919
-1828.25551763
-1828.27389534
-1828.28381216
-1828.28527485
-1828.28099950
-1828.27541654
-1828.27314806
-1828.27743452
-1828.28900344
-1828.30573142
-1828.32321366
-1828.33605821
-1828.33951846
-1828.33096319
-1828.31073850
-1828.28215702
-1828.25059885
-1828.22200808
-1828.20124062
-1828.19077648
-1828.19018480
-1828.19647092
-1828.20517888
-1828.21188696
-1828.21362795
-1828.20980962
-1828.20236210
-1828.19506308
-1828.19227129
-1828.19745004
-1828.21195540
-1828.23446575
-1828.26123057
-1828.28706100
-1828.30675763
-1828.31654814
-1828.31510604
-1828.30385975
-1828.28650252
-1828.26787091
-1828.25253552
-1828.24353688
-1828.24163298
-1828.24527402
-1828.25128433
-1828.25602811
-1828.25667842
-1828.25219174
-1828.24367664
-1828.23404935
-1828.22707859
-1828.22614038
-1828.23305402
-1828.24737909
-1828.26640015
-1828.28581253
-1828.30092999
-1828.30804048
-1828.30549235
-1828.29415157
-1828.27709333
-1828.25862884
-1828.24299237
-1828.23309122
-1828.22970676
-1828.23138507
-1828.23502517
-1828.23698118
-1828.23432089
-1828.22585202
-1828.21259740
-1828.19756675
-1828.18489854
-1828.17862733
-1828.18146228
-1828.19394279
-1828.21423365
-1828.23859262
-1828.26237438
-1828.28127006
-1828.29242246
-1828.29510092
-1828.29074750
-1828.28238336
-1828.27356954
-1828.26725563
-1828.26486867
-1828.26591601
-1828.26820797
-1828.26862872
-1828.26420020
-1828.25312337
-1828.23547528
-1828.21334686
-1828.19036300
-1828.17072248
-1828.15803783
-1828.15431853
-1828.15941966
-1828.17111270
-1828.18578792
-1828.19955634
-1828.20940712
-1828.21404864
-1828.21416227
-1828.21201555
-1828.21056970
-1828.21239210
-1828.21872128
-1828.22898234
-1828.24090230
-1828.25117414
-1828.25646592
-1828.25445829
-1828.24458973
-1828.22828188
-1828.20857646
-1828.18928793
-1828.17394114
-1828.16482347
-1828.16243843
-1828.16552913
-1828.17164967
-1828.17807379
-1828.18275470
-1828.18501518
-1828.18574820
-1828.18708416
-1828.19162287
-1828.20148219
-1828.21746030
-1828.23856438
-1828.26206694
-1828.28410216
-1828.30066188
-1828.30870620
-1828.30704100
-1828.29666702
-1828.28047049
-1828.26235796
-1828.24610608
-1828.23430137
-1828.22770083
-1828.22518497
-1828.22429401
-1828.22215897
-1828.21652786
-1828.20658731
-1828.19333169
-1828.17935359
-1828.16810428
-1828.16283759
-1828.16556741
-1828.17636742
-1828.19323871
-1828.21259645
-1828.23025018
-1828.24258044
-1828.24755510
-1828.24527020
-1828.23783860
-1828.22866325
-1828.22132916
-1828.21846879
-1828.22096353
-1828.22772367
-1828.23610239
-1828.24280046
-1828.24497320
-1828.24119270
-1828.23196778
-1828.21965532
-1828.20780001
-1828.20008966
-1828.19925517
-1828.20623148
-1828.21983890
-1828.23707640
-1828.25393391
-1828.26649053
-1828.27198980
-1828.26955455
-1828.26036004
-1828.24720795
-1828.23363956
-1828.22285889
-1828.21680118
-1828.21563254
-1828.21783839
-1828.22085722
-1828.22204555
-1828.21965745
-1828.21349942
-1828.20507200
-1828.19715240
-1828.19295492
-1828.19514218
-1828.20496113
-1828.22177127
-1828.24308757
-1828.26516927
-1828.28400892
-1828.29644009
-1828.30100443
-1828.29827200
-1828.29052776
-1828.28093966
-1828.27249660
-1828.26706536
-1828.26485948
-1828.26447874
-1828.26349970
-1828.25941118
-1828.25058630
-1828.23696668
-1828.22024736
-1828.20349225
-1828.19031122
-1828.18384975
-1828.18588886
-1828.19633250
-1828.21322187
-1828.23328592
-1828.25284817
-1828.26882138
-1828.27948625
-1828.28482546
-1828.28633086
-1828.28635456
-1828.28722608
-1828.29040608
-1828.29595972
-1828.30251224
-1828.30771985
-1828.30908250
-1828.30484494
-1828.29466445
-1828.27983597
-1828.26299599
-1828.24742210
-1828.23614496
-1828.23115064
-1828.23288365
-1828.24021543
-1828.25085008
-1828.26205166
-1828.27144416
-1828.27764125
-1828.28052356
-1828.28109799
-1828.28100871
-1828.28186890
-1828.28463740
-1828.28924138
-1828.29457315
-1828.29884535
-1828.30018777
-1828.29727627
-1828.28979030
-1828.27855516
-1828.26534817
-1828.25243018
-1828.24195379
-1828.23541896
-1828.23332811
-1828.23513038
-1828.23946479
-1828.24462728
-1828.24912626
-1828.25214341
-1828.25376047
-1828.25486530
-1828.25677494
-1828.26070246
-1828.26724815
-1828.27609915
-1828.28603926
-1828.29526668
-1828.30189614
-1828.30448102
-1828.30239733
-1828.29598990
-1828.28646811
-1828.27556722
-1828.26507134
-1828.25632148
-1828.24986856
-1828.24537866
-1828.24186260
-1828.23813956
-1828.23337507
-1828.22748123
-1828.22123847
-1828.21609409
-1828.21371997
-1828.21547826
-1828.22198569
-1828.23290823
-1828.24705760
-1828.26272950
-1828.27817864
-1828.29207118
-1828.30379234
-1828.31350940
-1828.32197334
-1828.33012009
-1828.33860745
-1828.34744944
-1828.35588381
-1828.36252728
-1828.36578704
-1828.36439203
-1828.35785640
-1828.34670795
-1828.33239953
-1828.31693143
-1828.30233485
-1828.29015799
-1828.28113301
-1828.27509555
-1828.27118185
-1828.26822345
-1828.26521675
-1828.26172097
-1828.25805257
-1828.25522116
-1828.25461643
-1828.25753654
-1828.26471037
-1828.27596429
-1828.29014331
-1828.30533014
-1828.31928328
-1828.32997110
-1828.33602663
-1828.33700612
-1828.33338840
-1828.32632640
-1828.31725723
-1828.30748035
-1828.29783516
-1828.28858414
-1828.27951164
-1828.27021420
-1828.26046369
-1828.25052039
-1828.24126775
-1828.23411735
-1828.23068139
-1828.23230794
-1828.23961390
-1828.25217913
-1828.26851788
-1828.28635828
-1828.30315892
-1828.31670493
-1828.32561053
-1828.32956273
-1828.32925630
-1828.32604032
-1828.32141111
-1828.31651619
-1828.31183393
-1828.30711777
-1828.30162769
-1828.29454998
-1828.28547274
-1828.27474382
-1828.26357759
-1828.25385007
-1828.24763796
-1828.24662946
-1828.25160289
-1828.26213622
-1828.27665124
-1828.29278148
-1828.30796385
-1828.32006838
-1828.32788321
-1828.33130476
-1828.33118354
-1828.32888353
-1828.32571377
-1828.32243229
-1828.31898279
-1828.31455347
-1828.30793263
-1828.29804314
-1828.28446709
-1828.26779839
-1828.24967651
-1828.23249207
-1828.21881861
-1828.21074590
-1828.20930272
-1828.21416430
-1828.22373639
-1828.23560092
-1828.24718114
-1828.25643010
-1828.26233545
-1828.26508756
-1828.26587145
-1828.26635178
-1828.26802579
-1828.27164903
-1828.27692264
-1828.28253916
-1828.28657474
-1828.28710003
-1828.28281477
-1828.27350290
-1828.26016797
-1828.24480029
-1828.22985716
-1828.21761087
-1828.20956958
-1828.20613122
-1828.20657018
-1828.20933704
-1828.21258134
-1828.21471197
-1828.21486273
-1828.21311462
-1828.21042749
-1828.20829194
-1828.20820924
-1828.21116874
-1828.21728343
-1828.22570725
-1828.23485680
-1828.24286386
-1828.24812989
-1828.24981274
-1828.24809286
-1828.24413539
-1828.23975076
-1828.23684600
-1828.23683666
-1828.24020549
-1828.24634826
-1828.25376494
-1828.26054232
-1828.26497518
-1828.26613051
-1828.26417145
-1828.26031558
-1828.25644732
-1828.25448800
-1828.25574240
-1828.26043732
-1828.26760932
-1828.27540409
-1828.28168709
-1828.28477844
-1828.28405443
-1828.28020748
-1828.27506525
-1828.27101311
-1828.27022402
-1828.27393015
-1828.28197578
-1828.29279341
-1828.30381299
-1828.31219399
-1828.31566986
-1828.31324696
-1828.30553953
-1828.29462326
-1828.28343926
-1828.27492191
-1828.27110117
-1828.27246649
-1828.27777721
-1828.28439297
-1828.28903677
-1828.28876644
-1828.28187784
-1828.26847388
-1828.25051278
-1828.23132224
-1828.21469395
-1828.20381415
-1828.20034937
-1828.20395294
-1828.21237567
-1828.22216779
-1828.22977232
-1828.23269529
-1828.23036143
-1828.22438463
-1828.21812542
-1828.21566171
-1828.22048821
-1828.23433163
-1828.25646905
-1828.28376835
-1828.31145733
-1828.33440602
-1828.34853686
-1828.35195200
-1828.34543385
-1828.33216094
-1828.31671362
-1828.30365875
-1828.29614287
-1828.29492311
-1828.29816577
-1828.30207585
-1828.30217803
-1828.29484155
-1828.27856513
-1828.25460158
-1828.22674755
-1828.20034467
-1828.18080736
-1828.17211285
-1828.17569952
-1828.19010550
-1828.21144382
-1828.23456229
-1828.25454098
-1828.26806515
-1828.27427443
-1828.27482988
-1828.27320780
-1828.27343362
-1828.27866036
-1828.29003239
-1828.30618261
-1828.32354638
-1828.33739081
-1828.34326274
-1828.33841378
-1828.32274680
-1828.29899886
-1828.27207109
-1828.24770920
-1828.23091971
-1828.22460091
-1828.22880631
-1828.24084897
-1828.25620917
-1828.26995109
-1828.27821544
-1828.27934603
-1828.27432559
-1828.26637286
-1828.25982597
-1828.25863685
-1828.26495264
-1828.27825501
-1828.29535507
-1828.31126447
-1828.32069496
-1828.31970151
-1828.30696583
-1828.28430601
-1828.25624754
-1828.22878712
-1828.20771866
-1828.19702498
-1828.19781207
-1828.20811031
-1828.22359927
-1828.23902448
-1828.24987713
-1828.25379946
-1828.25129261
-1828.24549583
-1828.24110949
-1828.24279616
-1828.25355535
-1828.27358103
-1828.29996298
-1828.32733585
-1828.34929286
-1828.36016173
-1828.35662155
-1828.33868438
-1828.30974492
-1828.27568055
-1828.24325391
-1828.21828661
-1828.20413757
-1828.20092875
-1828.20573478
-1828.21367289
-1828.21955376
-1828.21958680
-1828.21261275
-1828.20050443
-1828.18758621
-1828.17927354
-1828.18034682
-1828.19338431
-1828.21782623
-1828.24996013
-1828.28383360
-1828.31285933
-1828.33161414
-1828.33731588
-1828.33053051
-1828.31490252
-1828.29600732
-1828.27967499
-1828.27029219
-1828.26957925
-1828.27619995
-1828.28629370
-1828.29476589
-1828.29695087
-1828.29014743
-1828.27457586
-1828.25344694
-1828.23211143
-1828.21652830
-1828.21150806
-1828.21925452
-1828.23864112
-1828.26545386
-1828.29350636
-1828.31630990
-1828.32881024
-1828.32871400
-1828.31704257
-1828.29775183
-1828.27653919
-1828.25918864
-1828.24993164
-1828.25031497
-1828.25889266
-1828.27182878
-1828.28420104
-1828.29160117
-1828.29153564
-1828.28420836
-1828.27245113
-1828.26083565
-1828.25425485
-1828.25641119
-1828.26866958
-1828.28961473
-1828.31543757
-1828.34101569
-1828.36136135
-1828.37299157
-1828.37480269
-1828.36822297
-1828.35661692
-1828.34416214
-1828.33455020
-1828.32989871
-1828.33018726
-1828.33336566
-1828.33607699
-1828.33475630
-1828.32677206
-1828.31125474
-1828.28938682
-1828.26409698
-1828.23925407
-1828.21862241
-1828.20489023
-1828.19903513
-1828.20020546
-1828.20611300
-1828.21380647
-1828.22057110
-1828.22469683
-1828.22588649
-1828.22519939
-1828.22457058
-1828.22606427
-1828.23111319
-1828.23998253
-1828.25163505
-1828.26402367
-1828.27471471
-1828.28163268
-1828.28368393
-1828.28106894
-1828.27518971
-1828.26819504
-1828.26232078
-1828.25924228
-1828.25963366
-1828.26305876
-1828.26818999
-1828.27327412
-1828.27668182
-1828.27738104
-1828.27521474
-1828.27091279
-1828.26585372
-1828.26164029
-1828.25960828
-1828.26041469
-1828.26382471
-1828.26876539
-1828.27363179
-1828.27675790
-1828.27689985
-1828.27359296
-1828.26727208
-1828.25912978
-1828.25077223
-1828.24378100
-1828.23931891
-1828.23788637
-1828.23927670
-1828.24271783
-1828.24713849
-1828.25147903
-1828.25495590
-1828.25722322
-1828.25839693
-1828.25895042
-1828.25951091
-1828.26062731
-1828.26258707
-1828.26534275
-1828.26857378
-1828.27183774
-1828.27473093
-1828.27699226
-1828.27851117
-1828.27927165
-1828.27928137
-1828.27853814
-1828.27705499
-1828.27491934
-1828.27233922
-1828.26964362
-1828.26722116
-1828.26542792
-1828.26447364
-1828.26432260
-1828.26463797
-1828.26480892
-1828.26409076
-1828.26184171
-1828.25779402
-1828.25225997
-1828.24617508
-1828.24093503
-1828.23804328
-1828.23865666
-1828.24317763
-1828.25103134
-1828.26072512
-1828.27020652
-1828.27742525
-1828.28093669
-1828.28035518
-1828.27650620
-1828.27121813
-1828.26679612
-1828.26532412
-1828.26799590
-1828.27469806
-1828.28396604
-1828.29336002
-1828.30014943
-1828.30211190
-1828.29821274
-1828.28895635
-1828.27630169
-1828.26315888
-1828.25260230
-1828.24702811
-1828.24748803
-1828.25340846
-1828.26277263
-1828.27274264
-1828.28053410
-1828.28429306
-1828.28370192
-1828.28011118
-1828.27614487
-1828.27488731
-1828.27889366
-1828.28932227
-1828.30546427
-1828.30546427
-1828.32481892
-1828.34371942
-1828.35833305
-1828.36574393
-1828.36480102
-1828.35646172
-1828.34351800
-1828.32976787
-1828.31886901
-1828.31322110
-1828.31322123
-1828.31713672
-1828.32165269
-1828.32292927
-1828.31786055
-1828.30512460
-1828.28570908
-1828.26272303
-1828.24055361
-1828.24055361
-1828.22360034
-1828.21496444
-1828.21549161
-1828.22350347
-1828.23534763
-1828.24660745
-1828.25355037
-1828.25431895
-1828.24948108
-1828.24948108
-1828.24177645
-1828.23516729
-1828.23348723
-1828.23913004
-1828.25217846
-1828.27026750
-1828.28922603
-1828.30432033
-1828.31170696
-1828.30964042
-1828.29905896
-1828.28334118
-1828.26731228
-1828.25579405
-1828.25215156
-1828.25728300
-1828.26937729
-1828.28450423
-1828.29786467
-1828.30529863
-1828.30458209
-1828.29611734
-1828.28280989
-1828.26916892
-1828.25991088
-1828.25848180
-1828.26595096
-1828.28061046
-1828.29841789
-1828.31416100
-1828.32300122
-1828.32192878
-1828.31067962
-1828.29182681
-1828.27001790
-1828.25058938
-1828.23798391
-1828.23445115
-1828.23943625
-1828.24984575
-1828.26110279
-1828.26865265
-1828.26944461
-1828.26292339
-1828.25121961
-1828.23848032
-1828.22954410
-1828.22838075
-1828.23677740
-1828.25369183
-1828.27548154
-1828.29695170
-1828.31288778
-1828.31961477
-1828.31607666
-1828.30411616
-1828.28786616
-1828.27244469
-1828.26235725
-1828.26010664
-1828.26542962
-1828.27540104
-1828.28537428
-1828.29046550
-1828.28712801
-1828.27432438
-1828.25392764
-1828.23023005
-1828.20870417
-1828.19440971
-1828.19051930
-1828.19740648
-1828.21256933
-1828.23141386
-1828.24866597
-1828.25998594
-1828.26327312
-1828.25925179
-1828.25115238
-1828.24359187
-1828.24101210
-1828.24101210
-1828.24617804
-1828.25920653
-1828.27744801
-1828.29625548
-1828.31040504
-1828.31571705
-1828.31037492
-1828.29553815
-1828.27505727
-1828.25437686
-1828.23894807
-1828.23262184
-1828.23652236
-1828.23652236
-1828.24873513
-1828.26493014
-1828.27972925
-1828.28840574
-1828.28839261
-1828.28011873
-1828.26691269
-1828.25399124
-1828.24684294
-1828.24948398
-1828.26311719
-1828.28561573
-1828.31201874
-1828.33591984
-1828.35134152
-1828.35450658
-1828.34494829
-1828.32562798
-1828.30203144
-1828.28053069
-1828.26651317
-1828.26282868
-1828.26902953
-1828.28161472
-1828.29520648
-1828.30428584
-1828.30494657
-1828.29612994
-1828.27995968
-1828.26108710
-1828.24524433
-1828.23745152
-1828.24043542
-1828.25373989
-1828.27380030
-1828.29497455
-1828.31120610
-1828.31782166
-1828.31292246
-1828.29793144
-1828.27712616
-1828.25628675
-1828.24089205
-1828.23443098
-1828.23737100
-1828.24708474
-1828.25873414
-1828.25873414
-1828.26683556
-1828.26701940
-1828.25745080
-1828.23947157
-1828.21726538
-1828.19664582
-1828.18333007
-1828.18122088
-1828.19122002
-1828.21092380
-1828.23529310
-1828.25810923
-1828.27377355
-1828.27892834
-1828.27340475
-1828.27340475
-1828.26021927
-1828.26021927
-1828.24461842
-1828.23245064
-1828.22836489
-1828.23438363
-1828.24927742
-1828.26894164
-1828.28766054
-1828.29986213
-1828.30183813
-1828.29288934
-1828.27555398
-1828.25484670
-1828.23674784
-1828.22640714
-1828.22660788
-1828.23695434
-1828.25401765
-1828.27238027
-1828.28625787
-1828.29119826
-1828.28536115
-1828.27000358
-1828.24904606
-1828.22786755
-1828.21169719
-1828.20409201
-1828.20595648
-1828.21537988
-1828.22833230
-1828.23997959
-1828.24621738
-1828.24493781
-1828.23665394
-1828.22429982
-1828.21229081
-1828.20516179
-1828.20619258
-1828.21643052
-1828.23438384
-1828.25645146
-1828.27795708
-1828.29448390
-1828.30309986
-1828.30311522
-1828.29615291
-1828.28552525
-1828.27512264
-1828.26816901
-1828.26624020
-1828.26884104
-1828.26884104
-1828.27367272
-1828.27748075
-1828.27719262
-1828.27096192
-1828.25879282
-1828.24256532
-1828.22546883
-1828.21103908
-1828.20212024
-1828.20007065
-1828.20446089
-1828.21332805
-1828.22388693
-1828.23345942
-1828.24030997
-1828.24412627
-1828.24598873
-1828.24786818
-1828.25182422
-1828.25918852
-1828.27001913
-1828.28298691
-1828.29574570
-1828.30563568
-1828.31049918
-1828.30933757
-1828.30261426
-1828.29210589
-1828.28036289
-1828.26995740
-1828.26275086
-1828.25941029
-1828.25931720
-1828.26089118
-1828.26222744
-1828.26182518
-1828.25917935
-1828.25501717
-1828.25110862
-1828.24969436
-1828.25270951
-1828.26106479
-1828.27421882
-1828.29019712
-1828.30606650
-1828.31873491
-1828.32582460
-1828.32634477
-1828.32094085
-1828.31163986
-1828.30116124
-1828.29203783
-1828.28582827
-1828.28268261
-1828.28139212
-1828.27990309
-1828.27611694
-1828.26871756
-1828.25775395
-1828.24477277
-1828.23244698
-1828.22380664
-1828.22131362
-1828.22606901
-1828.23742858
-1828.25313300
