-1828.16671454
-1828.15317702
-1828.14703437
-1828.15022861
-1828.16196092
-1828.17887770
-1828.19604236
-1828.20841395
-1828.21239461
-1828.20697004
-1828.19407878
-1828.17809824
-1828.16458594
-1828.15865747
-1828.16346696
-1828.17922093
-1828.20300851
-1828.22951961
-1828.25247362
-1828.26635729
-1828.26797041
-1828.25732482
-1828.23761504
-1828.21427571
-1828.19339398
-1828.17994544
-1828.17637120
-1828.18192335
-1828.19296630
-1828.20414474
-1828.21007165
-1828.20703382
-1828.19419077
-1828.17390693
-1828.15110596
-1828.13182353
-1828.12139781
-1828.12283908
-1828.13589389
-1828.15709352
-1828.18077927
-1828.20080931
-1828.21239796
-1828.21353287
-1828.20552829
-1828.19254382
-1828.18022373
-1828.17388851
-1828.17684456
-1828.18932480
-1828.20840138
-1828.22885183
-1828.24470760
-1828.25100398
-1828.24522708
-1828.22808512
-1828.20338271
-1828.17699454
-1828.15521876
-1828.14298139
-1828.14245178
-1828.15247872
-1828.16901939
-1828.18641951
-1828.19916182
-1828.20354178
-1828.19877004
-1828.18717301
-1828.17342698
-1828.16306900
-1828.16073924
-1828.16868926
-1828.18601660
-1828.20886839
-1828.23155905
-1828.24826043
-1828.25475913
-1828.24973187
-1828.23516035
-1828.21575523
-1828.19755761
-1828.18614182
-1828.18494698
-1828.19425658
-1828.21112087
-1828.23025966
-1828.24567517
-1828.25248486
-1828.25248486
-1828.25248486
-1828.24841827
-1828.23452886
-1828.21489037
-1828.19537656
-1828.18188814
-1828.17858811
-1828.18666213
-1828.20398599
-1828.22576765
-1828.24596649
-1828.25905552
-1828.26159774
-1828.25317963
-1828.23643717
-1828.21618764
-1828.19795292
-1828.18632031
-1828.18364626
-1828.18946133
-1828.20074204
-1828.21293052
-1828.22138169
-1828.22279257
-1828.21617831
-1828.20311323
-1828.18718757
-1828.17287154
-1828.16417038
-1828.16347299
-1828.17090992
-1828.18438155
-1828.20020735
-1828.20020735
-1828.21419721
-1828.22283652
-1828.22424912
-1828.21866688
-1828.20830039
-1828.19664908
-1828.18744756
-1828.18357756
-1828.18624697
-1828.19466816
-1828.20632799
-1828.21775502
-1828.22555425
-1828.22739974
-1828.22269477
-1828.21271561
-1828.20020345
-1828.18852897
-1828.18068636
-1828.17842522
-1828.18178463
-1828.18916029
-1828.19787167
-1828.20503113
-1828.20844822
-1828.20728176
-1828.20224945
-1828.19534951
-1828.18919829
-1828.18622027
-1828.18793048
-1828.19453736
-1828.20494115
-1828.21712472
-1828.22876745
-1828.23790702
-1828.24341869
-1828.24522076
-1828.24416934
-1828.24170300
-1828.23933668
-1828.23815382
-1828.23845110
-1828.23965818
-1828.24054222
-1828.23963003
-1828.23570569
-1828.22822474
-1828.21752905
-1828.20480032
-1828.19177988
-1828.18033790
-1828.17202726
-1828.16772631
-1828.16748075
-1828.17055639
-1828.17568286
-1828.18140344
-1828.18642231
-1828.18988690
-1828.19154022
-1828.19171591
-1828.19117049
-1828.19078182
-1828.19078182
-1828.19120170
-1828.19258072
-1828.19446635
-1828.19591226
-1828.19576223
-1828.19303145
-1828.18727202
-1828.17881203
-1828.16878724
-1828.15893843
-1828.15121358
-1828.14728047
-1828.14809528
-1828.15364331
-1828.16293680
-1828.16671454
-1828.15317702
-1828.14703437
-1828.15022861
-1828.16196092
-1828.17887770
-1828.19604236
-1828.20841395
-1828.21239461
-1828.20697004
-1828.19407878
-1828.17809824
-1828.16458594
-1828.15865747
-1828.16346696
-1828.17922093
-1828.20300851
-1828.22951961
-1828.25247362
-1828.26635729
-1828.26797041
-1828.25732482
-1828.23761504
-1828.21427571
-1828.19339398
-1828.17994544
-1828.17637120
-1828.18192335
-1828.19296630
-1828.20414474
-1828.21007165
-1828.20703382
-1828.19419077
-1828.17390693
-1828.15110596
-1828.13182353
-1828.12139781
-1828.12283908
-1828.13589389
-1828.15709352
-1828.18077927
-1828.20080931
-1828.21239796
-1828.21353287
-1828.20552829
-1828.19254382
-1828.18022373
-1828.17388851
-1828.17684456
-1828.18932480
-1828.20840138
-1828.22885183
-1828.24470760
-1828.25100398
-1828.24522708
-1828.22808512
-1828.20338271
-1828.17699454
-1828.15521876
-1828.14298139
-1828.14245178
-1828.15247872
-1828.16901939
-1828.18641951
-1828.19916182
-1828.20354178
-1828.19877004
-1828.18717301
-1828.17342698
-1828.16306900
-1828.16073924
-1828.16868926
-1828.18601660
-1828.20886839
-1828.23155905
-1828.24826043
-1828.25475913
-1828.24973187
-1828.23516035
-1828.21575523
-1828.19755761
-1828.18614182
-1828.18494698
-1828.19425658
-1828.21112087
-1828.23025966
-1828.24567517
-1828.25248486
-1828.24841827
-1828.23452886
-1828.21489037
-1828.19537656
-1828.18188814
-1828.17858811
-1828.18666213
-1828.20398599
-1828.22576765
-1828.24596649
-1828.25905552
-1828.26159774
-1828.25317963
-1828.23643717
-1828.21618764
-1828.19795292
-1828.18632031
-1828.18364626
-1828.18946133
-1828.20074204
-1828.21293052
-1828.22138169
-1828.22279257
-1828.21617831
-1828.20311323
-1828.18718757
-1828.17287154
-1828.16417038
-1828.16347299
-1828.17090992
-1828.18438155
-1828.20020735
-1828.20020735
-1828.21419721
-1828.22283652
-1828.22424912
-1828.21866688
-1828.20830039
-1828.19664908
-1828.18744756
-1828.18357756
-1828.18624697
-1828.19466816
-1828.20632799
-1828.21775502
-1828.22555425
-1828.22739974
-1828.22269477
-1828.21271561
-1828.20020345
-1828.18852897
-1828.18068636
-1828.17842522
-1828.18178463
-1828.18916029
-1828.19787167
-1828.20503113
-1828.20844822
-1828.20728176
-1828.20728176
-1828.20224945
-1828.19534951
-1828.18919829
-1828.18622027
-1828.18793048
-1828.19453736
-1828.20494115
-1828.21712472
-1828.22876745
-1828.23790702
-1828.24341869
-1828.24522076
-1828.24522076
-1828.24522076
-1828.24416934
-1828.24170300
-1828.23933668
-1828.23815382
-1828.23845110
-1828.23965818
-1828.24054222
-1828.23963003
-1828.23570569
-1828.22822474
-1828.21752905
-1828.20480032
-1828.19177988
-1828.18033790
-1828.17202726
-1828.16772631
-1828.16748075
-1828.17055639
-1828.17568286
-1828.18140344
-1828.18642231
-1828.18988690
-1828.19154022
-1828.19171591
-1828.19117049
-1828.19078182
-1828.19120170
-1828.19258072
-1828.19446635
-1828.19591226
-1828.19576223
-1828.19303145
-1828.18727202
-1828.17881203
-1828.16878724
-1828.15893843
-1828.15121358
-1828.14728047
-1828.14809528
-1828.15364331
-1828.16293680
-1828.17425304
-1828.18557761
-1828.19511744
-1828.20175655
-1828.20530231
-1828.20643409
-1828.20637852
-1828.20642798
-1828.20747189
-1828.20968523
-1828.21247219
-1828.21467278
-1828.21495356
-1828.21227399
-1828.20626801
-1828.19744066
-1828.18710207
-1828.17706678
-1828.16918696
-1828.16486244
-1828.16467309
-1828.16824416
-1828.17438351
-1828.18145706
-1828.18787839
-1828.19255960
-1828.19519435
-1828.19628071
-1828.19689238
-1828.19827181
-1828.20137838
-1828.20652886
-1828.21323751
-1828.22031009
-1828.22616266
-1828.22926267
-1828.22857264
-1828.22386698
-1828.22386698
-1828.21582525
-1828.20588257
-1828.19587473
-1828.18756251
-1828.18217289
-1828.18007571
-1828.18071603
-1828.18285551
-1828.18504036
-1828.18611357
-1828.18559351
-1828.18380608
-1828.18175787
-1828.18080039
-1828.18220524
-1828.18674634
-1828.19441131
-1828.20432594
-1828.21490584
-1828.22421405
-1828.23042153
-1828.23225083
-1828.22928315
-1828.22203920
-1828.21181991
-1828.20034794
-1828.18931728
-1828.17997934
-1828.17289028
-1828.16787507
-1828.16422137
-1828.16102106
-1828.15754457
-1828.15352893
-1828.14929137
-1828.14565162
-1828.14369195
-1828.14442591
-1828.14847963
-1828.15587864
-1828.16600191
-1828.17772997
-1828.18972460
-1828.20076375
-1828.21002170
-1828.21720870
-1828.22253931
-1828.22654205
-1828.22977817
-1828.23258478
-1828.23493525
-1828.23647605
-1828.23670790
-1828.23523082
-1828.23195135
-1828.22718124
-1828.22160934
-1828.21614972
-1828.21173613
-1828.20910045
-1828.20861878
-1828.21025106
-1828.21360205
-1828.21808267
-1828.22311443
-1828.22830562
-1828.23354081
-1828.23894559
-1828.24474463
-1828.25106091
-1828.25772689
-1828.26418704
-1828.26953835
-1828.27272797
-1828.27284671
-1828.26943117
-1828.26266234
-1828.25339550
-1828.24300111
-1828.23305157
-1828.22494366
-1828.21954637
-1828.21698768
-1828.21663247
-1828.21727677
-1828.21752354
-1828.21622345
-1828.21286722
-1828.20779451
-1828.20214767
-1828.19755630
-1828.19563414
-1828.19745137
-1828.20314950
-1828.21183932
-1828.22179215
-1828.23086529
-1828.23705725
-1828.23905399
-1828.23661187
-1828.23061828
-1828.22279978
-1828.21516414
-1828.20939079
-1828.20634267
-1828.20585695
-1828.20684793
-1828.20768562
-1828.20674450
-1828.20297226
-1828.19629502
-1828.18771648
-1828.17905072
-1828.17237206
-1828.16935191
-1828.17070719
-1828.17594472
-1828.18349282
-1828.19117943
-1828.19692106
-1828.19937535
-1828.19836599
-1828.19493855
-1828.19104369
-1828.18894284
-1828.19051332
-1828.19665182
-1828.20695753
-1828.21980529
-1828.23278872
-1828.24341541
-1828.24984098
-1828.25141959
-1828.24888886
-1828.24412012
-1828.23950361
-1828.23714841
-1828.23815758
-1828.24221647
-1828.24765109
-1828.25195182
-1828.25260269
-1828.24794676
-1828.23780933
-1828.22366944
-1828.20831786
-1828.19510293
-1828.18699414
-1828.18572749
-1828.19131281
-1828.20203656
-1828.21497699
-1828.22688126
-1828.23513824
-1828.23855049
-1828.23767237
-1828.23460732
-1828.23232800
-1828.23371882
-1828.24061178
-1828.25310921
-1828.26941046
-1828.28624724
-1828.29983498
-1828.30702714
-1828.30628552
-1828.29814448
-1828.28503173
-1828.27053855
-1828.25835508
-1828.25117883
-1828.24991913
-1828.25342148
-1828.25880860
-1828.26234976
-1828.26060809
-1828.25153849
-1828.23519426
-1828.21382313
-1828.19130192
-1828.17205613
-1828.15978514
-1828.15636607
-1828.16129451
-1828.17183299
-1828.18384328
-1828.19304843
-1828.19633638
-1828.19270463
-1828.18355324
-1828.17223743
-1828.16301685
-1828.15972753
-1828.16458652
-1828.17749455
-1828.17749455
-1828.19605123
-1828.21625497
-1828.23367374
-1828.24471930
-1828.24764701
-1828.24298691
-1828.23329705
-1828.22233276
-1828.21388801
-1828.21066819
-1828.21352256
-1828.22126850
-1828.23114026
-1828.23970901
-1828.24398843
-1828.24238579
-1828.23522705
-1828.22469735
-1828.21420694
-1828.20735879
-1828.20681821
-1828.21342760
-1828.22584491
-1828.24083633
-1828.25415261
-1828.26174762
-1828.26097630
-1828.25140037
-1828.23494602
-1828.21535343
-1828.19709022
-1828.18404623
-1828.17842584
-1828.18016097
-1828.18703349
-1828.19546153
-1828.19546153
-1828.20169553
-1828.20305485
-1828.19882065
-1828.19049336
-1828.18134358
-1828.17537884
-1828.17605170
-1828.17605170
-1828.18510016
-1828.20188781
-1828.22345598
-1828.24528566
-1828.26254370
-1828.27144504
-1828.27028808
-1828.25986955
-1828.24313623
-1828.22420455
-1828.20706849
-1828.19441657
-1828.18691918
-1828.18320525
-1828.18051193
-1828.17577405
-1828.16679593
-1828.15312834
-1828.13636710
-1828.11978626
-1828.10742547
-1828.10290057
-1828.10829919
-1828.12348462
-1828.12348462
-1828.14603010
-1828.17180591
-1828.19606309
-1828.21468258
-1828.22522137
-1828.22745110
-1828.22322816
-1828.21575790
-1828.20849644
-1828.20403846
-1828.20334134
-1828.20550321
-1828.20813317
-1828.20817236
-1828.20293932
-1828.19112547
-1828.17342634
-1828.15257874
-1828.13269189
-1828.11807367
-1828.11192724
-1828.11534412
-1828.12694724
-1828.14327600
-1828.15982844
-1828.17241768
-1828.17843098
-1828.17759103
-1828.17197749
-1828.16530282
-1828.16167476
-1828.16423736
-1828.17411862
-1828.19002678
-1828.20862304
-1828.22556296
-1828.23687712
-1828.24025625
-1828.23580621
-1828.22603610
-1828.21507123
-1828.20734318
-1828.20617713
-1828.21272771
-1828.22559786
-1828.24124972
-1828.25508647
-1828.26286812
-1828.26200740
-1828.25236203
-1828.23625718
-1828.21772463
-1828.20122625
-1828.19024101
-1828.18619173
-1828.18803841
-1828.19267133
-1828.19595879
-1828.19412931
-1828.18504160
-1828.16896052
-1828.14859012
-1828.12834948
-1828.11310425
-1828.10673984
-1828.11099468
-1828.12492836
-1828.14517903
-1828.16695323
-1828.18543249
-1828.19717812
-1828.20109772
-1828.19867010
-1828.19337851
-1828.18950974
-1828.19071532
-1828.19877821
-1828.21297995
-1828.23026757
-1828.24617184
-1828.25620716
-1828.25730673
-1828.24886034
-1828.23299979
-1828.21403738
-1828.19722248
-1828.18718588
-1828.18656242
-1828.19521369
-1828.21028733
-1828.22708942
-1828.24051474
-1828.24658729
-1828.24363941
-1828.23276837
-1828.21742807
-1828.21742807
-1828.20230209
-1828.19180247
-1828.18868292
-1828.19319339
-1828.20303387
-1828.21412321
-1828.22192493
-1828.22291720
-1828.21574924
-1828.20171975
-1828.18443240
-1828.16873862
-1828.15929279
-1828.15918075
-1828.16901848
-1828.18679492
-1828.20848785
-1828.22924955
-1828.24480612
-1828.25263823
-1828.25260923
-1828.24684689
-1828.23892773
-1828.23263407
-1828.23067252
-1828.23378091
-1828.24051317
-1828.24776733
-1828.25185818
-1828.24979085
-1828.24030690
-1828.22437035
-1828.20494114
-1828.18610561
-1828.17184399
-1828.16481969
-1828.16558042
-1828.17242254
-1828.18196639
-1828.18196639
-1828.19025820
-1828.19404490
-1828.19180628
-1828.18422443
-1828.17393944
-1828.16467250
-1828.15999773
-1828.16216067
-1828.17131863
-1828.18544574
-1828.20094974
-1828.21378069
-1828.22069618
-1828.22027773
-1828.21338634
-1828.20291296
-1828.19290866
-1828.18733657
-1828.18884142
-1828.19789894
-1828.21261590
-1828.22925819
-1828.24334044
-1828.25097192
-1828.25005009
-1828.24092356
-1828.22632521
-1828.21056064
-1828.19818249
-1828.19257401
-1828.19488658
-1828.20369325
-1828.21547621
-1828.22579146
-1828.23073328
-1828.22822703
-1828.21873572
-1828.20514981
-1828.19188702
-1828.18347911
-1828.18310379
-1828.19152282
-1828.20678335
-1828.22477526
-1828.24046972
-1828.24944107
-1828.24920131
-1828.23993060
-1828.22438718
-1828.20702708
-1828.19261249
-1828.18475853
-1828.18485077
-1828.19168910
-1828.20194473
-1828.21128550
-1828.21580055
-1828.21329056
-1828.20401823
-1828.19067634
-1828.17757845
-1828.16931793
-1828.16931186
-1828.17869685
-1828.19591951
-1828.21715013
-1828.23738002
-1828.25186351
-1828.25747090
-1828.25355292
-1828.24205447
-1828.22684669
-1828.21248720
-1828.20279230
-1828.19967758
-1828.20262861
-1828.20896116
-1828.21478487
-1828.21635830
-1828.21140557
-1828.19996446
-1828.18449937
-1828.16921458
-1828.15878874
-1828.15690879
-1828.16506390
-1828.18198267
-1828.20390567
-1828.22561942
-1828.24194885
-1828.24924397
-1828.24642153
-1828.23523451
-1828.21969760
-1828.20482664
-1828.19509312
-1828.19305095
-1828.19856606
-1828.20888580
-1828.21952755
-1828.22571782
-1828.22393837
-1828.21310705
-1828.19502604
-1828.17393696
-1828.15529529
-1828.14413877
-1828.14354598
-1828.15366748
-1828.17163841
-1828.19241138
-1828.21024902
-1828.22042197
-1828.22059172
-1828.21145371
-1828.19645089
-1828.18063606
-1828.16905602
-1828.16514780
-1828.16966073
-1828.18043335
-1828.19311459
-1828.20257376
-1828.20458118
-1828.19721761
-1828.18157579
-1828.16152700
-1828.14260622
-1828.13035141
-1828.12860359
-1828.13831203
-1828.15721115
-1828.18049628
-1828.20227232
-1828.21733822
-1828.22273204
-1828.21857632
-1828.20797015
-1828.19596326
-1828.18794804
-1828.18794562
-1828.19732300
-1828.21431820
-1828.23451885
-1828.25214539
-1828.26175949
-1828.25988119
-1828.24604707
-1828.22296725
-1828.19574965
-1828.17041212
-1828.15216299
-1828.14395070
-1828.14572925
-1828.15463523
-1828.16600232
-1828.17490131
-1828.17771293
-1828.17326098
-1828.17326098
-1828.16315252
-1828.16315252
-1828.15123989
-1828.14235996
-1828.14075935
-1828.14868020
-1828.16555690
-1828.18808685
-1828.21114949
-1828.22930707
-1828.23842206
-1828.23689141
-1828.22611406
-1828.21002540
-1828.19385762
-1828.18250649
-1828.17903851
-1828.18378961
-1828.19434477
-1828.20638489
-1828.21513563
-1828.21695678
-1828.21056922
-1828.19750428
-1828.18163371
-1828.16791769
-1828.16079479
-1828.16273213
-1828.17340995
-1828.18979222
-1828.20705886
-1828.22008765
-1828.22502564
-1828.22045343
-1828.20778065
-1828.19074531
-1828.17418592
-1828.16249053
-1828.15822397
-1828.16136523
-1828.16940215
-1828.17822166
-1828.18351343
-1828.18223084
-1828.17363575
-1828.15960538
-1828.14411350
-1828.13205022
-1828.12774584
-1828.13363906
-1828.14948784
-1828.17237394
-1828.19750144
-1828.21956697
-1828.23427686
-1828.23955729
-1828.23955729
-1828.23955729
-1828.17104419
-1828.10967935
-1828.07159276
-1828.06580329
-1828.09157293
-1828.13873003
-1828.19085191
-1828.19085191
-1828.23033809
-1828.24382708
-1828.24382708
-1828.22631393
-1828.18271686
-1828.12640480
-1828.07512686
-1828.04555635
-1828.04812114
-1828.08370102
-1828.14321797
-1828.21027870
-1828.26605772
-1828.29495721
-1828.28929188
-1828.25158526
-1828.19378180
-1828.13361359
-1828.08923855
-1828.07375937
-1828.09128968
-1828.13575546
-1828.19281009
-1828.24427217
-1828.27374321
-1828.27167821
-1828.23835606
-1828.18382778
-1828.12484613
-1828.07971627
-1828.06267118
-1828.07949047
-1828.12570281
-1828.18788848
-1828.24770820
-1828.28741852
-1828.29521824
-1828.26879691
-1828.21600045
-1828.15242140
-1828.09664292
-1828.06459370
-1828.06473966
-1828.09556730
-1828.14613615
-1828.19951980
-1828.23808072
-1828.24896250
-1828.22810144
-1828.18154201
-1828.12364365
-1828.07273993
-1828.04556403
-1828.05214469
-1828.09271720
-1828.15758451
-1828.22997197
-1828.29100952
-1828.32533729
-1828.32563961
-1828.29473581
-1828.29473581
-1828.24459705
-1828.19259822
-1828.15614315
-1828.14730369
-1828.16910252
-1828.21458633
-1828.26896984
-1828.31420318
-1828.33455980
-1828.32152369
-1828.27648595
-1828.21043048
-1828.14071034
-1828.08590847
-1828.06034961
-1828.06991000
-1828.11037497
-1828.16880834
-1828.22750371
-1828.26931619
-1828.28276913
-1828.26539306
-1828.22431002
-1828.17390083
-1828.13127511
-1828.11094661
-1828.12033768
-1828.15747529
-1828.21157640
-1828.26631513
-1828.30476774
-1828.31453430
-1828.29148443
-1828.24101839
-1828.17647389
-1828.11518474
-1828.07338820
-1828.06149854
-1828.08115089
-1828.12487894
-1828.17851271
-1828.22555589
-1828.25222040
-1828.25157393
-1828.22555616
-1828.18426093
-1828.14272100
-1828.11618494
-1828.11534049
-1828.14293056
-1828.19281377
-1828.25173982
-1828.30330480
-1828.33286263
-1828.33188960
-1828.30047875
-1828.24723576
-1828.18663745
-1828.13468258
-1828.10416793
-1828.10101445
-1828.12273236
-1828.15946101
-1828.19722690
-1828.22239223
-1828.22591583
-1828.20610689
-1828.16905339
-1828.12661643
-1828.12661643
-1828.09264753
-1828.07860809
-1828.08996441
-1828.12444534
-1828.17269487
-1828.22108505
-1828.25582373
-1828.26707426
-1828.25185220
-1828.21483326
-1828.16685570
-1828.12161570
-1828.09157376
-1828.08431731
-1828.10045390
-1828.13364325
-1828.17272283
-1828.20524590
-1828.22135932
-1828.21681786
-1828.19422172
-1828.16211872
-1828.13225230
-1828.11583531
-1828.11999620
-1828.14550986
-1828.18649356
-1828.23215040
-1828.27002369
-1828.28974010
-1828.28610966
-1828.26063232
-1828.22097219
-1828.17857238
-1828.14515994
-1828.12922077
-1828.13350279
-1828.15432991
-1828.18291466
-1828.20824648
-1828.22066674
-1828.21499192
-1828.19220925
-1828.15920844
-1828.12663437
-1828.10554842
-1828.10395505
-1828.12428087
-1828.16256996
-1828.20962985
-1828.25376133
-1828.28423091
-1828.29442423
-1828.28372852
-1828.25757145
-1828.22563663
-1828.19881372
-1828.18583651
-1828.19064751
-1828.21128618
-1828.24061971
-1828.26868405
-1828.28587505
-1828.28599196
-1828.26819140
-1828.23723773
-1828.20198746
-1828.17258988
-1828.15728564
-1828.15980961
-1828.17821858
-1828.20551592
-1828.23186773
-1828.24772059
-1828.24683238
-1828.22825707
-1828.19667464
-1828.16096080
-1828.13144893
-1828.11673467
-1828.12101246
-1828.14275756
-1828.17516154
-1828.20819526
-1828.23166781
-1828.23833304
-1828.22609703
-1828.19862839
-1828.16420375
-1828.13314800
-1828.11466943
-1828.11406429
-1828.13115694
-1828.16044343
-1828.19287598
-1828.21872523
-1828.23060823
-1828.22573093
-1828.20664954
-1828.18035353
-1828.15599405
-1828.14199376
-1828.14342025
-1828.16041480
-1828.18814739
-1828.21832038
-1828.24173829
-1828.25116000
-1828.24354291
-1828.22098660
-1828.19008879
-1828.15992207
-1828.13925123
-1828.13387044
-1828.14487267
-1828.16838231
-1828.19682485
-1828.22131281
-1828.23440631
-1828.23238148
-1828.21631723
-1828.19168651
-1828.16659485
-1828.14922715
-1828.14529695
-1828.15629162
-1828.17904589
-1828.20677405
-1828.23121640
-1828.24521744
-1828.24492296
-1828.23091327
-1828.20793258
-1828.18332392
-1828.16467285
-1828.15741139
-1828.16313784
-1828.17917249
-1828.19947808
-1828.21663564
-1828.22424440
-1828.21897560
-1828.20164376
-1828.17696113
-1828.15207386
-1828.13433818
-1828.12905035
-1828.13782059
-1828.15808545
-1828.18389878
-1828.20773636
-1828.22274915
-1828.22477502
-1828.21350241
-1828.19244207
-1828.16775598
-1828.14630586
-1828.13354193
-1828.13188273
-1828.14007263
-1828.15371459
-1828.16678432
-1828.17363800
-1828.17086647
-1828.15842413
-1828.13967303
-1828.12035427
-1828.10680920
-1828.10400450
-1828.11398720
-1828.13523618
-1828.16309678
-1828.19116065
-1828.21314401
-1828.22468868
-1828.22454103
-1828.21475382
-1828.19987287
-1828.18538984
-1828.17597141
-1828.17403255
-1828.17909467
-1828.18808280
-1828.19644115
-1828.19969847
-1828.19497950
-1828.18199756
-1828.16320825
-1828.14308939
-1828.12679499
-1828.11862268
-1828.12077251
-1828.13277036
-1828.15170738
-1828.17320225
-1828.19276290
-1828.20710040
-1828.21496750
-1828.21726998
-1828.21645709
-1828.21545636
-1828.21652277
-1828.22038484
-1828.22596081
-1828.23071399
-1828.23153032
-1828.22583049
-1828.21254847
-1828.19264181
-1828.16897303
-1828.14556639
-1828.12649177
-1828.11472396
-1828.11134976
-1828.11536373
-1828.12412670
-1828.13430014
-1828.14293920
-1828.14839348
-1828.15074763
-1828.15167791
-1828.15379574
-1828.15968233
-1828.17092166
-1828.18744873
-1828.20742738
-1828.22769699
-1828.24465809
-1828.25530147
-1828.25807524
-1828.25331243
-1828.24309577
-1828.23059704
-1828.21908839
-1828.21094463
-1828.20694337
-1828.20610642
-1828.20612809
-1828.20425330
-1828.19831721
-1828.18760916
-1828.17325882
-1828.15801632
-1828.14548651
-1828.13903646
-1828.14072713
-1828.15062282
-1828.16670644
-1828.18544718
-1828.20284302
-1828.21560944
-1828.22213502
-1828.22290288
-1828.22024614
-1828.21752538
-1828.21798419
-1828.22366042
-1828.23468879
-1828.24921483
-1828.26395275
-1828.27519277
-1828.27994846
-1828.27687239
-1828.26665739
-1828.25180048
-1828.23583784
-1828.22228458
-1828.21363684
-1828.21072152
-1828.21259193
-1828.21697163
-1828.22109542
-1828.22266893
-1828.22063712
-1828.21551605
-1828.20918499
-1828.20421110
-1828.20292337
-1828.20655485
-1828.21471627
-1828.22539857
-1828.23549603
-1828.24170226
-1828.24148396
-1828.23383928
-1828.21960878
-1828.20127936
-1828.18234436
-1828.16636483
-1828.15600759
-1828.15232241
-1828.15451322
-1828.16029443
-1828.16671857
-1828.17121599
-1828.17248243
-1828.17092668
-1828.16850892
-1828.16801470
-1828.17201324
-1828.18184811
-1828.19701729
-1828.21515826
-1828.23266367
-1828.24571923
-1828.25144235
-1828.24875679
-1828.23872079
-1828.22420327
-1828.20899839
-1828.19664770
-1828.18934506
-1828.18728518
-1828.18867750
-1828.19043056
-1828.18929500
-1828.18309192
-1828.17161461
-1828.15688760
-1828.14267642
-1828.13336741
-1828.13257199
-1828.14189362
-1828.16027565
-1828.18416474
-1828.20845080
-1828.20845080
-1828.22791877
-1828.23874796
-1828.23960571
-1828.23199042
-1828.21971131
-1828.20765963
-1828.20024409
-1828.19996763
-1828.20661019
-1828.21728701
-1828.22737210
-1828.23202901
-1828.22785676
-1828.21413745
-1828.19327456
-1828.17025644
-1828.15127420
-1828.14189370
-1828.14531931
-1828.16130811
-1828.18607693
-1828.21327755
-1828.23577471
-1828.24771599
-1828.24626790
-1828.23247345
-1828.21093293
-1828.18838402
-1828.17161795
-1828.16540893
-1828.17107528
-1828.18609515
-1828.20489622
-1828.22057945
-1828.22709851
-1828.22122375
-1828.20367085
-1828.17901895
-1828.15440511
-1828.13737874
-1828.13357719
-1828.14493036
-1828.16898007
-1828.19953470
-1828.22848325
-1828.24821051
-1828.25387512
-1828.24484499
-1828.22485034
-1828.20081173
-1828.18068729
-1828.17099051
-1828.17474388
-1828.19049940
-1828.21274738
-1828.23360047
-1828.24523483
-1828.24235646
-1828.22392767
-1828.19362927
-1828.15889082
-1828.12877216
-1828.11131047
-1828.11112748
-1828.12803599
-1828.15707126
-1828.18994942
-1828.21751289
-1828.23242724
-1828.23131794
-1828.21571441
-1828.19150889
-1828.16709998
-1828.15076424
-1828.14806528
-1828.16009244
-1828.18310297
-1828.20968820
-1828.23111994
-1828.24013098
-1828.23324867
-1828.21193585
-1828.18218846
-1828.15273578
-1828.13241558
-1828.12749499
-1828.13973852
-1828.16582674
-1828.19831313
-1828.22785355
-1828.24602809
-1828.24789889
-1828.23349967
-1828.20781578
-1828.17924680
-1828.15703290
-1828.14842955
-1828.15649819
-1828.17919501
-1828.21001694
-1828.23999580
-1828.26041136
-1828.26540456
-1828.25370082
-1828.22895124
-1828.19860174
-1828.17163896
-1828.15590368
-1828.15576531
-1828.17084217
-1828.19615399
-1828.22366038
-1828.24472636
-1828.25275998
-1828.24524281
-1828.22451578
-1828.19709032
-1828.17168030
-1828.15654980
-1828.15696957
-1828.17356658
-1828.20206300
-1828.23450504
-1828.26161856
-1828.27558405
-1828.27239020
-1828.25305472
-1828.22332367
-1828.19193660
-1828.16799070
-1828.15818356
-1828.16478598
-1828.18495742
-1828.21163612
-1828.23571299
-1828.24884731
-1828.24605064
-1828.22724660
-1828.19732276
-1828.16466117
-1828.13860927
-1828.12665157
-1828.13216493
-1828.15343375
-1828.18421296
-1828.21564943
-1828.23896873
-1828.24809718
-1828.24144693
-1828.22232460
-1828.19784720
-1828.17668748
-1828.16635357
-1828.17082981
-1828.18931662
-1828.21644241
-1828.24387058
-1828.26282392
-1828.26675289
-1828.25335873
-1828.22536107
-1828.18977344
-1828.15590619
-1828.13267281
-1828.12601146
-1828.13718650
-1828.16247588
-1828.19433916
-1828.22370127
-1828.24267072
-1828.24686212
-1828.23662291
-1828.21679786
-1828.19510738
-1828.17965263
-1828.17632334
-1828.18691221
-1828.20851437
-1828.23438470
-1828.25599300
-1828.26566137
-1828.25897287
-1828.23621780
-1828.20242573
-1828.16595150
-1828.13602796
-1828.12004250
-1828.12135386
-1828.13834748
-1828.16500207
-1828.19279819
-1828.21334610
-1828.22092842
-1828.21417878
-1828.19639887
-1828.17443696
-1828.15647564
-1828.14941834
-1828.15667174
-1828.17700761
-1828.20484793
-1828.23191651
-1828.24972256
-1828.25215466
-1828.23737967
-1828.20846663
-1828.17255615
-1828.13880721
-1828.11577363
-1828.10897026
-1828.11936579
-1828.14322497
-1828.17331876
-1828.20113282
-1828.21941394
-1828.22429137
-1828.21633780
-1828.20027041
-1828.18338382
-1828.17320439
-1828.17507624
-1828.19041167
-1828.21613624
-1828.24550224
-1828.27003254
-1828.28202276
-1828.27685633
-1828.25443437
-1828.21927135
-1828.17923596
-1828.14329473
-1828.11895323
-1828.11016113
-1828.11631822
-1828.13266140
-1828.15190399
-1828.16660014
-1828.17150111
-1828.16518206
-1828.15044883
-1828.13341955
-1828.12156547
-1828.12132250
-1828.13601468
-1828.16470662
-1828.20234768
-1828.24115036
-1828.27279124
-1828.29077213
-1828.29222332
-1828.27860466
-1828.25509712
-1828.22891917
-1828.20713682
-1828.19465307
-1828.19295190
-1828.19989859
-1828.21060925
-1828.21911918
-1828.22033019
-1828.21165890
-1828.19388002
-1828.17092573
-1828.14871057
-1828.13334406
-1828.12928182
-1828.13796094
-1828.15731710
-1828.18232604
-1828.20640421
-1828.22324306
-1828.22855431
-1828.22120735
-1828.20344093
-1828.18010945
-1828.15721215
-1828.14014636
-1828.13219795
-1828.13370837
-1828.14215359
-1828.15309998
-1828.16172906
-1828.16445142
-1828.16010003
-1828.15031304
-1828.13899616
-1828.13104551
-1828.13073420
-1828.14030662
-1828.15921077
-1828.18420894
-1828.21030457
-1828.23218762
-1828.24572535
-1828.24906320
-1828.24301677
-1828.23066919
-1828.21634028
-1828.20425237
-1828.19731558
-1828.19638055
-1828.20016720
-1828.20586198
-1828.21015690
-1828.21038990
-1828.20542031
-1828.19598506
-1828.18444854
-1828.17404743
-1828.16788000
-1828.16795028
-1828.17455337
-1828.18617567
-1828.19993065
-1828.21239435
-1828.22057652
-1828.22274699
-1828.21886139
-1828.21047622
-1828.20018236
-1828.19074767
-1828.18424049
-1828.18424049
-1828.18141319
-1828.18153784
-1828.18273951
-1828.18270430
-1828.17953229
-1828.17244762
-1828.16214954
-1828.15069963
-1828.14096926
-1828.13583238
-1828.13732950
-1828.14604710
-1828.16089618
-1828.17935366
-1828.19810707
-1828.21392110
-1828.22446557
-1828.22883856
-1828.22765409
-1828.22268220
-1828.21618468
-1828.21016792
-1828.20579224
-1828.20310464
-1828.20117814
-1828.19858574
-1828.19402472
-1828.18686311
-1828.17741915
-1828.16690733
-1828.15710826
-1828.14990513
-1828.14681806
-1828.14865143
-1828.15530904
-1828.16583031
-1828.17862887
-1828.19187746
-1828.20394023
-1828.21373164
-1828.22091344
-1828.22586994
-1828.22947867
-1828.23273738
-1828.23637186
-1828.24054893
-1828.24477745
-1828.24802174
-1828.24899235
-1828.24653153
-1828.24000312
-1828.24000312
-1828.22957647
-1828.21630181
-1828.20193561
-1828.18852980
-1828.17793484
-1828.17134115
-1828.16902490
-1828.17034456
-1828.17400056
-1828.17846797
-1828.18245808
-1828.18527168
-1828.18693987
-1828.18814282
-1828.18994336
-1828.19339512
-1828.19913700
-1828.20710598
-1828.21646918
-1828.22580017
-1828.23345266
-1828.23800264
-1828.23862066
-1828.23526553
-1828.22865244
-1828.22002323
-1828.21080590
-1828.20227193
-1828.19526281
-1828.19005046
-1828.18633973
-1828.18339596
-1828.18028923
-1828.17618248
-1828.17061686
-1828.16370805
-1828.15621047
-1828.14940987
-1828.14484612
-1828.14387044
-1828.14713866
-1828.15424764
-1828.16373595
-1828.17348901
-1828.18134987
-1828.18571434
-1828.18591480
-1828.18232096
-1828.17615317
-1828.16908090
-1828.16272807
-1828.15821724
-1828.15586600
-1828.15511897
-1828.15475619
-1828.15334390
-1828.14977728
-1828.14372002
-1828.13578934
-1828.12743016
-1828.12052387
-1828.11686089
-1828.11763535
-1828.12310214
-1828.13250632
-1828.14429020
-1828.15651568
-1828.16737299
-1828.17563263
-1828.18089682
-1828.18358919
-1828.18470439
-1828.18541384
-1828.18667005
-1828.18891380
-1828.19195332
-1828.19504349
-1828.19713749
-1828.19724503
-1828.19478860
-1828.18986270
-1828.18330368
-1828.17654549
-1828.17128645
-1828.16904792
-1828.17072498
-1828.17627157
-1828.18465362
-1828.19412827
-1828.20276670
-1828.20901739
-1828.21212262
-1828.21226443
-1828.21042418
-1828.20801629
-1828.20638972
-1828.20633841
-1828.20778161
-1828.20973060
-1828.21058965
-1828.20868814
-1828.20286101
-1828.19290640
-1828.17976279
-1828.16535707
-1828.15216597
-1828.14259701
-1828.13838648
-1828.14018266
-1828.14742729
-1828.15855281
-1828.17141899
-1828.18386604
-1828.19422153
-1828.20165206
-1828.20627178
-1828.20898506
-1828.21112423
-1828.21396598
-1828.21827476
-1828.22400571
-1828.23025680
-1828.23551056
-1828.23808810
-1828.23668289
-1828.23081450
-1828.22104173
-1828.20888232
-1828.19644963
-1828.18593100
-1828.17905882
-1828.17672210
-1828.17882262
-1828.18438361
-1828.19187414
-1828.19965684
-1828.20642644
-1828.21153456
-1828.21510747
-1828.21791875
-1828.22105807
-1828.22549468
-1828.23166291
-1828.23921859
-1828.24704368
-1828.25350110
-1828.25686979
-1828.25582860
-1828.24985718
-1828.23942132
-1828.22590294
-1828.21127998
-1828.19765053
-1828.18674838
-1828.17956648
-1828.17619742
-1828.17590459
-1828.17741694
-1828.17937338
-1828.18078831
-1828.18139163
-1828.18172211
-1828.18291364
-1828.18625642
-1828.19267121
-1828.20229425
-1828.21430834
-1828.22707083
-1828.23850407
-1828.24662498
-1828.25005803
-1828.24839038
-1828.24225020
-1828.23309483
-1828.22277451
-1828.21300310
-1828.20490210
-1828.19874270
-1828.19396151
-1828.18943673
-1828.18394889
-1828.17669808
-1828.16771882
-1828.15805325
-1828.14958926
-1828.14458047
-1828.14498943
-1828.15184493
-1828.16483466
-1828.18227396
-1828.20147515
-1828.21941796
-1828.23352437
-1828.24230915
-1828.24569616
-1828.24491213
-1828.24198842
-1828.23903313
-1828.23750112
-1828.23769462
-1828.23863672
-1828.23837007
-1828.23460096
-1828.22550512
-1828.21046739
-1828.19049709
-1828.16817019
-1828.14707334
-1828.13090682
-1828.12250043
-1828.12306119
-1828.13185630
-1828.14644420
-1828.16337815
-1828.17916797
-1828.19122926
-1828.19854144
-1828.20182840
-1828.20319644
-1828.20535878
-1828.21065915
-1828.22020614
-1828.23338404
-1828.24790103
-1828.26038365
-1828.26735062
-1828.26627696
-1828.25643400
-1828.23924316
-1828.21801188
-1828.19712541
-1828.18089975
-1828.17243436
-1828.17278823
-1828.18073017
-1828.19314053
-1828.20595156
-1828.21535016
-1828.21888981
-1828.21617950
-1828.20893001
-1828.20034437
-1828.19403197
-1828.19278014
-1828.19756944
-1828.20714668
-1828.21829012
-1828.22669980
-1828.22826496
-1828.22034464
-1828.20267212
-1828.17757840
-1828.14944217
-1828.12352111
-1828.10451866
-1828.09531491
-1828.09625133
-1828.10515735
-1828.11811666
-1828.13074135
-1828.13955490
-1828.14307126
-1828.14221905
-1828.13999625
-1828.14045559
-1828.14734514
-1828.16282003
-1828.18661950
-1828.21595977
-1828.24618795
-1828.27199676
-1828.28886182
-1828.29427246
-1828.28839279
-1828.27394907
-1828.25539342
-1828.23760075
-1828.22449806
-1828.21803313
-1828.21775752
-1828.22113674
-1828.22447904
-1828.22420714
-1828.21809637
-1828.20608484
-1828.19040616
-1828.17499535
-1828.16433004
-1828.16205420
-1828.16980624
-1828.18660867
-1828.20902990
-1828.23207060
-1828.25052745
-1828.26041743
-1828.26005014
-1828.25043261
-1828.23490641
-1828.21811919
-1828.20464924
-1828.19768086
-1828.19813334
-1828.20448907
-1828.21337481
-1828.22070882
-1828.22305129
-1828.21874475
-1828.20849367
-1828.19520621
-1828.18314609
-1828.17666259
-1828.17887737
-1828.19070803
-1828.21052247
-1828.23451631
-1828.25771013
-1828.27529253
-1828.28391275
-1828.28254123
-1828.27265282
-1828.25767917
-1828.24192327
-1828.22927931
-1828.22212995
-1828.22073970
-1828.22330279
-1828.22660541
-1828.22712123
-1828.22218904
-1828.21093956
-1828.19468869
-1828.17665984
-1828.16111489
-1828.15213607
-1828.15242917
-1828.16250521
-1828.18048153
-1828.20257638
-1828.22413483
-1828.24089548
-1828.25012558
-1828.25128164
-1828.24601827
-1828.23755786
-1828.22963816
-1828.22535170
-1828.22624017
-1828.23188273
-1828.24009705
-1828.24767781
-1828.25144144
-1828.24926724
-1828.24080236
-1828.22761923
-1828.21277317
-1828.19990621
-1828.19217158
-1828.19131210
-1828.19715396
-1828.20765429
-1828.21948138
-1828.22896584
-1828.23313620
-1828.23053065
-1828.22156038
-1828.20832216
-1828.19394980
-1828.18170076
-1828.17404837
-1828.17202567
-1828.17500421
-1828.18096005
-1828.18714165
-1828.19094453
-1828.19072697
-1828.18632747
-1828.17911890
-1828.17159157
-1828.16658802
-1828.16641811
-1828.17212774
-1828.18313146
-1828.19734294
-1828.21175735
-1828.22330485
-1828.22972145
-1828.23014775
-1828.22529690
-1828.21714936
-1828.20827311
-1828.20100301
-1828.19671814
-1828.19544957
-1828.19592887
-1828.19607134
-1828.19374588
-1828.18757524
-1828.17752456
-1828.16506843
-1828.15286910
-1828.14403827
-1828.14121351
-1828.14572031
-1828.15711306
-1828.17322746
-1828.19074246
-1828.20606763
-1828.21629496
-1828.21992637
-1828.21718541
-1828.20983629
-1828.20058688
-1828.19225990
-1828.18697059
-1828.18555418
-1828.18739223
-1828.19069533
-1828.19314341
-1828.19269226
-1828.18830160
-1828.18035520
-1828.17064602
-1828.16191500
-1828.15707729
-1828.15836272
-1828.16662545
-1828.18104520
-1828.19929127
-1828.21811520
-1828.23419285
-1828.24497796
-1828.24931873
-1828.24766629
-1828.24180033
-1828.23417761
-1828.22709702
-1828.22195506
-1828.21882311
-1828.21647850
-1828.21287446
-1828.20589762
-1828.19417563
-1828.17767880
-1828.15792637
-1828.13770683
-1828.12039489
-1828.10905270
-1828.10562473
-1828.11045248
-1828.12226753
-1828.13862383
-1828.15663816
-1828.17378994
-1828.18854239
-1828.20061088
-1828.21081735
-1828.22059846
-1828.23134711
-1828.24378950
-1828.25759785
-1828.27136617
-1828.28294716
-1828.29007113
-1828.29103701
-1828.28527048
-1828.27355667
-1828.25787223
-1828.24087374
-1828.22521159
-1828.21288627
-1828.20483904
-1828.20087291
-1828.19990002
-1828.20042202
-1828.20107250
-1828.20106609
-1828.20041343
-1828.19984725
-1828.20048429
-1828.20333982
-1828.20885256
-1828.21659162
-1828.22525189
-1828.23296241
-1828.23780533
-1828.23839012
-1828.23427648
-1828.22610503
-1828.21538714
-1828.20402724
-1828.19375500
-1828.18566846
-1828.18000536
-1828.17621413
-1828.17326925
-1828.17014040
-1828.16625391
-1828.16178498
-1828.15768826
-1828.15542704
-1828.15649361
-1828.16187112
-1828.17161917
-1828.18472524
-1828.19929271
-1828.21299438
-1828.22366914
-1828.22987036
-1828.23119787
-1828.22831492
-1828.22267428
-1828.21604075
-1828.20996484
-1828.20536192
-1828.20230920
-1828.20011888
-1828.20011888
-1828.19764883
-1828.19376653
-1828.18780740
-1828.17989435
-1828.17099989
-1828.16273647
-1828.15693647
-1828.15514030
-1828.15815822
-1828.16582634
-1828.17704225
-1828.19004185
-1828.20284805
-1828.21374558
-1828.22167966
-1828.22647369
-1828.22880071
-1828.22989619
-1828.23108441
-1828.23325965
-1828.23651872
-1828.24006299
-1828.24241715
-1828.24190169
-1828.23720653
-1828.22788579
-1828.21461561
-1828.19912684
-1828.18382933
-1828.17122819
-1828.16331154
-1828.16107177
-1828.16429963
-1828.17170525
-1828.18133305
-1828.19113044
-1828.19952313
-1828.20580637
-1828.21026007
-1828.21395340
-1828.21829920
-1828.22449120
-1828.23299818
-1828.24327873
-1828.25380706
-1828.26243885
-1828.26698274
-1828.26583033
-1828.25844514
-1828.24556779
-1828.22907470
-1828.21151692
-1828.19546110
-1828.18283425
-1828.17443938
-1828.16982378
-1828.16751136
-1828.16555324
-1828.16220951
-1828.15655845
-1828.14883615
-1828.14040495
-1828.13336303
-1828.12990583
-1828.13162785
-1828.13898168
-1828.15105047
-1828.16571419
-1828.18018044
-1828.19172482
-1828.19842807
-1828.19968830
-1828.19634890
-1828.19041244
-1828.18442832
-1828.18074305
-1828.18082829
-1828.18082829
-1828.18487385
-1828.19176748
-1828.19945886
-1828.20561670
-1828.20838550
-1828.20701956
-1828.20219247
-1828.19585588
-1828.19067698
-1828.18920984
-1828.19305579
-1828.20228627
-1828.21531540
-1828.22929529
-1828.24091678
-1828.24738930
-1828.24728824
-1828.24098912
-1828.23053318
-1828.21897198
-1828.20938801
-1828.20390710
-1828.20302083
-1828.20542762
-1828.20846164
-1828.20898790
-1828.20448902
-1828.19400053
-1828.17857760
-1828.16112427
-1828.14560532
-1828.13588992
-1828.13456759
-1828.14212539
-1828.15675496
-1828.17484583
-1828.19201822
-1828.20437754
-1828.20960039
-1828.20751852
-1828.20003504
-1828.19040299
-1828.18212602
-1828.17782117
-1828.17840010
-1828.18279210
-1828.18828811
-1828.19138837
-1828.18892469
-1828.17912349
-1828.16228664
-1828.14086379
-1828.11887929
-1828.10085887
-1828.09057264
-1828.08996306
-1828.09857007
-1828.11362517
-1828.13080873
-1828.14545468
-1828.15386976
-1828.15437012
-1828.14774346
-1828.13697829
-1828.12634931
-1828.12011358
-1828.12118715
-1828.13020380
-1828.14523778
-1828.16230072
-1828.17650453
-1828.18354702
-1828.18107550
-1828.16949373
-1828.15193211
-1828.13338006
-1828.11922839
-1828.11368798
-1828.11855339
-1828.13270674
-1828.15249181
-1828.17283645
-1828.18876875
-1828.19685752
-1828.19615263
-1828.18835119
-1828.17718067
-1828.16720490
-1828.16241483
-1828.16501725
-1828.17475174
-1828.18894107
-1828.20326686
-1828.21307776
-1828.21483173
-1828.20723012
-1828.19168004
-1828.17193684
-1828.15304686
-1828.13990444
-1828.13585080
-1828.14173735
-1828.15570417
-1828.17375466
-1828.19096119
-1828.20293143
-1828.20711883
-1828.20354808
-1828.19472803
-1828.18477166
-1828.17800066
-1828.17748382
-1828.18401725
-1828.19587067
-1828.20936552
-1828.22003225
-1828.22400224
-1828.21920774
-1828.20606123
-1828.18739493
-1828.16766824
-1828.15168462
-1828.14318985
-1828.14378720
-1828.15250240
-1828.16612574
-1828.18021738
-1828.19047192
-1828.19401608
-1828.19025186
-1828.18098472
-1828.16980515
-1828.16092009
-1828.15782267
-1828.16220503
-1828.17346507
-1828.18892884
-1828.20471106
-1828.21693182
-1828.22290033
-1828.22190322
-1828.21536220
-1828.20631881
-1828.19843144
-1828.19480777
-1828.19703894
-1828.20472211
-1828.21560801
-1828.22631223
-1828.23336225
-1828.23427455
-1828.22831896
-1828.21675722
-1828.20245982
-1828.18905239
-1828.17984591
-1828.17688191
-1828.18036406
-1828.18863331
-1828.19869184
-1828.20711818
-1828.21110548
-1828.20931401
-1828.20228042
-1828.19224753
-1828.18247148
-1828.17620153
-1828.17565148
-1828.18126974
-1828.19155219
-1828.20345465
-1828.21329524
-1828.21786440
-1828.21539490
-1828.20608166
-1828.19199323
-1828.17641832
-1828.16285506
-1828.15395594
-1828.15076876
-1828.15249902
-1828.15686849
-1828.16095369
-1828.16221340
-1828.15936929
-1828.15285237
-1828.14468152
-1828.13781680
-1828.13519649
-1828.13874710
-1828.14868400
-1828.16330810
-1828.17939008
-1828.19302706
-1828.20073280
-1828.20043003
-1828.19204645
-1828.17753179
-1828.16030421
-1828.14428704
-1828.13284138
-1828.12789316
-1828.12950880
-1828.13602463
-1828.14466743
-1828.15246585
-1828.15717995
-1828.15798439
-1828.15569889
-1828.15250315
-1828.15119524
-1828.15422331
-1828.16277264
-1828.17623235
-1828.19220975
-1828.20712434
-1828.21720836
-1828.21962038
-1828.21332081
-1828.19944473
-1828.18104341
-1828.16226284
-1828.14720459
-1828.13880044
-1828.13804818
-1828.14382959
-1828.15334184
-1828.16303189
-1828.16972488
-1828.17161942
-1828.16883304
-1828.16333562
-1828.15829507
-1828.15704165
-1828.16197657
-1828.17373953
-1828.19090005
-1828.21024940
-1828.22762707
-1828.23904866
-1828.24180846
-1828.23524336
-1828.22091785
-1828.20217007
-1828.18316143
-1828.16770618
-1828.15824487
-1828.15526087
-1828.15730009
-1828.16158625
-1828.16503134
-1828.16530544
-1828.16163290
-1828.15505098
-1828.14808234
-1828.14392579
-1828.14542360
-1828.15410521
-1828.16957946
-1828.18948777
-1828.21005186
-1828.22706649
-1828.23703418
-1828.23809634
-1828.23046581
-1828.21627104
-1828.19887494
-1828.18191868
-1828.16835617
-1828.15976382
-1828.15608948
-1828.15588381
-1828.15692147
-1828.15699786
-1828.15467498
-1828.14975412
-1828.14335357
-1828.13756785
-1828.13482806
-1828.13714595
-1828.14546966
-1828.15932958
-1828.17688562
-1828.19534664
-1828.21164684
-1828.22319259
-1828.22847229
-1828.22736231
-1828.22105229
-1828.21162411
-1828.20141117
-1828.19234506
-1828.18546814
-1828.18075241
-1828.17726969
-1828.17364690
-1828.16866627
-1828.16180852
-1828.15357109
-1828.14543837
-1828.13951807
-1828.13793045
-1828.14213527
-1828.15240604
-1828.16759433
-1828.18529868
-1828.20238451
-1828.21573338
-1828.22301423
-1828.22324120
-1828.21696709
-1828.20607076
-1828.19319939
-1828.18104483
-1828.17166063
-1828.16599852
-1828.16378429
-1828.16374367
-1828.16409484
-1828.16317041
-1828.15998205
-1828.15458297
-1828.14811179
-1828.14251071
-1828.13997887
-1828.14232749
-1828.15043280
-1828.16394248
-1828.18132727
-1828.20022867
-1828.21801369
-1828.23237512
-1828.24182177
-1828.24594514
-1828.24538464
-1828.24152437
-1828.23601984
-1828.23028867
-1828.22511570
-1828.22047668
-1828.21562685
-1828.20943086
-1828.20083631
-1828.18932613
-1828.17521749
-1828.15970475
-1828.14464723
-1828.13218059
-1828.12423792
-1828.12209911
-1828.12605872
-1828.13533072
-1828.14822443
-1828.16255931
-1828.17619885
-1828.18755215
-1828.19589411
-1828.20141989
-1828.20501062
-1828.20780326
-1828.21070366
-1828.21402765
-1828.21739320
-1828.21987878
-1828.22038277
-1828.21804749
-1828.21259599
-1828.20448532
-1828.19482442
-1828.18510507
-1828.17683240
-1828.17117355
-1828.16871649
-1828.16939256
-1828.17255021
-1828.17715636
-1828.18206161
-1828.18627351
-1828.18918159
-1828.19067079
-1828.19109329
-1828.19109724
-1828.19136810
-1828.19236944
-1828.19415622
-1828.19632604
-1828.19810372
-1828.19854020
-1828.19676551
-1828.19225103
-1828.18502033
-1828.17574314
-1828.16567740
-1828.15643981
-1828.14964527
-1828.14651710
-1828.14757956
-1828.15253843
-1828.16038797
-1828.16973003
-1828.17918803
-1828.18778504
-1828.19516434
-1828.20158328
-1828.20769710
-1828.21421379
-1828.22153375
-1828.22949909
-1828.23732771
-1828.24376833
-1828.24741461
-1828.24708693
-1828.24217014
-1828.23279476
-1828.21982785
-1828.20467589
-1828.18896283
-1828.17418722
-1828.16145125
-1828.15133020
-1828.14389558
-1828.13885768
-1828.13577427
-1828.13424834
-1828.13407497
-1828.13529487
-1828.13814726
-1828.14294863
-1828.14992719
-1828.15907592
-1828.17005356
-1828.18217432
-1828.19449163
-1828.20595525
-1828.21560444
-1828.22273632
-1828.22700514
-1828.22843830
-1828.22736584
-1828.22431666
-1828.21989948
-1828.21471005
-1828.20927276
-1828.20401425
-1828.19926994
-1828.19530144
-1828.19230797
-1828.19042339
-1828.18969453
-1828.19005384
-1828.19130829
-1828.19316011
-1828.19524960
-1828.19721797
-1828.19876616
-1828.19969518
-1828.19990203
-1828.19934904
-1828.19800630
-1828.19580931
-1828.19264066
-1828.18837378
-1828.18296565
-1828.17656283
-1828.16957860
-1828.16270126
-1828.15681504
-1828.15285455
-1828.15162463
-1828.15363425
-1828.15898602
-1828.16734721
-1828.17801252
-1828.19004383
-1828.20246520
-1828.21444472
-1828.22544008
-1828.23524349
-1828.24392386
-1828.25167575
-1828.25861437
-1828.26459010
-1828.26907449
-1828.27117707
-1828.26982173
-1828.26404667
-1828.25335856
-1828.23801370
-1828.21909970
-1828.19839467
-1828.17801505
-1828.15995659
-1828.14565692
-1828.13570303
-1828.12978229
-1828.12689003
-1828.12574360
-1828.12526200
-1828.12497489
-1828.12520890
-1828.12699326
-1828.13169191
-1828.14046739
-1828.15374004
-1828.17083858
-1828.18996475
-1828.20852830
-1828.22374597
-1828.23332511
-1828.23604426
-1828.23204716
-1828.22278962
-1828.21065137
-1828.19832144
-1828.18812184
-1828.18143974
-1828.17843028
-1828.17806462
-1828.17851944
-1828.17779336
-1828.17437984
-1828.16779189
-1828.15877972
-1828.14916663
-1828.14135705
-1828.13763862
-1828.13949153
-1828.14711374
-1828.15930140
-1828.17373205
-1828.18755627
-1828.19813581
-1828.20370574
-1828.20379682
-1828.19929417
-1828.19212865
-1828.18468692
-1828.17909483
-1828.17659606
-1828.17719929
-1828.17972176
-1828.18219973
-1828.18255737
-1828.17931400
-1828.17211293
-1828.16189540
-1828.15067439
-1828.14097078
-1828.13509710
-1828.13451331
-1828.13944543
-1828.14886786
-1828.16083194
-1828.17301224
-1828.18332298
-1828.19041030
-1828.19391174
-1828.19442045
-1828.19318851
-1828.19168336
-1828.19113842
-1828.19222450
-1828.19491905
-1828.19859078
-1828.20224724
-1828.20485460
-1828.20565202
-1828.20435350
-1828.20121661
-1828.19695652
-1828.19254093
-1828.18891896
-1828.18676091
-1828.18627601
-1828.18716308
-1828.18871509
-1828.19006014
-1828.19044555
-1828.18949066
-1828.18730365
-1828.18442617
-1828.18162436
-1828.17958587
-1828.17863333
-1828.17857223
-1828.17873458
-1828.17821366
-1828.17619245
-1828.17224480
-1828.16650496
-1828.15965211
-1828.15272493
-1828.14681572
-1828.14275642
-1828.14089624
-1828.14106244
-1828.14272060
-1828.14526343
-1828.14828713
-1828.15175530
-1828.15599676
-1828.16152797
-1828.16878147
-1828.17781663
-1828.18813635
-1828.19867917
-1828.20801960
-1828.21471447
-1828.21768816
-1828.21653350
-1828.21162717
-1828.20402434
-1828.19515846
-1828.18645389
-1828.17896616
-1828.17316113
-1828.16889769
-1828.16558732
-1828.16246570
-1828.15887892
-1828.15449568
-1828.14941179
-1828.14412126
-1828.13938704
-1828.13603431
-1828.13472407
-1828.13575694
-1828.13896518
-1828.14373973
-1828.14918781
-1828.15439210
-1828.15866479
-1828.16172450
-1828.16372066
-1828.16511087
-1828.16644641
-1828.16814522
-1828.17033584
-1828.17281874
-1828.17516565
-1828.17691533
-1828.17779930
-1828.17791825
-1828.17780650
-1828.17833460
-1828.18047220
-1828.18497774
-1828.19209944
-1828.20140576
-1828.21181684
-1828.22185107
-1828.23001062
-1828.23517354
-1828.23685193
-1828.23524513
-1828.23108773
-1828.22536712
-1828.21901712
-1828.21269490
-1828.20668840
-1828.20095796
-1828.19525852
-1828.18930562
-1828.18294256
-1828.17627402
-1828.16973352
-1828.16404359
-1828.16007172
-1828.15859618
-1828.16005185
-1828.16434246
-1828.17078407
-1828.17821248
-1828.18524692
-1828.19062673
-1828.19353891
-1828.19382415
-1828.19200081
-1828.18909559
-1828.18633989
-1828.18483042
-1828.18524514
-1828.18768663
-1828.19167471
-1828.19627468
-1828.20033052
-1828.20275566
-1828.20281652
-1828.20033840
-1828.19576493
-1828.19004745
-1828.18438232
-1828.17987560
-1828.17724256
-1828.17662438
-1828.17757174
-1828.17918970
-1828.18041251
-1828.18030812
-1828.17833760
-1828.17449449
-1828.16929438
-1828.16362622
-1828.15851701
-1828.15486525
-1828.15322311
-1828.15367590
-1828.15585316
-1828.15905358
-1828.16243902
-1828.16524104
-1828.16693872
-1828.16737698
-1828.16680438
-1828.16581943
-1828.16521398
-1828.16574469
-1828.16788678
-1828.17164151
-1828.17648033
-1828.18145410
-1828.18545926
-1828.18758344
-1828.18741696
-1828.18523873
-1828.18201176
-1828.17920048
-1828.17842316
-1828.18101128
-1828.18757344
-1828.19770985
-1828.20999154
-1828.22225391
-1828.23213435
-1828.23769559
-1828.23795588
-1828.23315350
-1828.22467187
-1828.21464529
-1828.20535313
-1828.19858884
-1828.19516976
-1828.19472918
-1828.19584559
-1828.19647912
-1828.19460572
-1828.18887605
-1828.17910950
-1828.16646814
-1828.15323282
-1828.14223097
-1828.13605815
-1828.13632345
-1828.14313488
-1828.15499022
-1828.16913392
-1828.18228701
-1828.19155709
-1828.19525820
-1828.19339919
-1828.18767543
-1828.18095139
-1828.17637733
-1828.17638673
-1828.18188161
-1828.19187014
-1828.20368629
-1828.21375796
-1828.21870914
-1828.21645666
-1828.20695083
-1828.19231016
-1828.17627615
-1828.16315056
-1828.15651781
-1828.15815614
-1828.16746687
-1828.18161079
-1828.19630926
-1828.20708084
-1828.21053817
-1828.20535818
-1828.19264718
-1828.17558834
-1828.15847765
-1828.14544624
-1828.13924207
-1828.14045338
-1828.14740691
-1828.15678382
-1828.16474444
-1828.16821705
-1828.16593417
-1828.15888972
-1828.15007293
-1828.14355256
-1828.14319196
-1828.15138979
-1828.16822614
-1828.19128858
-1828.21624246
-1828.23798656
-1828.25206307
-1828.25590158
-1828.24953169
-1828.23555116
-1828.21835198
-1828.20282672
-1828.19293390
-1828.19054525
-1828.19493292
-1828.20306436
-1828.21061930
-1828.21341816
-1828.20880261
-1828.19653454
-1828.17891638
-1828.16010652
-1828.14484969
-1828.13702241
-1828.13845458
-1828.14839108
-1828.16374873
-1828.18006884
-1828.19287587
-1828.19900508
-1828.19750746
-1828.18984582
-1828.17935189
-1828.17011172
-1828.16564137
-1828.16776286
-1828.17603735
-1828.18792515
-1828.19961942
-1828.20727928
-1828.20826320
-1828.20198597
-1828.19012927
-1828.17616034
-1828.16429583
-1828.15823184
-1828.16002862
-1828.16948441
-1828.18419931
-1828.20030270
-1828.21361081
-1828.22085118
-1828.22058460
-1828.21355195
-1828.20236587
-1828.19066204
-1828.18196672
-1828.17862948
-1828.18114106
-1828.18803707
-1828.19642320
-1828.20293778
-1828.20486024
-1828.20099642
-1828.19206817
-1828.18049493
-1828.16963935
-1828.16275862
-1828.16199458
-1828.16771763
-1828.17842307
-1828.19121754
-1828.20274112
-1828.21021758
-1828.21231702
-1828.20954851
-1828.20405518
-1828.19889012
-1828.19699375
-1828.20020725
-1828.20863848
-1828.22057992
-1828.23301070
-1828.24252133
-1828.24636376
-1828.24329688
-1828.23396057
-1828.22066829
-1828.20667900
-1828.19520038
-1828.18841964
-1828.18688801
-1828.18943433
-1828.19364536
-1828.19673184
-1828.19650665
-1828.19213991
-1828.18445396
-1828.17566433
-1828.16865871
-1828.16605256
-1828.16932800
-1828.17832832
-1828.19124542
-1828.20509500
-1828.21651982
-1828.22272015
-1828.22226091
-1828.21550300
-1828.20449723
-1828.19235753
-1828.18231389
-1828.17674823
-1828.17652018
-1828.18076880
-1828.18724712
-1828.19307036
-1828.19565790
-1828.19356367
-1828.18694765
-1828.17753838
-1828.16809180
-1828.16152239
-1828.15996465
-1828.16406988
-1828.17276371
-1828.18355421
-1828.19329226
-1828.19915562
-1828.19953728
-1828.19455340
-1828.18601194
-1828.17685597
-1828.17025302
-1828.16862550
-1828.17293143
-1828.18241422
-1828.19489354
-1828.20747946
-1828.21747147
-1828.22315347
-1828.22425201
-1828.22193087
-1828.21835151
-1828.21592941
-1828.21651346
-1828.22073225
-1828.22773046
-1828.23540578
-1828.24110125
-1828.24250887
-1828.23847220
-1828.22940418
-1828.21719213
-1828.20463309
-1828.20463309
-1828.19458046
-1828.18908438
-1828.18879357
-1828.19279962
-1828.19898440
-1828.20473585
-1828.20781037
-1828.20706955
-1828.20284347
-1828.19681367
-1828.19144812
-1828.18916414
-1828.19149104
-1828.19851521
-1828.20879220
-1828.21975580
-1828.22849551
-1828.23264435
-1828.23110063
-1828.23110063
-1828.22435985
-1828.21435289
-1828.20384118
-1828.19555639
-1828.19137517
-1828.19176790
-1828.19570215
-1828.20102613
-1828.20518218
-1828.20518218
-1828.20604488
-1828.20260920
-1828.19531909
-1828.18593975
-1828.17700927
-1828.17105367
-1828.16979852
-1828.17362164
-1828.18139883
-1828.19078869
-1828.19888923
-1828.20308186
-1828.20182177
-1828.19512970
-1828.18462793
-1828.17309452
-1828.16366171
-1828.15890084
-1828.16007414
-1828.16677663
-1828.17709887
-1828.18823393
-1828.19735438
-1828.20247664
-1828.20305240
-1828.20009752
-1828.19581321
-1828.19282576
-1828.19327750
-1828.19807190
-1828.20652939
-1828.21656630
-1828.22534456
-1828.23018306
-1828.22943253
-1828.22303307
-1828.21256792
-1828.20078483
-1828.19073950
-1828.18485988
-1828.18423028
-1828.18834461
-1828.19537513
-1828.20285082
-1828.20849633
-1828.21096735
-1828.21024717
-1828.20758604
-1828.20502240
-1828.20464717
-1828.20786139
-1828.21486432
-1828.22452330
-1828.23465557
-1828.24263103
-1828.24610838
-1828.24370396
-1828.23537144
-1828.22241599
-1828.20711381
-1828.19207448
-1828.17953524
-1828.17079378
-1828.16595002
-1828.16402634
-1828.16340957
-1828.16247669
-1828.16019528
-1828.15651366
-1828.15240899
-1828.14957146
-1828.14981571
-1828.15440630
-1828.16351486
-1828.17600304
-1828.18962040
-1828.20158958
-1828.20940586
-1828.21160651
-1828.20823826
-1828.20086110
-1828.20086110
-1828.19204416
-1828.18452953
-1828.18034321
-1828.18017956
-1828.18325990
-1828.18768437
-1828.19112976
-1828.19165103
-1828.18835027
-1828.18170689
-1828.17346279
-1828.16610185
-1828.16207534
-1828.16207534
-1828.16302270
-1828.16922002
-1828.17945418
-1828.19134967
-1828.20205709
-1828.20909077
-1828.21105300
-1828.20803605
-1828.20155921
-1828.19407556
-1828.18818484
-1828.18580401
-1828.18754489
-1828.19251239
-1828.19858566
-1828.20310676
-1828.20376821
-1828.19940899
-1828.19047240
-1828.17896624
-1828.16792949
-1828.16054754
-1828.15918385
-1828.16461455
-1828.17570806
-1828.18967286
-1828.20280310
-1828.21153757
-1828.21349344
-1828.20817731
-1828.19712921
-1828.18345481
-1828.17086525
-1828.16252779
-1828.16007945
-1828.16312072
-1828.16935493
-1828.17532960
-1828.17755655
-1828.17367584
-1828.16328627
-1828.14818854
-1828.13193298
-1828.11880544
-1828.11254496
-1828.11519134
-1828.12643412
-1828.12643412
-1828.14366272
-1828.16270806
-1828.17904171
-1828.18906115
-1828.19107909
-1828.18571628
-1828.17560611
-1828.16451190
-1828.15614831
-1828.15306201
-1828.15591329
-1828.16335110
-1828.17251410
-1828.17997676
-1828.18286069
-1828.18286069
-1828.17976434
-1828.17976434
-1828.17123175
-1828.15962710
-1828.14845611
-1828.14132685
-1828.14087092
-1828.14791495
-1828.16116967
-1828.17752247
-1828.19287600
-1828.20330144
-1828.20617230
-1828.20094866
-1828.18934955
-1828.17484418
-1828.16160625
-1828.15325129
-1828.15176620
-1828.15696577
-1828.16664124
-1828.17732954
-1828.18546810
-1828.18856451
-1828.18601828
-1828.17932482
-1828.17160149
-1828.16659582
-1828.16748770
-1828.17586333
-1828.19116768
-1828.21081576
-1828.23091003
-1828.24738986
-1828.25721091
-1828.25922673
-1828.25446892
-1828.24575764
-1828.23677502
-1828.23089565
-1828.23014577
-1828.23461015
-1828.24244808
-1828.25049567
-1828.25524263
-1828.25389160
-1828.24519535
-1828.22985427
-1828.21036171
-1828.19032086
-1828.17340956
-1828.16228225
-1828.16228225
-1828.15778621
-1828.15875270
-1828.16243932
-1828.16546945
-1828.16494044
-1828.15936284
-1828.14914797
-1828.13649234
-1828.12469515
-1828.11712588
-1828.11618021
-1828.12255626
-1828.13505041
-1828.15090580
-1828.16659729
-1828.17882974
-1828.18547359
-1828.18616471
-1828.18236709
-1828.17688694
-1828.17296359
-1828.17323468
-1828.17888513
-1828.18925793
-1828.20205204
-1828.21404685
-1828.22212258
-1828.22425448
-1828.22014295
-1828.21128124
-1828.20044479
-1828.19078041
-1828.18483474
-1828.18381004
-1828.18727009
-1828.19336191
-1828.19947621
-1828.20311911
-1828.20273282
-1828.19816636
-1828.19067948
-1828.18247863
-1828.17596715
-1828.17295327
-1828.17408304
-1828.17865438
-1828.18486637
-1828.19040211
-1828.19314996
-1828.19184542
-1828.18644200
-1828.17811190
-1828.16889517
-1828.16111521
-1828.15673969
-1828.15687255
-1828.16150570
-1828.16957382
-1828.17927507
-1828.18855343
-1828.19560525
-1828.19930881
-1828.19946478
-1828.19679658
-1828.19268727
-1828.18871958
