-1828.21109441
-1828.21059682
-1828.21152492
-1828.21270732
-1828.21304973
-1828.21189551
-1828.20924352
-1828.20574965
-1828.20252184
-1828.20078735
-1828.20153163
-1828.20520394
-1828.21155726
-1828.21965392
-1828.22804636
-1828.23509451
-1828.23934240
-1828.23985610
-1828.23642280
-1828.22955064
-1828.22027091
-1828.20981001
-1828.19926468
-1828.18937106
-1828.18045201
-1828.17251405
-1828.16546013
-1828.15931092
-1828.15436230
-1828.15121141
-1828.15064306
-1828.15341871
-1828.16002307
-1828.17043566
-1828.18398434
-1828.19935005
-1828.21474104
-1828.22823060
-1828.23816533
-1828.24354398
-1828.24424907
-1828.24106031
-1828.23543306
-1828.22910598
-1828.22362458
-1828.21993209
-1828.21814720
-1828.21760890
-1828.21718773
-1828.21576266
-1828.21270530
-1828.20819943
-1828.20329088
-1828.19963612
-1828.19904837
-1828.20296619
-1828.21199011
-1828.22562086
-1828.24226436
-1828.25953083
-1828.27476523
-1828.28567746
-1828.29089632
-1828.29028226
-1828.28490959
-1828.27671243
-1828.26790418
-1828.26033096
-1828.25493730
-1828.25151471
-1828.24878859
-1828.24484065
-1828.23775817
-1828.22636845
-1828.21084789
-1828.19297297
-1828.17586350
-1828.16321795
-1828.15827441
-1828.16279402
-1828.17641841
-1828.19661179
-1828.21923225
-1828.23958419
-1828.25365353
-1828.25916633
-1828.25615886
-1828.24688194
-1828.24688194
-1828.24688194
-1828.23507010
-1828.22476755
-1828.21906557
-1828.21912445
-1828.22378282
-1828.22991367
-1828.23343624
-1828.23068356
-1828.21969903
-1828.20104281
-1828.17782811
-1828.15496810
-1828.13784230
-1828.13077541
-1828.13577716
-1828.15193568
-1828.17563422
-1828.20155137
-1828.22413601
-1828.23912228
-1828.24463765
-1828.24158320
-1828.23320190
-1828.22396193
-1828.21811418
-1828.21834557
-1828.22494665
-1828.23574314
-1828.24680595
-1828.25371096
-1828.25296162
-1828.24313512
-1828.24313512
-1828.22539962
-1828.20326870
-1828.18166018
-1828.16555236
-1828.15861732
-1828.16221886
-1828.17506327
-1828.19359917
-1828.21304320
-1828.22873970
-1828.23746383
-1828.23829186
-1828.23278758
-1828.22444667
-1828.21756244
-1828.21584742
-1828.22123880
-1828.23324723
-1828.24906429
-1828.26439336
-1828.27475049
-1828.27683579
-1828.26956285
-1828.25442522
-1828.23509468
-1828.21637380
-1828.20281292
-1828.19741524
-1828.20080523
-1828.21111357
-1828.22461183
-1828.23689122
-1828.24421918
-1828.24465303
-1828.23856893
-1828.22845864
-1828.21808857
-1828.21130215
-1828.21083400
-1828.21748907
-1828.22992552
-1828.24508491
-1828.25913222
-1828.26859754
-1828.27137954
-1828.26732180
-1828.25821005
-1828.24718854
-1828.23778156
-1828.23280572
-1828.23350575
-1828.23918607
-1828.24744523
-1828.25493611
-1828.25840705
-1828.25571374
-1828.24650051
-1828.23237066
-1828.21647441
-1828.20262937
-1828.19421533
-1828.19316428
-1828.19938090
-1828.21075720
-1828.21075720
-1828.22380314
-1828.23468769
-1828.24038326
-1828.23955865
-1828.23294647
-1828.22308743
-1828.21352575
-1828.20771637
-1828.20797764
-1828.21480963
-1828.22676667
-1828.24090544
-1828.25366534
-1828.26190175
-1828.26377924
-1828.21109441
-1828.21059682
-1828.21152492
-1828.21270732
-1828.21304973
-1828.21189551
-1828.20924352
-1828.20574965
-1828.20252184
-1828.20078735
-1828.20153163
-1828.20520394
-1828.21155726
-1828.21965392
-1828.22804636
-1828.23509451
-1828.23934240
-1828.23985610
-1828.23642280
-1828.22955064
-1828.22027091
-1828.20981001
-1828.19926468
-1828.18937106
-1828.18045201
-1828.17251405
-1828.16546013
-1828.15931092
-1828.15436230
-1828.15121141
-1828.15064306
-1828.15341871
-1828.16002307
-1828.17043566
-1828.18398434
-1828.19935005
-1828.21474104
-1828.22823060
-1828.23816533
-1828.24354398
-1828.24424907
-1828.24106031
-1828.23543306
-1828.22910598
-1828.22362458
-1828.21993209
-1828.21814720
-1828.21760890
-1828.21718773
-1828.21576266
-1828.21270530
-1828.20819943
-1828.20329088
-1828.19963612
-1828.19904837
-1828.20296619
-1828.21199011
-1828.22562086
-1828.24226436
-1828.25953083
-1828.27476523
-1828.28567746
-1828.29089632
-1828.29028226
-1828.28490959
-1828.27671243
-1828.26790418
-1828.26033096
-1828.25493730
-1828.25151471
-1828.24878859
-1828.24484065
-1828.23775817
-1828.22636845
-1828.21084789
-1828.19297297
-1828.17586350
-1828.16321795
-1828.15827441
-1828.16279402
-1828.17641841
-1828.19661179
-1828.21923225
-1828.23958419
-1828.25365353
-1828.25916633
-1828.25615886
-1828.24688194
-1828.23507010
-1828.22476755
-1828.21906557
-1828.21912445
-1828.22378282
-1828.22991367
-1828.23343624
-1828.23068356
-1828.21969903
-1828.20104281
-1828.17782811
-1828.15496810
-1828.13784230
-1828.13077541
-1828.13577716
-1828.15193568
-1828.17563422
-1828.20155137
-1828.22413601
-1828.23912228
-1828.24463765
-1828.24158320
-1828.23320190
-1828.22396193
-1828.21811418
-1828.21834557
-1828.22494665
-1828.23574314
-1828.24680595
-1828.25371096
-1828.25296162
-1828.24313512
-1828.24313512
-1828.22539962
-1828.20326870
-1828.18166018
-1828.16555236
-1828.15861732
-1828.16221886
-1828.17506327
-1828.19359917
-1828.21304320
-1828.22873970
-1828.23746383
-1828.23829186
-1828.23278758
-1828.22444667
-1828.21756244
-1828.21584742
-1828.22123880
-1828.23324723
-1828.24906429
-1828.26439336
-1828.27475049
-1828.27683579
-1828.26956284
-1828.25442522
-1828.23509468
-1828.21637380
-1828.21637380
-1828.20281292
-1828.19741524
-1828.20080523
-1828.21111357
-1828.22461183
-1828.23689122
-1828.24421918
-1828.24465303
-1828.23856893
-1828.22845864
-1828.21808857
-1828.21130215
-1828.21130215
-1828.21130215
-1828.21083400
-1828.21748907
-1828.22992552
-1828.24508491
-1828.25913222
-1828.26859754
-1828.27137954
-1828.26732180
-1828.25821005
-1828.24718854
-1828.23778156
-1828.23280572
-1828.23350575
-1828.23918607
-1828.24744523
-1828.25493611
-1828.25840704
-1828.25571374
-1828.24650051
-1828.23237066
-1828.21647441
-1828.20262937
-1828.19421533
-1828.19316428
-1828.19938090
-1828.21075720
-1828.22380314
-1828.23468769
-1828.24038326
-1828.23955865
-1828.23294647
-1828.22308743
-1828.21352575
-1828.20771637
-1828.20797764
-1828.21480963
-1828.22676667
-1828.24090544
-1828.25366534
-1828.26190175
-1828.26377924
-1828.25924963
-1828.24998187
-1828.23878077
-1828.22867802
-1828.22199213
-1828.21965215
-1828.22098961
-1828.22405137
-1828.22632975
-1828.22564802
-1828.22091338
-1828.21250040
-1828.20213499
-1828.19233948
-1828.18562366
-1828.18369141
-1828.18691448
-1828.19424093
-1828.20355184
-1828.21233534
-1828.21845600
-1828.22076969
-1828.21938885
-1828.21553819
-1828.21104884
-1828.20767854
-1828.20647551
-1828.20741032
-1828.20938615
-1828.21062656
-1828.20930900
-1828.20422700
-1828.19525989
-1828.18350160
-1828.17099726
-1828.16017041
-1828.15311644
-1828.15100156
-1828.15100156
-1828.15374789
-1828.16012089
-1828.16817047
-1828.17588866
-1828.18185609
-1828.18568650
-1828.18811635
-1828.19072083
-1828.19533909
-1828.20336736
-1828.21515049
-1828.22967216
-1828.24466911
-1828.25716932
-1828.26431896
-1828.26424520
-1828.25667774
-1828.24312280
-1828.22650280
-1828.21036792
-1828.19790981
-1828.19109119
-1828.19014641
-1828.19360539
-1828.19882292
-1828.20285676
-1828.20342507
-1828.19965663
-1828.19240610
-1828.18402663
-1828.17765615
-1828.17620511
-1828.18135259
-1828.19287692
-1828.20854755
-1828.22465719
-1828.23704615
-1828.24232643
-1828.23891839
-1828.22757863
-1828.21123014
-1828.19413656
-1828.18064802
-1828.17390999
-1828.17493625
-1828.18234618
-1828.19286380
-1828.20240640
-1828.20742510
-1828.20604853
-1828.19869699
-1828.18796016
-1828.17779895
-1828.17232027
-1828.17449668
-1828.18520987
-1828.20291450
-1828.22401220
-1828.24382367
-1828.25788059
-1828.26314817
-1828.25882154
-1828.24646650
-1828.22947868
-1828.21202099
-1828.19777947
-1828.18890411
-1828.18546726
-1828.18558136
-1828.18613889
-1828.18394159
-1828.17686015
-1828.16466580
-1828.14926916
-1828.13426804
-1828.12392809
-1828.12189297
-1828.13002485
-1828.14774272
-1828.17207573
-1828.19842363
-1828.22179532
-1828.23815796
-1828.24549571
-1828.24425594
-1828.23705782
-1828.22775715
-1828.22016522
-1828.21683203
-1828.21827624
-1828.22289731
-1828.22758080
-1828.22879780
-1828.22385368
-1828.21188297
-1828.19429067
-1828.17448206
-1828.15695570
-1828.14603371
-1828.14461160
-1828.15331917
-1828.17035046
-1828.19201432
-1828.21382903
-1828.23182373
-1828.24363527
-1828.24906831
-1828.24995313
-1828.24936875
-1828.25049824
-1828.25550147
-1828.26476109
-1828.27671926
-1828.28833304
-1828.29598972
-1828.29660581
-1828.28859332
-1828.27241539
-1828.25055679
-1828.22689982
-1828.20568023
-1828.19034222
-1828.18263936
-1828.18226430
-1828.18710307
-1828.19402149
-1828.19992500
-1828.20275216
-1828.20208593
-1828.19919822
-1828.19653408
-1828.19680835
-1828.20203576
-1828.21279696
-1828.22798724
-1828.24510338
-1828.26097957
-1828.27270953
-1828.27847982
-1828.27804812
-1828.27272075
-1828.26486709
-1828.25712808
-1828.25158215
-1828.24913573
-1828.24933362
-1828.25063723
-1828.25107275
-1828.24902091
-1828.24387190
-1828.23631853
-1828.22818705
-1828.22185123
-1828.21943287
-1828.22205837
-1828.22942888
-1828.23985001
-1828.25072830
-1828.25936325
-1828.26378274
-1828.26335726
-1828.25899349
-1828.25285588
-1828.24768279
-1828.24589447
-1828.24875942
-1828.25588233
-1828.26526509
-1828.27396269
-1828.27911065
-1828.27894713
-1828.27345252
-1828.26442017
-1828.25492863
-1828.24838375
-1828.24741525
-1828.25298675
-1828.26399650
-1828.27751937
-1828.28963150
-1828.29656041
-1828.29584388
-1828.28713754
-1828.27241117
-1828.25544038
-1828.24071280
-1828.23204067
-1828.23138614
-1828.23829448
-1828.25011914
-1828.26291867
-1828.27270585
-1828.27667313
-1828.27403762
-1828.26624882
-1828.26624882
-1828.25649522
-1828.24864825
-1828.24597731
-1828.25003253
-1828.26007836
-1828.27324380
-1828.28537248
-1828.29229763
-1828.29115754
-1828.28132603
-1828.26466110
-1828.24498027
-1828.22692350
-1828.21455189
-1828.21011556
-1828.21337834
-1828.22170656
-1828.23090816
-1828.23656421
-1828.23543890
-1828.22653957
-1828.21147452
-1828.19400256
-1828.17890682
-1828.17053156
-1828.17144586
-1828.18164371
-1828.19852453
-1828.21765978
-1828.23410828
-1828.24388299
-1828.24511805
-1828.23859313
-1828.22743291
-1828.21608457
-1828.20887304
-1828.20887304
-1828.20859960
-1828.21561758
-1828.22768727
-1828.24067132
-1828.24985815
-1828.25149959
-1828.24406745
-1828.24406745
-1828.22881862
-1828.20946741
-1828.19106746
-1828.17845329
-1828.17474089
-1828.18036128
-1828.19294173
-1828.20805159
-1828.22059367
-1828.22641263
-1828.22362527
-1828.21325556
-1828.19897563
-1828.18600307
-1828.17948717
-1828.18288081
-1828.19680343
-1828.21875913
-1828.24379494
-1828.26591238
-1828.27979976
-1828.28236950
-1828.27364096
-1828.25670402
-1828.25670402
-1828.23678396
-1828.21968872
-1828.21010580
-1828.21025824
-1828.21930432
-1828.23366446
-1828.24816970
-1828.25767781
-1828.25867691
-1828.25038617
-1828.23503097
-1828.21720352
-1828.20248631
-1828.19575025
-1828.19962654
-1828.21361593
-1828.23412427
-1828.25541741
-1828.27122967
-1828.27655631
-1828.26910035
-1828.24994392
-1828.22323863
-1828.19499585
-1828.17133421
-1828.15671400
-1828.15269919
-1828.15762376
-1828.16725575
-1828.17623935
-1828.17986002
-1828.17559089
-1828.16393660
-1828.14830696
-1828.13395339
-1828.12631251
-1828.12928936
-1828.14402168
-1828.16849265
-1828.19810991
-1828.22704083
-1828.24988761
-1828.26319519
-1828.26632187
-1828.26143543
-1828.25265713
-1828.24464746
-1828.24107980
-1828.24347661
-1828.25073779
-1828.25951401
-1828.26530891
-1828.26397200
-1828.25311142
-1828.23298167
-1828.20655621
-1828.17876416
-1828.15512274
-1828.14019810
-1828.13634198
-1828.14309505
-1828.15740972
-1828.17462346
-1828.18987276
-1828.19954139
-1828.20229310
-1828.19937871
-1828.19413602
-1828.19083152
-1828.19320352
-1828.20315218
-1828.21999828
-1828.24058528
-1828.26019665
-1828.27400894
-1828.27861062
-1828.27309632
-1828.25941492
-1828.24184501
-1828.22575361
-1828.21599987
-1828.21546714
-1828.22418831
-1828.23934476
-1828.25616127
-1828.26941615
-1828.27508435
-1828.27159690
-1828.26031053
-1828.24505385
-1828.23088558
-1828.22246638
-1828.22255290
-1828.23108678
-1828.24516893
-1828.25991681
-1828.25991681
-1828.26995631
-1828.27109221
-1828.26165778
-1828.24313024
-1828.21980932
-1828.19762877
-1828.18245433
-1828.17838033
-1828.18655353
-1828.20488856
-1828.22874274
-1828.25232294
-1828.27039660
-1828.27978647
-1828.28019938
-1828.27415071
-1828.26602558
-1828.26058625
-1828.26140636
-1828.26971651
-1828.28399935
-1828.30043706
-1828.31405782
-1828.32023630
-1828.31610872
-1828.30148029
-1828.27894035
-1828.25314671
-1828.22948956
-1828.21254093
-1828.20476705
-1828.20588536
-1828.21306727
-1828.22191964
-1828.22792793
-1828.22789714
-1828.22092014
-1828.20859342
-1828.19445243
-1828.19445243
-1828.18284046
-1828.17755934
-1828.18069152
-1828.19193965
-1828.20869191
-1828.22680320
-1828.24184594
-1828.25042191
-1828.25112699
-1828.24487982
-1828.23454898
-1828.22400394
-1828.21689878
-1828.21555399
-1828.22028374
-1828.22937260
-1828.23968968
-1828.24773818
-1828.25080411
-1828.24783971
-1828.23980216
-1828.22935651
-1828.22003897
-1828.21515091
-1828.21672597
-1828.22488698
-1828.23778749
-1828.25215526
-1828.26425756
-1828.27100632
-1828.27085038
-1828.26419745
-1828.25322625
-1828.24115709
-1828.23121161
-1828.22559667
-1828.22484828
-1828.22773665
-1828.23176458
-1828.23407380
-1828.23245331
-1828.22610908
-1828.21594160
-1828.20426030
-1828.19405784
-1828.18808412
-1828.18801510
-1828.19395269
-1828.20440014
-1828.21671395
-1828.22789845
-1828.23549471
-1828.23829437
-1828.23665935
-1828.23234221
-1828.22786653
-1828.22565326
-1828.22718377
-1828.23246814
-1828.23999953
-1828.24720360
-1828.25124958
-1828.24995409
-1828.24249841
-1828.22972887
-1828.21396439
-1828.19836787
-1828.18608098
-1828.17936110
-1828.17897025
-1828.18397715
-1828.19204234
-1828.20012316
-1828.20540050
-1828.20615993
-1828.20235172
-1828.19562253
-1828.18879109
-1828.18491283
-1828.18623553
-1828.19339290
-1828.20511470
-1828.21857253
-1828.23024777
-1828.23703990
-1828.23724040
-1828.23105699
-1828.22052428
-1828.20883823
-1828.19933552
-1828.19442581
-1828.19481276
-1828.19924493
-1828.20491316
-1828.20838541
-1828.20678063
-1828.19878729
-1828.18518930
-1828.16872296
-1828.15330159
-1828.14281907
-1828.13993335
-1828.14526837
-1828.15732306
-1828.17305875
-1828.18890511
-1828.20183982
-1828.21023820
-1828.21426359
-1828.21570994
-1828.21735349
-1828.22200636
-1828.23155186
-1828.24623531
-1828.26443783
-1828.28301302
-1828.29811585
-1828.30628470
-1828.30545713
-1828.29559701
-1828.27872701
-1828.25834610
-1828.23842489
-1828.22229575
-1828.21178439
-1828.20684219
-1828.20575570
-1828.20586223
-1828.20451310
-1828.19999362
-1828.19210761
-1828.18226300
-1828.17303989
-1828.16738347
-1828.16767582
-1828.17496022
-1828.18853930
-1828.20607620
-1828.22416728
-1828.23922873
-1828.24843082
-1828.25041130
-1828.24556214
-1828.23582397
-1828.22405291
-1828.21316589
-1828.20531855
-1828.20136756
-1828.20076456
-1828.20189009
-1828.20270631
-1828.20150897
-1828.19756454
-1828.19143122
-1828.18487923
-1828.18042958
-1828.18064075
-1828.18734179
-1828.20102610
-1828.20102610
-1828.22058787
-1828.22058787
-1828.24349269
-1828.26634014
-1828.28569634
-1828.29893609
-1828.30486994
-1828.30395641
-1828.29803990
-1828.28970323
-1828.28144782
-1828.27495937
-1828.27067143
-1828.26774947
-1828.26448390
-1828.25895717
-1828.24976547
-1828.23657811
-1828.22035380
-1828.20316197
-1828.18765609
-1828.17636138
-1828.17098863
-1828.17198359
-1828.17843391
-1828.18836469
-1828.19931405
-1828.20901847
-1828.21600987
-1828.21993995
-1828.22156286
-1828.22237698
-1828.22407084
-1828.22791718
-1828.23431764
-1828.24262375
-1828.25128096
-1828.25826029
-1828.26163308
-1828.26013705
-1828.25355745
-1828.24282000
-1828.22977097
-1828.21670737
-1828.20578651
-1828.19847443
-1828.19517483
-1828.19513584
-1828.19666892
-1828.19764496
-1828.19615127
-1828.19113333
-1828.18279240
-1828.17260352
-1828.16291715
-1828.15627377
-1828.15627377
-1828.15627377
-1828.08717345
-1828.03742765
-1828.01846372
-1828.03304960
-1828.07459666
-1828.12926283
-1828.18019728
-1828.18019728
-1828.21264198
-1828.21833875
-1828.21833875
-1828.19792209
-1828.16056737
-1828.12100938
-1828.09483440
-1828.09350893
-1828.12067938
-1828.17088772
-1828.23108977
-1828.28452550
-1828.31574352
-1828.31526657
-1828.28247164
-1828.22581665
-1828.16035853
-1828.10331600
-1828.06902062
-1828.06478046
-1828.08888399
-1828.13132606
-1828.17701511
-1828.21048773
-1828.22070767
-1828.20449602
-1828.16753304
-1828.12262736
-1828.08575564
-1828.07108269
-1828.08648339
-1828.13093822
-1828.19462053
-1828.26167061
-1828.31484644
-1828.34062996
-1828.33324958
-1828.29636643
-1828.24192348
-1828.18651201
-1828.14638104
-1828.13261081
-1828.14791283
-1828.18599757
-1828.23368653
-1828.27507305
-1828.29645894
-1828.29056114
-1828.25874320
-1828.21061040
-1828.16106984
-1828.12574977
-1828.11615706
-1828.13608711
-1828.18039549
-1828.23650266
-1828.28816461
-1828.32034109
-1828.32368299
-1828.29727367
-1828.24882098
-1828.24882098
-1828.19225806
-1828.14351677
-1828.11576871
-1828.11557238
-1828.14106771
-1828.18272101
-1828.22637045
-1828.25763325
-1828.26634339
-1828.24967670
-1828.21300775
-1828.16824721
-1828.13014821
-1828.11173301
-1828.12024284
-1828.15486109
-1828.20691377
-1828.26247476
-1828.30657817
-1828.32773218
-1828.32136127
-1828.29114043
-1828.24781989
-1828.20591588
-1828.17927316
-1828.17685897
-1828.20005347
-1828.24227100
-1828.29100784
-1828.33169251
-1828.35214536
-1828.34627928
-1828.31590717
-1828.27010853
-1828.22238793
-1828.18650478
-1828.17228092
-1828.18266042
-1828.21289730
-1828.25207885
-1828.28651353
-1828.30391139
-1828.29711681
-1828.26625465
-1828.21867894
-1828.16675911
-1828.12418835
-1828.10194660
-1828.10512131
-1828.13153091
-1828.17252580
-1828.21569400
-1828.24863724
-1828.26265254
-1828.25523162
-1828.23063100
-1828.19839517
-1828.17029614
-1828.15666335
-1828.16320165
-1828.18926393
-1828.22808797
-1828.26889322
-1828.30018721
-1828.31324575
-1828.30469930
-1828.27743831
-1828.23960276
-1828.20202197
-1828.20202197
-1828.17492233
-1828.16492884
-1828.17323882
-1828.19548838
-1828.22330493
-1828.24703325
-1828.25877125
-1828.25477256
-1828.23648546
-1828.20994231
-1828.18374744
-1828.16632685
-1828.16332796
-1828.17595150
-1828.20069003
-1828.23049916
-1828.25699052
-1828.27295552
-1828.27444309
-1828.26178743
-1828.23930831
-1828.21382686
-1828.19249290
-1828.18060647
-1828.18010231
-1828.18912094
-1828.20275717
-1828.21472614
-1828.21940873
-1828.21364924
-1828.19775890
-1828.17542762
-1828.15259684
-1828.13564042
-1828.12943453
-1828.13589818
-1828.15344347
-1828.17749682
-1828.20189193
-1828.22071433
-1828.22999247
-1828.22874720
-1828.21909110
-1828.20538368
-1828.19274509
-1828.18541510
-1828.18546928
-1828.19227050
-1828.20280589
-1828.21276850
-1828.21803717
-1828.21606733
-1828.20674705
-1828.19243726
-1828.17718766
-1828.16540327
-1828.16043021
-1828.16352130
-1828.17351188
-1828.18727679
-1828.20077551
-1828.21032029
-1828.21364692
-1828.21046293
-1828.20233822
-1828.19204085
-1828.18255666
-1828.17611640
-1828.17351996
-1828.17396449
-1828.17540664
-1828.17533807
-1828.17170386
-1828.16366303
-1828.15194434
-1828.13868243
-1828.12679868
-1828.11912660
-1828.11757032
-1828.12256891
-1828.13303022
-1828.14674127
-1828.16110785
-1828.17398130
-1828.18427601
-1828.19219003
-1828.19894332
-1828.20614282
-1828.21498799
-1828.22561530
-1828.23683272
-1828.24635109
-1828.25147271
-1828.25000993
-1828.24114021
-1828.22587867
-1828.20698731
-1828.18830538
-1828.17368402
-1828.16587799
-1828.16575647
-1828.17210404
-1828.18208172
-1828.19220529
-1828.19951242
-1828.20253280
-1828.20173556
-1828.19929385
-1828.19823923
-1828.20127527
-1828.20964601
-1828.22246149
-1828.23673794
-1828.24818002
-1828.25248086
-1828.24671801
-1828.23039275
-1828.20575611
-1828.17730123
-1828.15055851
-1828.13056206
-1828.12047138
-1828.12076677
-1828.12928693
-1828.14207132
-1828.15474450
-1828.16396132
-1828.16847603
-1828.16946777
-1828.17005077
-1828.17412522
-1828.18494318
-1828.20383319
-1828.22950154
-1828.25814577
-1828.28437186
-1828.30265028
-1828.30888007
-1828.30158382
-1828.28236264
-1828.25545975
-1828.22656494
-1828.20119969
-1828.18318871
-1828.17367985
-1828.17101875
-1828.17151807
-1828.17086344
-1828.16570166
-1828.15488355
-1828.13997695
-1828.12486657
-1828.11456788
-1828.11360696
-1828.12446120
-1828.14656724
-1828.17624769
-1828.20761279
-1828.23419097
-1828.25077938
-1828.25495222
-1828.24774074
-1828.23326859
-1828.21744905
-1828.20613659
-1828.20329936
-1828.20979959
-1828.22316821
-1828.23844659
-1828.24982953
-1828.25257610
-1828.24458666
-1828.22714996
-1828.20461823
-1828.18310625
-1828.16860795
-1828.16511480
-1828.17332679
-1828.19037314
-1828.21064327
-1828.22748413
-1828.23524032
-1828.23100611
-1828.21555044
-1828.19313133
-1828.17024091
-1828.15366531
-1828.14843094
-1828.15625930
-1828.17501715
-1828.19934984
-1828.22231943
-1828.23754500
-1828.24118267
-1828.23309804
-1828.21688010
-1828.19868170
-1828.18528114
-1828.18193094
-1828.19066182
-1828.20955164
-1828.23321537
-1828.25439464
-1828.26617969
-1828.26418642
-1828.24800703
-1828.22146584
-1828.19157944
-1828.16650550
-1828.15311164
-1828.15490347
-1828.17096472
-1828.19625492
-1828.22317896
-1828.24395364
-1828.25302938
-1828.24880350
-1828.23407702
-1828.21509237
-1828.19946854
-1828.19367300
-1828.20084198
-1828.21964381
-1828.24455995
-1828.26750662
-1828.28031658
-1828.27730676
-1828.25715190
-1828.22346334
-1828.18388695
-1828.14796731
-1828.12440741
-1828.11854289
-1828.13078742
-1828.15654301
-1828.18761178
-1828.21470063
-1828.23026674
-1828.23082285
-1828.21799170
-1828.19794932
-1828.17943058
-1828.17088228
-1828.17765967
-1828.20014283
-1828.23338952
-1828.26846074
-1828.29503926
-1828.30455767
-1828.29287442
-1828.26167120
-1828.21810703
-1828.17280954
-1828.13678654
-1828.11819138
-1828.11992751
-1828.13884764
-1828.16679339
-1828.19317743
-1828.20831497
-1828.20647819
-1828.18772517
-1828.15791280
-1828.12688735
-1828.10539949
-1828.10170280
-1828.11889857
-1828.15385438
-1828.19804052
-1828.24002731
-1828.26889505
-1828.27749973
-1828.26461267
-1828.23527347
-1828.19924228
-1828.16801635
-1828.15132243
-1828.15416882
-1828.17536655
-1828.20796848
-1828.24145547
-1828.26499685
-1828.27078162
-1828.25641106
-1828.22563983
-1828.18722335
-1828.15222868
-1828.13062069
-1828.12819209
-1828.14477471
-1828.17429892
-1828.20669153
-1828.23102298
-1828.23894433
-1828.22734480
-1828.19939428
-1828.16364895
-1828.13146767
-1828.11353847
-1828.11656839
-1828.14117442
-1828.18163711
-1828.22759737
-1828.26718127
-1828.29058261
-1828.29299035
-1828.27596535
-1828.24683818
-1828.21633878
-1828.19517725
-1828.19065315
-1828.20433379
-1828.23153182
-1828.26273627
-1828.28656977
-1828.29336235
-1828.27823563
-1828.24274457
-1828.19456201
-1828.14528678
-1828.10703917
-1828.08888983
-1828.09421167
-1828.11975397
-1828.15671324
-1828.19345662
-1828.19345662
-1828.21905967
-1828.22658556
-1828.21511788
-1828.18993230
-1828.16076436
-1828.13870851
-1828.13269521
-1828.14663140
-1828.17808246
-1828.21892299
-1828.25776175
-1828.28341686
-1828.28835792
-1828.27105509
-1828.23650514
-1828.19475909
-1828.15789847
-1828.13639229
-1828.13593486
-1828.15575897
-1828.18893227
-1828.22455930
-1828.25120721
-1828.26048876
-1828.24969171
-1828.22263080
-1828.18846168
-1828.15882319
-1828.14418884
-1828.15056194
-1828.17753029
-1828.21829408
-1828.26167023
-1828.29545602
-1828.31012660
-1828.30173588
-1828.27312346
-1828.23306848
-1828.19364792
-1828.16659900
-1828.15980190
-1828.17495112
-1828.20711290
-1828.24629042
-1828.28050807
-1828.29946331
-1828.29762905
-1828.27587362
-1828.24111715
-1828.20414629
-1828.17627927
-1828.16588577
-1828.17583613
-1828.20264888
-1828.23759258
-1828.26940711
-1828.28780710
-1828.28668102
-1828.26601590
-1828.23194430
-1828.19489944
-1828.16643663
-1828.15569216
-1828.16657101
-1828.19653290
-1828.23735417
-1828.27763833
-1828.30628680
-1828.31585059
-1828.30472554
-1828.27752665
-1828.24353992
-1828.21375276
-1828.19740113
-1828.19909879
-1828.21743856
-1828.24549287
-1828.27303305
-1828.28976586
-1828.28859399
-1828.26787537
-1828.23200854
-1828.19015150
-1828.15345575
-1828.13167938
-1828.13021921
-1828.14849925
-1828.18019970
-1828.21523917
-1828.24287425
-1828.25494703
-1828.24830590
-1828.22566581
-1828.19467309
-1828.16547148
-1828.14751552
-1828.14662844
-1828.16319809
-1828.19208141
-1828.22424875
-1828.24964774
-1828.26038257
-1828.25319295
-1828.23046907
-1828.19947460
-1828.17004652
-1828.15149343
-1828.14966539
-1828.16510426
-1828.19286081
-1828.22401829
-1828.24845687
-1828.25799216
-1828.24890958
-1828.22311101
-1828.18751137
-1828.15187892
-1828.12580435
-1828.11577121
-1828.12325960
-1828.14446411
-1828.17166633
-1828.19577664
-1828.20922997
-1828.20834211
-1828.19440482
-1828.17321737
-1828.15318693
-1828.14260156
-1828.14694051
-1828.16704626
-1828.19874829
-1828.23404202
-1828.26346966
-1828.27896081
-1828.27627104
-1828.25626858
-1828.22466601
-1828.19027574
-1828.16233302
-1828.14770355
-1828.14885127
-1828.16319277
-1828.18403247
-1828.20278832
-1828.21180804
-1828.20689334
-1828.18873145
-1828.16276013
-1828.13750210
-1828.12188027
-1828.12235762
-1828.14081225
-1828.17381074
-1828.21352887
-1828.25003961
-1828.27427341
-1828.28072535
-1828.26907439
-1828.24420838
-1828.21464288
-1828.18983191
-1828.17720417
-1828.17984823
-1828.19558092
-1828.21770921
-1828.23726178
-1828.24596355
-1828.23899625
-1828.21663961
-1828.18428872
-1828.15086267
-1828.12609605
-1828.11755941
-1828.12832314
-1828.15598271
-1828.19333714
-1828.23052449
-1828.25794693
-1828.26910316
-1828.26245119
-1828.24174334
-1828.21472664
-1828.19063837
-1828.17727301
-1828.17855157
-1828.19332684
-1828.21578965
-1828.23734228
-1828.24935008
-1828.24591538
-1828.22579144
-1828.19283197
-1828.15485999
-1828.12134858
-1828.10064570
-1828.09755107
-1828.11192927
-1828.13877242
-1828.16971613
-1828.19555658
-1828.20901896
-1828.20692430
-1828.19108808
-1828.16767721
-1828.14521841
-1828.13186714
-1828.13281195
-1828.14861796
-1828.17503509
-1828.20431859
-1828.22761326
-1828.23765049
-1828.23095956
-1828.20896532
-1828.17764644
-1828.14579971
-1828.12239894
-1828.11386515
-1828.12210778
-1828.14396459
-1828.17220331
-1828.19777824
-1828.21262826
-1828.21214282
-1828.19654060
-1828.17074479
-1828.14281529
-1828.12144051
-1828.11325654
-1828.12081039
-1828.14177909
-1828.16967715
-1828.19583796
-1828.21207531
-1828.21322239
-1828.19876994
-1828.17310459
-1828.14424731
-1828.12145710
-1828.11243056
-1828.12095095
-1828.14570859
-1828.18065992
-1828.21680970
-1828.24487588
-1828.25801609
-1828.25380392
-1828.23485955
-1828.20794444
-1828.18181380
-1828.16448594
-1828.16077383
-1828.17083590
-1828.19019441
-1828.21119449
-1828.22544650
-1828.22647803
-1828.21180776
-1828.18381001
-1828.14911461
-1828.11671054
-1828.09530706
-1828.09075098
-1828.10429000
-1828.13222565
-1828.16706240
-1828.19977915
-1828.22251882
-1828.23087701
-1828.22508863
-1828.20978810
-1828.19245161
-1828.18100430
-1828.18132652
-1828.19539817
-1828.22062488
-1828.25055213
-1828.27677096
-1828.29145286
-1828.28976852
-1828.27142673
-1828.24086683
-1828.20600361
-1828.17592230
-1828.15821562
-1828.15678181
-1828.17075124
-1828.19485007
-1828.22107919
-1828.24118810
-1828.24917998
-1828.24308919
-1828.22550160
-1828.20265091
-1828.18237626
-1828.17157076
-1828.17392989
-1828.18872062
-1828.21099018
-1828.23314438
-1828.24739738
-1828.24829927
-1828.23452251
-1828.20936401
-1828.17979193
-1828.15434650
-1828.14055017
-1828.14261852
-1828.16017881
-1828.18837798
-1828.21933427
-1828.24448466
-1828.25711418
-1828.25430516
-1828.23772807
-1828.21303065
-1828.18802835
-1828.17024443
-1828.16459222
-1828.17190796
-1828.18879605
-1828.18879605
-1828.20878581
-1828.22444429
-1828.22976677
-1828.22211542
-1828.20310787
-1828.17818067
-1828.15495845
-1828.14092503
-1828.14110638
-1828.15648473
-1828.18363639
-1828.21570480
-1828.24442788
-1828.26258001
-1828.26610198
-1828.25525139
-1828.23441758
-1828.21066398
-1828.19147043
-1828.18238941
-1828.18536020
-1828.19818420
-1828.21530233
-1828.22961449
-1828.23477197
-1828.22722469
-1828.20740237
-1828.17966625
-1828.15105918
-1828.12924377
-1828.12025208
-1828.12673581
-1828.14722766
-1828.17662521
-1828.20773728
-1828.23340321
-1828.24853978
-1828.25149561
-1828.24432550
-1828.23193072
-1828.22036587
-1828.21485734
-1828.21814869
-1828.22966431
-1828.24572802
-1828.26074960
-1828.26900354
-1828.26646165
-1828.25211620
-1828.22839337
-1828.20051862
-1828.20051862
-1828.17502672
-1828.15787091
-1828.15270274
-1828.15986139
-1828.17637148
-1828.19693720
-1828.21560674
-1828.22758282
-1828.23061884
-1828.22556436
-1828.21592164
-1828.20656883
-1828.20207805
-1828.20517173
-1828.21579676
-1828.23110929
-1828.24635556
-1828.25637017
-1828.25721839
-1828.24746400
-1828.22866124
-1828.20492724
-1828.18172425
-1828.16424820
-1828.15591950
-1828.15745771
-1828.16679818
-1828.17986197
-1828.19191152
-1828.19905100
-1828.19940447
-1828.19362221
-1828.18457485
-1828.17635704
-1828.17292852
-1828.17681760
-1828.18829298
-1828.20523928
-1828.22376389
-1828.23933872
-1828.24812846
-1828.24810828
-1828.23964068
-1828.22534170
-1828.20928198
-1828.19577713
-1828.18814304
-1828.18779031
-1828.19393221
-1828.20395835
-1828.21433310
-1828.22173140
-1828.22405319
-1828.22101989
-1828.21418225
-1828.20634848
-1828.20062962
-1828.19940819
-1828.20355722
-1828.21216208
-1828.22282177
-1828.23242091
-1828.23812024
-1828.23822916
-1828.23268858
-1828.22302262
-1828.21179294
-1828.20175808
-1828.19501956
-1828.19243647
-1828.19348343
-1828.19657780
-1828.19974002
-1828.20134452
-1828.20070880
-1828.19831387
-1828.19558800
-1828.19434723
-1828.19608717
-1828.20139101
-1828.20965417
-1828.21923066
-1828.22793870
-1828.23376163
-1828.23550060
-1828.23316064
-1828.22794069
-1828.22181424
-1828.21685345
-1828.21451564
-1828.21515432
-1828.21792614
-1828.22111549
-1828.22274751
-1828.22128510
-1828.21619988
-1828.20823685
-1828.19927515
-1828.19180341
-1828.18814359
-1828.18968649
-1828.19637877
-1828.20664902
-1828.21780436
-1828.22680782
-1828.23118601
-1828.22982224
-1828.22335425
-1828.21403746
-1828.20507769
-1828.19963932
-1828.19982444
-1828.20595247
-1828.21638162
-1828.22793297
-1828.23681860
-1828.23981015
-1828.23528707
-1828.22382684
-1828.20813080
-1828.19228752
-1828.18056095
-1828.17607788
-1828.17981722
-1828.19024212
-1828.20372262
-1828.21564365
-1828.22185433
-1828.21999322
-1828.21025888
-1828.19538080
-1828.17980214
-1828.16831792
-1828.16458959
-1828.16999940
-1828.18319320
-1828.20046561
-1828.21688161
-1828.22777083
-1828.23015146
-1828.22362768
-1828.21050304
-1828.19505493
-1828.18220815
-1828.17601242
-1828.17840328
-1828.18863022
-1828.20351000
-1828.21840846
-1828.22863631
-1828.23084687
-1828.22401460
-1828.20972669
-1828.19170594
-1828.17471105
-1828.16314158
-1828.15976339
-1828.16492448
-1828.17649966
-1828.19057383
-1828.20266233
-1828.20908845
-1828.20811568
-1828.20047739
-1828.18914472
-1828.17838448
-1828.17239643
-1828.17394342
-1828.18341945
-1828.19866123
-1828.21556899
-1828.22935055
-1828.23598554
-1828.23345095
-1828.22233578
-1828.20566012
-1828.18796733
-1828.17398615
-1828.16725574
-1828.16914027
-1828.17851089
-1828.19218948
-1828.20600878
-1828.21614886
-1828.22033206
-1828.21849968
-1828.21274344
-1828.20652448
-1828.20344023
-1828.20595962
-1828.21456328
-1828.22753935
-1828.24149178
-1828.25237358
-1828.25671917
-1828.25270592
-1828.24071948
-1828.22326329
-1828.20424236
-1828.18783350
-1828.17730060
-1828.17409444
-1828.17751930
-1828.18504973
-1828.19320389
-1828.19869514
-1828.19950291
-1828.19551556
-1828.18854935
-1828.18171116
-1828.17834440
-1828.18086543
-1828.18989646
-1828.20396146
-1828.21984738
-1828.23353623
-1828.24140721
-1828.24133763
-1828.23335586
-1828.21965626
-1828.20397025
-1828.19047767
-1828.18259621
-1828.18199066
-1828.18811014
-1828.19839653
-1828.20910901
-1828.21650425
-1828.21801133
-1828.21302134
-1828.20305794
-1828.19126517
-1828.18138869
-1828.17656042
-1828.17826347
-1828.18581791
-1828.19654616
-1828.20658128
-1828.21208061
-1828.21046414
-1828.20128751
-1828.18645775
-1828.16971281
-1828.15551429
-1828.14769201
-1828.14827725
-1828.15687498
-1828.17078089
-1828.18580260
-1828.19753849
-1828.20271290
-1828.20017270
-1828.19122410
-1828.17921768
-1828.16849229
-1828.16301501
-1828.16512580
-1828.17477455
-1828.18950038
-1828.20514975
-1828.21712707
-1828.22177428
-1828.21746229
-1828.20505136
-1828.18760437
-1828.16944807
-1828.15488437
-1828.14692641
-1828.14641918
-1828.15182450
-1828.15972200
-1828.16590431
-1828.16672907
-1828.16031526
-1828.14721407
-1828.13033316
-1828.11412802
-1828.10329761
-1828.10137365
-1828.10962839
-1828.12664151
-1828.14866059
-1828.17065276
-1828.18774016
-1828.19658001
-1828.19628035
-1828.18857329
-1828.17720617
-1828.16673635
-1828.16111564
-1828.16248550
-1828.17054744
-1828.18270165
-1828.19488780
-1828.20289377
-1828.20372979
-1828.19664490
-1828.18344488
-1828.16799824
-1828.15507161
-1828.14886508
-1828.15171011
-1828.16333449
-1828.18092722
-1828.19996583
-1828.21555112
-1828.22382778
-1828.22306695
-1828.21410253
-1828.19999730
-1828.18507094
-1828.17358945
-1828.16851336
-1828.17067370
-1828.17860718
-1828.18909471
-1828.19821050
-1828.20256277
-1828.20033821
-1828.19184285
-1828.17938795
-1828.16658179
-1828.15725199
-1828.15432670
-1828.15899857
-1828.17040849
-1828.18592581
-1828.20193491
-1828.21489328
-1828.22234085
-1828.22355934
-1828.21969196
-1828.21328232
-1828.20738389
-1828.20453162
-1828.20589674
-1828.21090527
-1828.21744003
-1828.22256016
-1828.22351282
-1828.21869055
-1828.20823324
-1828.19405011
-1828.17926672
-1828.16727592
-1828.16072145
-1828.16073213
-1828.16663635
-1828.17623510
-1828.18652089
-1828.19459831
-1828.19852839
-1828.19781745
-1828.19344506
-1828.18743270
-1828.18212014
-1828.17939068
-1828.18007698
-1828.18372967
-1828.18880197
-1828.19317986
-1828.19488830
-1828.19273954
-1828.18672031
-1828.17801026
-1828.16862937
-1828.16083177
-1828.15644421
-1828.15633500
-1828.16017733
-1828.16657191
-1828.17349306
-1828.17891832
-1828.18146983
-1828.18084635
-1828.17793198
-1828.17451744
-1828.17273983
-1828.17438443
-1828.18028297
-1828.18998483
-1828.20182745
-1828.21339221
-1828.22222918
-1828.22661522
-1828.22610727
-1828.22169602
-1828.21550159
-1828.21010872
-1828.20775410
-1828.20962503
-1828.21549297
-1828.22378259
-1828.23206250
-1828.23778657
-1828.23905730
-1828.23517475
-1828.22680787
-1828.21574916
-1828.20434550
-1828.19479092
-1828.18850744
-1828.18579848
-1828.18585736
-1828.18711687
-1828.18781862
-1828.18660679
-1828.18298125
-1828.17746519
-1828.17144648
-1828.16674752
-1828.16505646
-1828.16738573
-1828.17373071
-1828.18302689
-1828.19342945
-1828.20282696
-1828.20943581
-1828.21229609
-1828.21151534
-1828.20819918
-1828.20409017
-1828.20103226
-1828.20041543
-1828.20277587
-1828.20765636
-1828.21376852
-1828.21940763
-1828.22298733
-1828.22353623
-1828.22101068
-1828.21633350
-1828.21110809
-1828.20709200
-1828.20556095
-1828.20681519
-1828.20999597
-1828.21331715
-1828.21464587
-1828.21223955
-1828.20537441
-1828.19465066
-1828.18184595
-1828.16939557
-1828.15966246
-1828.15424936
-1828.15355895
-1828.15673740
-1828.16199154
-1828.16719503
-1828.17057695
-1828.17127986
-1828.16960307
-1828.16685926
-1828.16488478
-1828.16538413
-1828.16931861
-1828.17654161
-1828.18578218
-1828.19498737
-1828.20190458
-1828.20474160
-1828.20271112
-1828.19630411
-1828.18720385
-1828.17786462
-1828.17085078
-1828.16812379
-1828.17046539
-1828.17722096
-1828.18645167
-1828.19548041
-1828.20169504
-1828.20335923
-1828.20017697
-1828.19341764
-1828.18553973
-1828.17943332
-1828.17750765
-1828.18090291
-1828.18906937
-1828.19983672
-1828.20997586
-1828.21610319
-1828.21569183
-1828.20789017
-1828.19388282
-1828.17665235
-1828.16018638
-1828.14836630
-1828.14387466
-1828.14746043
-1828.15778711
-1828.17189661
-1828.18612640
-1828.19717772
-1828.20301806
-1828.20337072
-1828.19970712
-1828.19475445
-1828.19164125
-1828.19290818
-1828.19966736
-1828.21118406
-1828.22501357
-1828.23767758
-1828.24566704
-1828.24646482
-1828.23928462
-1828.22530647
-1828.20735097
-1828.18909205
-1828.17404621
-1828.16462257
-1828.16151412
-1828.16360274
-1828.16360274
-1828.16839138
-1828.17283730
-1828.17433375
-1828.17153546
-1828.16479850
-1828.15607860
-1828.14832807
-1828.14455797
-1828.14684302
-1828.15558337
-1828.16926341
-1828.18481609
-1828.19848509
-1828.20692760
-1828.20819424
-1828.20228731
-1828.19111927
-1828.17789754
-1828.16611952
-1828.15850968
-1828.15622658
-1828.15859525
-1828.16342862
-1828.16783129
-1828.16920787
-1828.16615097
-1828.15894405
-1828.14950905
-1828.14081326
-1828.13591857
-1828.13695993
-1828.14439900
-1828.15679315
-1828.17117718
-1828.18393920
-1828.19191698
-1828.19337518
-1828.18855025
-1828.17959770
-1828.16994252
-1828.16323047
-1828.16219340
-1828.16778015
-1828.17882348
-1828.19235306
-1828.20445982
-1828.21145827
-1828.21099694
-1828.20279120
-1828.18874980
-1828.17244250
-1828.15804934
-1828.14911452
-1828.14748551
-1828.15277701
-1828.16251547
-1828.17292690
-1828.18011489
-1828.18129074
-1828.17569082
-1828.16489329
-1828.15242209
-1828.14272682
-1828.13982285
-1828.14601424
-1828.16109391
-1828.18230088
-1828.20504502
-1828.22418952
-1828.23550502
-1828.23686860
-1828.22883388
-1828.21440313
-1828.19807417
-1828.18446315
-1828.17692282
-1828.17659238
-1828.17659238
-1828.18214715
-1828.19030445
-1828.19692450
-1828.19835365
-1828.19262222
-1828.18012188
-1828.16356299
-1828.14721631
-1828.13565899
-1828.13240738
-1828.13884369
-1828.15376090
-1828.17365741
-1828.19368729
-1828.20900714
-1828.21614109
-1828.21397602
-1828.20406622
-1828.19014233
-1828.17694743
-1828.16877587
-1828.16815578
-1828.17507476
-1828.18699407
-1828.19964061
-1828.20834921
-1828.20955396
-1828.20197031
-1828.18709839
-1828.16886766
-1828.15251450
-1828.14301762
-1828.14355378
-1828.15446863
-1828.17308444
-1828.19443002
-1828.21269219
-1828.22294474
-1828.22263458
-1828.21234568
-1828.19561886
-1828.17787825
-1828.16479016
-1828.16055699
-1828.16665580
-1828.18139910
-1828.20044676
-1828.21811602
-1828.22909243
-1828.23002884
-1828.22055010
-1828.20335174
-1828.18337648
-1828.16631350
-1828.15687613
-1828.15738511
-1828.16707922
-1828.18234209
-1828.19779343
-1828.20790630
-1828.20868826
-1828.19891801
-1828.18058109
-1828.15837101
-1828.13838998
-1828.12643452
-1828.12634769
-1828.13892512
-1828.16168911
-1828.18960189
-1828.21651916
-1828.23694395
-1828.24757151
-1828.24815997
-1828.24146676
-1828.23227963
-1828.22583259
-1828.22608754
-1828.23440120
-1828.24898563
-1828.26534510
-1828.27756413
-1828.28007709
-1828.26937822
-1828.24516038
-1828.21053295
-1828.17125509
-1828.13420514
-1828.10554069
-1828.08910292
-1828.08552075
-1828.09228174
-1828.10471224
-1828.11755563
-1828.12663937
-1828.13012383
-1828.12895634
-1828.12642088
-1828.12693385
-1828.13447812
-1828.15115709
-1828.17632895
-1828.20657398
-1828.23652453
-1828.26030248
-1828.27313651
-1828.27268805
-1828.25969801
-1828.23778079
-1828.21242489
-1828.18948613
-1828.17358845
-1828.16688909
-1828.16855970
-1828.17517147
-1828.18187955
-1828.18405263
-1828.17881979
-1828.16603258
-1828.14834430
-1828.13040217
-1828.11740056
-1828.11344806
-1828.12023968
-1828.13644691
-1828.15800493
-1828.17923016
-1828.19442492
-1828.19949365
-1828.19308831
-1828.17695319
-1828.15536766
-1828.13387087
-1828.11764822
-1828.11007002
-1828.11181899
-1828.12084750
-1828.13317216
-1828.14422138
-1828.15032060
-1828.14986019
-1828.14378648
-1828.13528505
-1828.12875605
-1828.12840152
-1828.13685753
-1828.15429194
-1828.17824436
-1828.20425325
-1828.22707196
-1828.24211501
-1828.24669036
-1828.24067798
-1828.22645291
-1828.20810530
-1828.19019039
-1828.17639192
-1828.16848970
-1828.16596208
-1828.16633262
-1828.16614926
-1828.16226694
-1828.15299089
-1828.13872440
-1828.12191194
-1828.10632443
-1828.09591479
-1828.09360808
-1828.10040718
-1828.11507933
-1828.13450997
-1828.15461326
-1828.17150953
-1828.18259423
-1828.18719319
-1828.18660474
-1828.18354257
-1828.18116347
-1828.18199266
-1828.18708106
-1828.19565455
-1828.20536645
-1828.21305692
-1828.21578776
-1828.21180914
-1828.20115449
-1828.18568117
-1828.16854317
-1828.15326883
-1828.14272644
-1828.13830232
-1828.13953499
-1828.14431494
-1828.14958091
-1828.15229333
-1828.15037440
-1828.14334587
-1828.13245661
-1828.12029924
-1828.11001394
-1828.10434170
-1828.10481138
-1828.11130537
-1828.12213575
-1828.13460640
-1828.14587111
-1828.15381776
-1828.15769380
-1828.15827080
-1828.15751006
-1828.15783805
-1828.16128124
-1828.16874407
-1828.17967297
-1828.19220577
-1828.20376209
-1828.21186109
-1828.21488845
-1828.21256485
-1828.20596997
-1828.19715054
-1828.18845333
-1828.18180428
-1828.17813776
-1828.17715970
-1828.17752394
-1828.17736010
-1828.17499560
-1828.16961514
-1828.16161970
-1828.15256896
-1828.14470000
-1828.14017683
-1828.14033380
-1828.14515445
-1828.15318393
-1828.16192232
-1828.16857697
-1828.17094804
-1828.16817189
-1828.16106716
-1828.15196140
-1828.14403654
-1828.14036555
-1828.14296019
-1828.15211783
-1828.16628351
-1828.18247846
-1828.19717460
-1828.20733637
-1828.21131150
-1828.20929418
-1828.20322100
-1828.19613345
-1828.19121252
-1828.19077202
-1828.19549929
-1828.20417516
-1828.21396455
-1828.22121011
-1828.22250597
-1828.21574632
-1828.20083938
-1828.17985717
-1828.15656982
-1828.13546817
-1828.12056019
-1828.11427860
-1828.11683204
-1828.12619575
-1828.13874996
-1828.15038337
-1828.15774284
-1828.15924194
-1828.15552271
-1828.14921982
-1828.14409164
-1828.14378075
-1828.15059653
-1828.16469637
-1828.18393584
-1828.20442839
-1828.22165412
-1828.23176604
-1828.23269758
-1828.22473853
-1828.21042322
-1828.19376291
-1828.17907063
-1828.16972401
-1828.16725182
-1828.17100602
-1828.17850852
-1828.18633452
-1828.19125064
-1828.19124746
-1828.18615738
-1828.17768308
-1828.16882845
-1828.16293155
-1828.16258741
-1828.16879669
-1828.18059696
-1828.19530236
-1828.20926347
-1828.21893179
-1828.22189229
-1828.21755875
-1828.20732854
-1828.19416119
-1828.18171440
-1828.17329885
-1828.17097573
-1828.17504901
-1828.18410480
-1828.19555938
-1828.20653866
-1828.21479207
-1828.21935701
-1828.22077416
-1828.22076876
-1828.22152759
-1828.22479564
-1828.23111271
-1828.23945206
-1828.24741155
-1828.25190203
-1828.25011557
-1828.24046807
-1828.22320064
-1828.20045465
-1828.17578557
-1828.15325395
-1828.13635928
-1828.12713466
-1828.12567527
-1828.13023539
-1828.13786786
-1828.14539562
-1828.15041791
-1828.15202414
-1828.15101191
-1828.14953911
-1828.15033333
-1828.15570527
-1828.16668348
-1828.18254210
-1828.20086806
-1828.21815779
-1828.23075938
-1828.23589450
-1828.23245730
-1828.22135654
-1828.20530026
-1828.18806633
-1828.17348368
-1828.16441347
-1828.16203972
-1828.16566964
-1828.17309079
-1828.18135336
-1828.18773060
-1828.19056000
-1828.18970975
-1828.18652919
-1828.18331282
-1828.18244633
-1828.18551578
-1828.19266720
-1828.20243577
-1828.21209439
-1828.21842821
-1828.21868783
-1828.21143795
-1828.19703966
-1828.17760100
-1828.15641874
-1828.13706076
-1828.12239720
-1828.11387216
-1828.11125146
-1828.11289829
-1828.11647233
-1828.11980986
-1828.12167950
-1828.12217207
-1828.12260629
-1828.12499839
-1828.13127891
-1828.14251830
-1828.15842622
-1828.17728756
-1828.19635591
-1828.21259842
-1828.22354685
-1828.22797876
-1828.22620823
-1828.21990094
-1828.21148549
-1828.20336129
-1828.19714944
-1828.19322926
-1828.19070036
-1828.18777763
-1828.18249783
-1828.17349659
-1828.16060819
-1828.14508065
-1828.12933688
-1828.11633409
-1828.10871886
-1828.10802816
-1828.11418323
-1828.12544822
-1828.13887855
-1828.15114068
-1828.15944970
-1828.16234267
-1828.16005328
-1828.15436086
-1828.14796997
-1828.14361248
-1828.14315992
-1828.14703037
-1828.15406825
-1828.16193475
-1828.16787916
-1828.16963353
-1828.16618296
-1828.15815904
-1828.14773873
-1828.13805850
-1828.13229359
-1828.13268141
-1828.13979245
-1828.15228635
-1828.16723244
-1828.18091322
-1828.18986304
-1828.19184208
-1828.18645868
-1828.17525797
-1828.16125311
-1828.14802993
-1828.13870159
-1828.13502039
-1828.13691375
-1828.14258657
-1828.14913633
-1828.15349014
-1828.15337347
-1828.14801426
-1828.13837673
-1828.12685066
-1828.11650174
-1828.11011338
-1828.10931497
-1828.11406804
-1828.12265227
-1828.13216113
-1828.13936023
-1828.14166870
-1828.13797454
-1828.12901303
-1828.11716534
-1828.10572695
-1828.09789474
-1828.09580037
-1828.09989792
-1828.10886427
-1828.12002931
-1828.13019025
-1828.13658747
-1828.13775608
-1828.13400572
-1828.12735629
-1828.12095209
-1828.11809221
-1828.12117778
-1828.13088559
-1828.14585921
-1828.16305019
-1828.17862842
-1828.18915652
-1828.19262417
-1828.18901931
-1828.18026173
-1828.16954514
-1828.16029648
-1828.15510386
-1828.15495170
-1828.15898591
-1828.16488385
-1828.16966907
-1828.17072807
-1828.16669027
-1828.15790490
-1828.14635877
-1828.13506532
-1828.12712725
-1828.12477825
-1828.12871301
-1828.13790521
-1828.14995493
-1828.16183580
-1828.17081889
-1828.17530151
-1828.17527679
-1828.17227138
-1828.16877412
-1828.16733704
-1828.16968784
-1828.17614974
-1828.18554852
-1828.19561727
-1828.20373993
-1828.20780313
-1828.20689996
-1828.20166584
-1828.19413224
-1828.18712622
-1828.18337163
-1828.18459227
-1828.19088993
-1828.20061889
-1828.21081474
-1828.21806957
-1828.21959214
-1828.21413089
-1828.20243698
-1828.18709449
-1828.17174225
-1828.15993262
-1828.15401947
-1828.15444882
-1828.15966206
-1828.16663963
-1828.17190373
-1828.17269176
-1828.16793299
-1828.15871065
-1828.14802600
-1828.13991817
-1828.13817685
-1828.14506703
-1828.16047304
-1828.18176825
-1828.20447719
-1828.22353686
-1828.23477889
-1828.23615703
-1828.22832897
-1828.21440276
-1828.19892399
-1828.18643538
-1828.18007007
-1828.18059574
-1828.18619602
-1828.19303712
-1828.19648164
-1828.19262391
-1828.17968825
-1828.15882066
-1828.13396171
-1828.11081406
-1828.09520559
-1828.09134879
-1828.10053674
-1828.12067789
-1828.14684690
-1828.17270226
-1828.19236714
-1828.20218850
-1828.20181561
-1828.19424746
-1828.18482322
-1828.17945331
-1828.18265529
-1828.19600814
-1828.21749988
-1828.24198813
-1828.26265867
-1828.27307808
-1828.26922964
-1828.25090058
-1828.22194927
-1828.18930934
-1828.16101645
-1828.14384120
-1828.14126637
-1828.15245533
-1828.17254650
-1828.19421030
-1828.20997022
-1828.21455083
-1828.20651166
-1828.18865173
-1828.16707629
-1828.14922076
-1828.14145407
-1828.14700308
-1828.16484043
-1828.18988603
-1828.21448468
-1828.23073280
-1828.23294963
-1828.21954063
-1828.19364650
-1828.16234554
-1828.13462509
-1828.11871604
-1828.11959597
-1828.13743067
-1828.16745633
-1828.20135670
-1828.22975034
-1828.24501258
-1828.24358294
-1828.22703870
-1828.20159150
-1828.17615725
-1828.15957079
-1828.15779182
-1828.17197280
-1828.19799758
-1828.22765402
-1828.25110847
-1828.25994557
-1828.24983407
-1828.22199965
-1828.18300734
-1828.14290156
-1828.11224618
-1828.09895838
-1828.10591416
-1828.13008022
-1828.16344933
-1828.19552002
-1828.21655071
-1828.22056088
-1828.20714501
-1828.18152584
-1828.15284765
-1828.13125089
-1828.12463435
-1828.13611052
-1828.16293723
-1828.19725824
-1828.22844511
-1828.24631755
-1828.24427685
-1828.22137911
-1828.18272749
-1828.13805504
-1828.09892200
-1828.07535771
-1828.07293732
-1828.09117173
-1828.12370417
-1828.16029003
-1828.18996199
-1828.20439353
-1828.20041438
-1828.18090623
-1828.15383259
-1828.12970660
-1828.11828188
-1828.12547228
-1828.15143648
-1828.19040099
-1828.23228280
-1828.26563196
-1828.28100479
-1828.27378459
-1828.24558290
-1828.20381942
-1828.15957186
-1828.12433898
-1828.10667748
-1828.10973067
-1828.13041718
-1828.16053279
-1828.18942274
-1828.20737918
-1828.20869712
-1828.19344106
-1828.16740110
-1828.14027406
-1828.12263568
-1828.12263518
-1828.14339497
-1828.18190175
-1828.22973219
-1828.27541264
-1828.30772325
-1828.31895565
-1828.30713048
-1828.27649640
-1828.23616914
-1828.19734536
-1828.16995653
-1828.15977761
-1828.16684578
-1828.18565034
-1828.20700352
-1828.22100836
-1828.22021727
-1828.20201045
-1828.16947686
-1828.13054134
-1828.09560544
-1828.07443035
-1828.07321049
-1828.09271350
-1828.12803885
-1828.17005996
-1828.20811634
-1828.23314410
-1828.24029977
-1828.23030207
-1828.20907052
-1828.18579147
-1828.17000007
-1828.16859059
-1828.18365412
-1828.21181837
-1828.24526615
-1828.27413624
-1828.28955479
-1828.28637982
-1828.26481314
-1828.23038132
-1828.19230125
-1828.16072367
-1828.14369851
-1828.14479224
-1828.16208098
-1828.18881334
-1828.21552895
-1828.23296915
-1828.23489404
-1828.21994484
-1828.19200346
-1828.15896011
-1828.13029076
-1828.11418829
-1828.11512002
-1828.13253846
-1828.16111806
-1828.19241034
-1828.21740440
-1828.22920656
-1828.22502870
-1828.20692634
-1828.18108634
-1828.15591321
-1828.13949055
-1828.13717964
-1828.15005186
-1828.17461873
-1828.20393333
-1828.22970144
-1828.24477679
-1828.24528467
-1828.23175193
-1828.20890769
-1828.18422765
-1828.16565443
-1828.15919503
-1828.16711527
-1828.18728205
-1828.21384756
-1828.23904094
-1828.25551413
-1828.25853251
-1828.24735976
-1828.22543950
-1828.19933210
-1828.17673242
-1828.16416811
-1828.16507132
-1828.17880768
-1828.20094763
-1828.22467415
-1828.24288312
-1828.25031843
-1828.24508824
-1828.22912596
-1828.20748072
-1828.18669442
-1828.17278455
-1828.16945220
-1828.17704480
-1828.19255358
-1828.21060994
-1828.22515450
-1828.23128920
-1828.22675526
-1828.21259747
-1828.19279942
-1828.17301962
-1828.15883066
-1828.15403184
-1828.15954535
-1828.17322919
-1828.19061338
-1828.20633388
-1828.21580947
-1828.21666634
-1828.20947682
-1828.19759508
-1828.18612575
-1828.18032518
-1828.18391582
-1828.19783291
-1828.21981556
-1828.24499247
-1828.26728923
-1828.28121594
-1828.28348212
-1828.27393420
-1828.25554442
-1828.23345576
-1828.21339670
-1828.19994425
-1828.19518463
-1828.19818908
-1828.20545904
-1828.21219613
-1828.21397752
-1828.20827874
-1828.19536135
-1828.17822020
-1828.16164125
-1828.15067526
-1828.14903253
-1828.15789510
-1828.17552221
-1828.19774101
-1828.21916856
-1828.23477788
-1828.24134102
-1828.23829971
-1828.22781857
-1828.21401474
-1828.20161679
-1828.19447228
-1828.19437324
-1828.20053190
-1828.20988056
-1828.21809008
-1828.22100038
-1828.21600943
-1828.20296882
-1828.18430974
-1828.16438020
-1828.14819599
-1828.13999873
-1828.14204996
-1828.15400492
-1828.17305131
-1828.19474622
-1828.21430482
-1828.22794307
-1828.23389091
-1828.23276671
-1828.22721457
-1828.22092220
-1828.21732662
-1828.21843916
-1828.22416064
-1828.23231903
-1828.23941317
-1828.24181665
-1828.23705054
-1828.22470375
-1828.20669798
-1828.18681030
-1828.16958117
-1828.15896157
-1828.15712194
-1828.16380136
-1828.17641417
-1828.19087055
-1828.20285516
-1828.20914851
-1828.20858386
-1828.20233679
-1828.19346419
-1828.18585288
-1828.18292030
-1828.18647507
-1828.19611118
-1828.20930920
-1828.22221382
-1828.23083281
-1828.23227920
-1828.22567475
-1828.21243655
-1828.19586988
-1828.18019920
-1828.16933041
-1828.16573192
-1828.16976660
-1828.17967180
-1828.19217574
-1828.20353103
-1828.21064424
-1828.21197162
-1828.20793485
-1828.20075802
-1828.19375989
-1828.19029276
-1828.19264050
-1828.20120615
-1828.21426566
-1828.22837961
-1828.23937243
-1828.24358818
-1828.23904805
-1828.22613745
-1828.20759930
-1828.18781856
-1828.17161618
-1828.16291467
-1828.16364947
-1828.17323121
-1828.18872924
-1828.20576357
-1828.21986552
-1828.22787036
-1828.22884699
-1828.22422727
-1828.21712215
-1828.21110993
-1828.20893915
-1828.21159078
-1828.21797949
-1828.22535440
-1828.23021962
-1828.22947239
-1828.22139049
-1828.20618160
-1828.18593417
-1828.16402380
-1828.14415825
-1828.12937471
-1828.12128983
-1828.11980334
-1828.12333347
-1828.12945309
-1828.12945309
-1828.13571567
-1828.14040966
-1828.14302433
-1828.14430474
-1828.14590670
-1828.14976431
-1828.15737761
-1828.16924324
-1828.18459933
-1828.20155804
-1828.21757525
-1828.23011061
-1828.23728297
-1828.23834362
-1828.23382689
-1828.22535447
-1828.21514469
-1828.20538295
-1828.19763981
-1828.19763981
-1828.19251927
-1828.18964282
-1828.18795661
-1828.18625041
-1828.18368473
-1828.18014503
-1828.17630104
-1828.17336339
-1828.17262703
-1828.17262703
-1828.17496630
-1828.18046268
-1828.18829274
-1828.19692379
-1828.20453304
-1828.20953292
-1828.21102128
-1828.20901109
-1828.20438232
-1828.19857822
-1828.19314180
-1828.18926395
-1828.18748536
-1828.18765095
-1828.18911925
-1828.19111168
-1828.19306209
-1828.19482220
-1828.19665583
-1828.19906190
-1828.20248757
-1828.20707488
-1828.21252449
-1828.21813523
-1828.22300047
-1828.22630585
-1828.22759598
-1828.22692639
-1828.22483181
-1828.22213175
-1828.21964156
-1828.21789726
-1828.21698692
-1828.21654381
-1828.21589420
-1828.21432581
-1828.21137790
-1828.20708161
-1828.20205830
-1828.19743894
-1828.19460298
-1828.19478674
-1828.19866178
-1828.20601536
-1828.21566350
-1828.22565105
-1828.23373402
-1828.23799232
-1828.23739400
-1828.23211934
-1828.22352571
-1828.21374626
-1828.20504766
-1828.19913944
-1828.19665913
-1828.19701086
-1828.19861754
-1828.19952752
-1828.19817799
-1828.19406648
-1828.18808026
-1828.18235043
-1828.17965883
-1828.18256309
-1828.19250932
-1828.20921002
-1828.23048948
-1828.25270319
-1828.27165311
-1828.28374822
-1828.28702411
-1828.28167068
-1828.26988667
-1828.25513799
-1828.24105498
-1828.23034411
-1828.22403683
-1828.22130749
-1828.21989622
-1828.21698298
-1828.21024195
-1828.21024195
-1828.19874274
-1828.18341551
-1828.16691851
-1828.15291719
-1828.14497682
-1828.14542101
-1828.15452244
-1828.17029940
-1828.18901061
-1828.20620379
-1828.21801857
-1828.22233320
-1828.21937919
-1828.21937919
-1828.21161566
-1828.20288431
-1828.19711593
-1828.19699096
-1828.20298505
-1828.21312003
-1828.22351254
-1828.22957708
-1828.22751561
-1828.21562648
-1828.19500535
-1828.16937955
-1828.14411702
-1828.12469056
-1828.11506743
-1828.11651037
-1828.12716460
-1828.14258512
-1828.15706604
-1828.16538849
-1828.16443950
-1828.15419348
-1828.13772690
-1828.12026098
-1828.10751890
-1828.10392275
-1828.11118640
-1828.12775255
-1828.14924592
-1828.16981423
-1828.18393975
-1828.18816963
-1828.18221962
-1828.16910849
-1828.15426184
-1828.14384458
-1828.14281554
-1828.15330046
-1828.17378453
-1828.19941787
-1828.22336790
-1828.23884453
-1828.24118050
-1828.22930280
-1828.20612641
-1828.17774711
-1828.15166779
-1828.15166779
-1828.13459400
-1828.13046266
-1828.13930604
-1828.15729592
-1828.17795992
-1828.19420223
-1828.20050457
-1828.19464166
-1828.17838897
-1828.15699666
-1828.13758440
-1828.12693231
-1828.12932690
-1828.14513177
-1828.17056841
-1828.19881870
-1828.19881870
-1828.22212487
-1828.23418878
-1828.23209007
-1828.21712747
-1828.19435042
-1828.17097234
-1828.15416594
-1828.14891486
-1828.15656286
-1828.17448232
-1828.19694663
-1828.21692383
-1828.22824223
-1828.22746575
-1828.21490895
-1828.19450325
-1828.17254438
-1828.15571296
-1828.14897172
-1828.15398234
-1828.16856152
-1828.18735317
-1828.20352553
-1828.21093394
-1828.20606992
-1828.18918906
-1828.16427146
-1828.13784384
-1828.11702109
-1828.10736447
-1828.11120854
-1828.12696585
-1828.14962595
-1828.17229749
-1828.18832991
-1828.19335753
-1828.18664131
-1828.17128891
-1828.15327373
-1828.13954450
-1828.13579714
-1828.14459608
-1828.16446717
-1828.19027042
-1828.21475387
-1828.23077246
-1828.23348400
-1828.22183520
-1828.19889617
-1828.17096136
-1828.17096136
-1828.14569750
-1828.12989128
-1828.12747058
-1828.13838867
-1828.15870384
-1828.18182645
-1828.20056151
-1828.20931971
-1828.20582416
-1828.19178821
-1828.17233367
-1828.15434413
-1828.14425241
-1828.14600909
-1828.15987011
-1828.18234662
-1828.20727514
-1828.22765004
-1828.23767401
-1828.23443182
-1828.21870722
-1828.19470042
-1828.16875035
-1828.14745198
-1828.13573591
-1828.13548929
-1828.14512676
-1828.16022794
-1828.17502356
-1828.18427052
-1828.18492415
-1828.17709662
-1828.16399957
-1828.15090613
-1828.14346829
-1828.14593146
-1828.15979489
-1828.18330235
-1828.21191079
-1828.23957832
-1828.26049056
-1828.27070368
-1828.26921479
-1828.25813819
-1828.24194072
-1828.22598486
-1828.21483676
-1828.21086568
-1828.21357818
-1828.21988526
-1828.22520544
-1828.22504821
-1828.21655354
-1828.19951093
-1828.17653235
-1828.15232645
-1828.13230580
-1828.12095752
-1828.12049269
-1828.13018738
-1828.14663303
-1828.16479818
-1828.17956251
-1828.18722873
-1828.18656785
-1828.17908066
