-1828.21449140
-1828.20538482
-1828.20259086
-1828.20635884
-1828.21505971
-1828.22564060
-1828.23455108
-1828.23884491
-1828.23710413
-1828.22987611
-1828.21949851
-1828.20934837
-1828.20276299
-1828.20194809
-1828.20722341
-1828.21684331
-1828.22747006
-1828.23516828
-1828.23663763
-1828.23028689
-1828.21682700
-1828.19916746
-1828.18164796
-1828.16881251
-1828.16409249
-1828.16880296
-1828.18175325
-1828.19959318
-1828.21779619
-1828.23197942
-1828.23919135
-1828.23877948
-1828.23257641
-1828.22432372
-1828.21847837
-1828.21876155
-1828.22690457
-1828.24200261
-1828.26069110
-1828.27808999
-1828.28923551
-1828.29057751
-1828.28110527
-1828.26274549
-1828.23990210
-1828.21824058
-1828.20306872
-1828.19779451
-1828.20295030
-1828.21609332
-1828.23262543
-1828.24726169
-1828.25568413
-1828.25585095
-1828.24856135
-1828.23711115
-1828.22617463
-1828.22028153
-1828.22236100
-1828.23279168
-1828.24923630
-1828.26730611
-1828.28185026
-1828.28848372
-1828.28490242
-1828.27159372
-1828.25174090
-1828.23032651
-1828.21271162
-1828.20310266
-1828.20340751
-1828.21280000
-1828.22808122
-1828.24469054
-1828.25804747
-1828.26485261
-1828.26397997
-1828.25671695
-1828.24628323
-1828.23676920
-1828.23182049
-1828.23346020
-1828.24142268
-1828.25320259
-1828.26481224
-1828.27202740
-1828.27174667
-1828.26304550
-1828.26304550
-1828.26304550
-1828.24757974
-1828.22919578
-1828.21284028
-1828.20310722
-1828.20286697
-1828.21240756
-1828.22934979
-1828.24935472
-1828.26740823
-1828.27929782
-1828.28283109
-1828.27843293
-1828.26893059
-1828.25859448
-1828.25172197
-1828.25120688
-1828.25754643
-1828.26861219
-1828.28026402
-1828.28762336
-1828.28660724
-1828.27524292
-1828.25437206
-1828.22751913
-1828.19997599
-1828.17736086
-1828.16408155
-1828.16215664
-1828.17073818
-1828.18646545
-1828.20453706
-1828.22016413
-1828.22016413
-1828.22998332
-1828.23300345
-1828.23082924
-1828.22707766
-1828.22616742
-1828.23183566
-1828.24582380
-1828.26716207
-1828.29227294
-1828.31590554
-1828.33261932
-1828.33839639
-1828.33188259
-1828.31486605
-1828.29183931
-1828.26875179
-1828.25131576
-1828.24338039
-1828.24585359
-1828.25648920
-1828.27059988
-1828.28247359
-1828.28707347
-1828.28151659
-1828.26591785
-1828.24337708
-1828.21912479
-1828.19902740
-1828.18784325
-1828.18776021
-1828.19768076
-1828.21352480
-1828.22946009
-1828.23970886
-1828.24035449
-1828.23060629
-1828.21311581
-1828.19324025
-1828.17745155
-1828.17137945
-1828.17804710
-1828.19686638
-1828.22367856
-1828.25186946
-1828.27424740
-1828.28516078
-1828.28220182
-1828.26694832
-1828.24449077
-1828.22188239
-1828.20597709
-1828.20133567
-1828.20884209
-1828.22544732
-1828.24512724
-1828.26077459
-1828.26644424
-1828.25927252
-1828.24047704
-1828.21510568
-1828.19060848
-1828.17465393
-1828.17285474
-1828.18707447
-1828.18707447
-1828.21483600
-1828.24998858
-1828.28445234
-1828.31051272
-1828.32300033
-1828.32069109
-1828.30652948
-1828.28660241
-1828.26818532
-1828.25745062
-1828.25754657
-1828.26763324
-1828.28317489
-1828.29740605
-1828.30350428
-1828.21449140
-1828.20538482
-1828.20259086
-1828.20635884
-1828.21505971
-1828.22564060
-1828.23455108
-1828.23884491
-1828.23710413
-1828.22987611
-1828.21949851
-1828.20934837
-1828.20276299
-1828.20194809
-1828.20722341
-1828.21684331
-1828.22747006
-1828.23516828
-1828.23663763
-1828.23028689
-1828.21682700
-1828.19916746
-1828.18164796
-1828.16881251
-1828.16409249
-1828.16880296
-1828.18175325
-1828.19959318
-1828.21779619
-1828.23197942
-1828.23919135
-1828.23877948
-1828.23257641
-1828.22432372
-1828.21847837
-1828.21876155
-1828.22690457
-1828.24200261
-1828.26069110
-1828.27808999
-1828.28923551
-1828.29057751
-1828.28110527
-1828.26274549
-1828.23990210
-1828.21824058
-1828.20306872
-1828.19779451
-1828.20295030
-1828.21609332
-1828.23262543
-1828.24726169
-1828.25568413
-1828.25585095
-1828.24856135
-1828.23711115
-1828.22617463
-1828.22028153
-1828.22236100
-1828.23279168
-1828.24923630
-1828.26730611
-1828.28185026
-1828.28848372
-1828.28490242
-1828.27159372
-1828.25174090
-1828.23032651
-1828.21271162
-1828.20310266
-1828.20340751
-1828.21280000
-1828.22808122
-1828.24469054
-1828.25804747
-1828.26485261
-1828.26397997
-1828.25671695
-1828.24628323
-1828.23676920
-1828.23182049
-1828.23346020
-1828.24142268
-1828.25320259
-1828.26481224
-1828.27202740
-1828.27174667
-1828.26304550
-1828.24757974
-1828.22919578
-1828.21284028
-1828.20310722
-1828.20286697
-1828.21240756
-1828.22934979
-1828.24935472
-1828.26740823
-1828.27929782
-1828.28283109
-1828.27843293
-1828.26893059
-1828.25859448
-1828.25172197
-1828.25120688
-1828.25754643
-1828.26861219
-1828.28026402
-1828.28762336
-1828.28660724
-1828.27524292
-1828.25437206
-1828.22751913
-1828.19997599
-1828.17736086
-1828.16408155
-1828.16215664
-1828.17073818
-1828.18646545
-1828.20453706
-1828.22016413
-1828.22016413
-1828.22998332
-1828.23300345
-1828.23082924
-1828.22707766
-1828.22616742
-1828.23183566
-1828.24582380
-1828.26716207
-1828.29227294
-1828.31590554
-1828.33261932
-1828.33839639
-1828.33188259
-1828.31486605
-1828.29183931
-1828.26875179
-1828.25131576
-1828.24338039
-1828.24585359
-1828.25648920
-1828.27059987
-1828.28247359
-1828.28707347
-1828.28151659
-1828.26591785
-1828.24337708
-1828.24337708
-1828.21912479
-1828.19902740
-1828.18784325
-1828.18776021
-1828.19768076
-1828.21352480
-1828.22946009
-1828.23970886
-1828.24035449
-1828.23060629
-1828.21311581
-1828.19324025
-1828.19324025
-1828.19324025
-1828.17745155
-1828.17137945
-1828.17804710
-1828.19686638
-1828.22367856
-1828.25186946
-1828.27424740
-1828.28516078
-1828.28220182
-1828.26694832
-1828.24449077
-1828.22188239
-1828.20597709
-1828.20133567
-1828.20884209
-1828.22544732
-1828.24512724
-1828.26077459
-1828.26644424
-1828.25927252
-1828.24047704
-1828.21510568
-1828.19060848
-1828.17465393
-1828.17285474
-1828.18707446
-1828.21483600
-1828.24998858
-1828.28445234
-1828.31051272
-1828.32300033
-1828.32069109
-1828.30652948
-1828.28660241
-1828.26818532
-1828.25745062
-1828.25754657
-1828.26763324
-1828.28317489
-1828.29740606
-1828.30350428
-1828.29679597
-1828.27630728
-1828.24518577
-1828.20986583
-1828.17824567
-1828.15742278
-1828.15166699
-1828.16122897
-1828.18233643
-1828.20836777
-1828.23184753
-1828.24666534
-1828.24983666
-1828.24229026
-1828.22845411
-1828.21478682
-1828.20771942
-1828.21162557
-1828.22744308
-1828.25234723
-1828.28056501
-1828.30507959
-1828.31971012
-1828.32094086
-1828.30894761
-1828.28751948
-1828.26290542
-1828.24194966
-1828.23007895
-1828.22974750
-1828.23980240
-1828.25594799
-1828.27216506
-1828.28263254
-1828.28356573
-1828.27439007
-1828.25789835
-1828.23933543
-1828.23933543
-1828.22471731
-1828.21888900
-1828.22394538
-1828.23851857
-1828.25814625
-1828.27662422
-1828.28791689
-1828.28803585
-1828.27629749
-1828.25556557
-1828.23139364
-1828.21034115
-1828.19797542
-1828.19720330
-1828.20743352
-1828.22483100
-1828.24356470
-1828.25765508
-1828.26284367
-1828.25789641
-1828.24495501
-1828.22883268
-1828.21549296
-1828.21018617
-1828.21582974
-1828.23211726
-1828.25562376
-1828.28085842
-1828.30193446
-1828.31434391
-1828.31628213
-1828.30912318
-1828.29689459
-1828.28493422
-1828.27813773
-1828.27935634
-1828.28843691
-1828.30222162
-1828.31550950
-1828.32269519
-1828.31956676
-1828.30470350
-1828.28003003
-1828.25034025
-1828.22194567
-1828.20085388
-1828.19104952
-1828.19339157
-1828.20545975
-1828.22238590
-1828.23841630
-1828.24872884
-1828.25092698
-1828.24574545
-1828.23673951
-1828.22905618
-1828.22769095
-1828.23577607
-1828.25345010
-1828.27765941
-1828.30296686
-1828.32312835
-1828.33294852
-1828.32985099
-1828.31466542
-1828.29139480
-1828.26602184
-1828.24473281
-1828.23211685
-1828.22988715
-1828.23650853
-1828.24782319
-1828.25846287
-1828.26360674
-1828.26054112
-1828.24954415
-1828.23383147
-1828.21857249
-1828.20927290
-1828.21002892
-1828.22217553
-1828.24375464
-1828.26997573
-1828.29453913
-1828.31143358
-1828.31667688
-1828.30948873
-1828.29254191
-1828.27120864
-1828.25201925
-1828.24077358
-1828.24086570
-1828.25233495
-1828.27190781
-1828.29403772
-1828.31261434
-1828.32282274
-1828.32258711
-1828.31316600
-1828.29871252
-1828.28494151
-1828.27732156
-1828.27933357
-1828.29133834
-1828.31039352
-1828.33108275
-1828.34711007
-1828.35317579
-1828.34654159
-1828.32781431
-1828.30073119
-1828.27102523
-1828.24476125
-1828.22664897
-1828.21884226
-1828.22055573
-1828.22856888
-1828.23842322
-1828.24592256
-1828.24846842
-1828.24584195
-1828.24022028
-1828.23544028
-1828.23574118
-1828.24437270
-1828.26247052
-1828.28855138
-1828.31877922
-1828.34792960
-1828.37077167
-1828.38345576
-1828.38450828
-1828.37513818
-1828.35878030
-1828.34001860
-1828.32321529
-1828.31125421
-1828.30477777
-1828.30214459
-1828.30011123
-1828.29503281
-1828.28419697
-1828.26687436
-1828.24474389
-1828.22154107
-1828.20202324
-1828.19056884
-1828.18984944
-1828.20000283
-1828.21857122
-1828.24121846
-1828.26298605
-1828.27969071
-1828.28902296
-1828.29102796
-1828.28784624
-1828.28282762
-1828.27932464
-1828.27956002
-1828.28392171
-1828.29090038
-1828.29764771
-1828.30096975
-1828.29841151
-1828.28909958
-1828.27408185
-1828.25607887
-1828.23875110
-1828.22570480
-1828.21953102
-1828.22113915
-1828.22955660
-1828.24224038
-1828.25580955
-1828.26698624
-1828.27348127
-1828.27456992
-1828.27119622
-1828.26558454
-1828.26048388
-1828.25827033
-1828.26018334
-1828.26591896
-1828.27369769
-1828.28079608
-1828.28437835
-1828.28239549
-1828.27426235
-1828.26110321
-1828.24546357
-1828.23057991
-1828.21942672
-1828.21385632
-1828.21410969
-1828.21884779
-1828.21884779
-1828.22568143
-1828.23201140
-1828.23589397
-1828.23664653
-1828.23500555
-1828.23280526
-1828.23229678
-1828.23535503
-1828.24282780
-1828.25423209
-1828.26788380
-1828.28139487
-1828.29236707
-1828.29904835
-1828.30075109
-1828.29791921
-1828.29185733
-1828.28425010
-1828.27662978
-1828.26996242
-1828.26445415
-1828.25961670
-1828.25454678
-1828.24833031
-1828.24043864
-1828.23100080
-1828.22085403
-1828.21137286
-1828.20411405
-1828.20039624
-1828.20093196
-1828.20562180
-1828.21355494
-1828.22323355
-1828.23295233
-1828.24124213
-1828.24124213
-1828.24723608
-1828.25085179
-1828.25272356
-1828.25390736
-1828.25543766
-1828.25789400
-1828.26111038
-1828.26111038
-1828.26415074
-1828.26556311
-1828.26385662
-1828.25803654
-1828.24801832
-1828.23477097
-1828.22012875
-1828.20632368
-1828.19539057
-1828.18864111
-1828.18637066
-1828.18788323
-1828.19180709
-1828.19657908
-1828.20094086
-1828.20428452
-1828.20675191
-1828.20908538
-1828.21227480
-1828.21713915
-1828.22397020
-1828.23236900
-1828.24132467
-1828.24951105
-1828.24951105
-1828.25569236
-1828.25910456
-1828.25968073
-1828.25806200
-1828.25538808
-1828.25295780
-1828.25186264
-1828.25269458
-1828.25542087
-1828.25943924
-1828.26379414
-1828.26748743
-1828.26978932
-1828.27045336
-1828.26977996
-1828.26851100
-1828.26758895
-1828.26783653
-1828.26964188
-1828.27274893
-1828.27624780
-1828.27879550
-1828.27900401
-1828.27585495
-1828.26902957
-1828.25904845
-1828.24718125
-1828.23515946
-1828.22475956
-1828.21738249
-1828.21375641
-1828.21384023
-1828.21696109
-1828.22212738
-1828.22840318
-1828.23521879
-1828.24250197
-1828.25058981
-1828.25995771
-1828.27087969
-1828.28316942
-1828.29610768
-1828.30856400
-1828.31927631
-1828.32716265
-1828.33158116
-1828.33243851
-1828.33014231
-1828.32540740
-1828.31900592
-1828.31153879
-1828.30330965
-1828.29433557
-1828.28448818
-1828.27370194
-1828.26216190
-1828.25040111
-1828.23926481
-1828.22973978
-1828.22270701
-1828.21869694
-1828.21773358
-1828.21932172
-1828.22258875
-1828.22652637
-1828.23025671
-1828.23324728
-1828.23539530
-1828.23698418
-1828.23852122
-1828.24052639
-1828.24332492
-1828.24690891
-1828.25090382
-1828.25464831
-1828.25737937
-1828.25846692
-1828.25762972
-1828.25506954
-1828.25147216
-1828.24786089
-1828.24533895
-1828.24478472
-1828.24658946
-1828.25052163
-1828.25577425
-1828.26119593
-1828.26564353
-1828.26835148
-1828.26917609
-1828.26863741
-1828.26771706
-1828.26748738
-1828.26869997
-1828.27147583
-1828.27521190
-1828.27521190
-1828.27872489
-1828.28059096
-1828.27957207
-1828.27500416
-1828.26703074
-1828.25660210
-1828.24524289
-1828.23465194
-1828.22625902
-1828.22088445
-1828.21859551
-1828.21878639
-1828.22044686
-1828.22252372
-1828.22425900
-1828.22540908
-1828.22628363
-1828.22760941
-1828.23025274
-1828.23488929
-1828.24170707
-1828.25022483
-1828.25928438
-1828.26723296
-1828.27226473
-1828.27285905
-1828.26818255
-1828.25836433
-1828.24453673
-1828.22862425
-1828.21292238
-1828.19957338
-1828.19008592
-1828.18503145
-1828.18401146
-1828.18590086
-1828.18929607
-1828.19303725
-1828.19662493
-1828.19662493
-1828.20039929
-1828.20541182
-1828.21303368
-1828.22441083
-1828.23995355
-1828.25899519
-1828.27976156
-1828.29966073
-1828.31584346
-1828.32587620
-1828.32834734
-1828.32322167
-1828.31183820
-1828.29653566
-1828.28001823
-1828.26464359
-1828.25183966
-1828.24184121
-1828.23379770
-1828.22622659
-1828.21766118
-1828.20728450
-1828.19535779
-1828.18330047
-1828.17339939
-1828.16820721
-1828.16981356
-1828.17918279
-1828.19576412
-1828.21748812
-1828.24116134
-1828.26316565
-1828.28025779
-1828.29027455
-1828.29255747
-1828.28799503
-1828.27870101
-1828.26740246
-1828.25669348
-1828.24833379
-1828.24281234
-1828.23932050
-1828.23616038
-1828.23146465
-1828.22398369
-1828.21366788
-1828.20184101
-1828.19091144
-1828.18370840
-1828.18265893
-1828.18905216
-1828.20260983
-1828.22147180
-1828.24259910
-1828.26248454
-1828.27797728
-1828.28701005
-1828.28903263
-1828.28503481
-1828.27714517
-1828.26791220
-1828.25948460
-1828.25294134
-1828.24799997
-1828.24319592
-1828.23648093
-1828.22604982
-1828.21111956
-1828.19241064
-1828.17216513
-1828.15368877
-1828.14052938
-1828.13552406
-1828.13998602
-1828.15327038
-1828.17286248
-1828.19498627
-1828.21557268
-1828.23133469
-1828.24061752
-1828.24377542
-1828.24293822
-1828.24122511
-1828.24164440
-1828.24604366
-1828.25444115
-1828.26497266
-1828.27447076
-1828.27948339
-1828.27740260
-1828.26735078
-1828.25054640
-1828.23005414
-1828.20998504
-1828.19439812
-1828.18621271
-1828.18644818
-1828.19400682
-1828.20605791
-1828.21891408
-1828.22913466
-1828.23453253
-1828.23478502
-1828.23146380
-1828.22747761
-1828.22609313
-1828.22983696
-1828.23962002
-1828.25435706
-1828.27121139
-1828.28639482
-1828.29627143
-1828.29843828
-1828.29244713
-1828.27995930
-1828.26428813
-1828.24945279
-1828.23902948
-1828.23512321
-1828.23777288
-1828.24495590
-1828.25322771
-1828.25878515
-1828.25866861
-1828.25171071
-1828.23894945
-1828.22334988
-1828.20891578
-1828.19945994
-1828.19742922
-1828.20314954
-1828.21472833
-1828.22863408
-1828.24076816
-1828.24768220
-1828.24758677
-1828.24085378
-1828.22987651
-1828.21833607
-1828.21011058
-1828.20814119
-1828.21358947
-1828.22552831
-1828.24124204
-1828.25703927
-1828.26935080
-1828.27577728
-1828.27577820
-1828.27078764
-1828.26370961
-1828.25796613
-1828.25637862
-1828.26025635
-1828.26894715
-1828.28001428
-1828.28997660
-1828.29538935
-1828.29393953
-1828.28520485
-1828.28520485
-1828.27083972
-1828.27083972
-1828.25412073
-1828.23898943
-1828.22888553
-1828.22573121
-1828.22936961
-1828.23762180
-1828.24695465
-1828.25355314
-1828.25450019
-1828.24870281
-1828.23727263
-1828.22323277
-1828.21061201
-1828.20319600
-1828.20333055
-1828.21116061
-1828.22456766
-1828.23980710
-1828.25264519
-1828.25962761
-1828.25907904
-1828.25153781
-1828.23951560
-1828.22668542
-1828.21677325
-1828.21249585
-1828.21483488
-1828.22282882
-1828.23391872
-1828.24475257
-1828.25221914
-1828.25441330
-1828.25121277
-1828.24426588
-1828.23638112
-1828.23054417
-1828.22893047
-1828.23225212
-1828.23962090
-1828.24891222
-1828.25746515
-1828.26289706
-1828.26379701
-1828.26010852
-1828.25311607
-1828.24505895
-1828.23847281
-1828.23542724
-1828.23686652
-1828.24227245
-1828.24979106
-1828.25681714
-1828.26085387
-1828.26034362
-1828.26034362
-1828.26034362
-1828.18853644
-1828.12714330
-1828.09054348
-1828.08606240
-1828.11193099
-1828.15800803
-1828.20903501
-1828.20903501
-1828.24940318
-1828.26795246
-1828.26795246
-1828.26131490
-1828.23478445
-1828.20046832
-1828.17329931
-1828.16615367
-1828.18558580
-1828.22951059
-1828.28757322
-1828.34413361
-1828.38299147
-1828.39238905
-1828.36872826
-1828.31779985
-1828.25312861
-1828.19195769
-1828.15011424
-1828.13731280
-1828.15434890
-1828.19303854
-1828.23890889
-1828.27581701
-1828.29103811
-1828.27926366
-1828.24426237
-1828.19771096
-1828.15554200
-1828.13292924
-1828.13945902
-1828.17596920
-1828.23406276
-1828.29847688
-1828.35158824
-1828.37867843
-1828.37234462
-1828.33471090
-1828.27677382
-1828.21508716
-1828.16679705
-1828.14454230
-1828.15274461
-1828.18642779
-1828.23289437
-1828.27575065
-1828.30004285
-1828.29692730
-1828.26643521
-1828.21747426
-1828.16506224
-1828.12563957
-1828.11190845
-1828.12879264
-1828.17176685
-1828.22809266
-1828.28059791
-1828.31285937
-1828.31420589
-1828.28301290
-1828.22726407
-1828.22726407
-1828.16221224
-1828.10585000
-1828.07358254
-1828.07371594
-1828.10511130
-1828.15770154
-1828.21567322
-1828.26234157
-1828.28523066
-1828.27981836
-1828.25082038
-1828.21062807
-1828.17538367
-1828.15990193
-1828.17298084
-1828.21454445
-1828.27550539
-1828.34038561
-1828.39191381
-1828.41617412
-1828.40672836
-1828.36647939
-1828.30672629
-1828.24372925
-1828.19384844
-1828.16873519
-1828.17202080
-1828.19849163
-1828.23595001
-1828.26916332
-1828.28466581
-1828.27493940
-1828.24071030
-1828.19068725
-1828.13885462
-1828.10017302
-1828.08601240
-1828.10070043
-1828.14022347
-1828.19345505
-1828.24551805
-1828.28224589
-1828.29438792
-1828.28027535
-1828.24615524
-1828.20410999
-1828.16823090
-1828.15024173
-1828.15591495
-1828.18339436
-1828.22390939
-1828.26463817
-1828.29280840
-1828.29974158
-1828.28356424
-1828.24975824
-1828.20938391
-1828.17557547
-1828.15941846
-1828.16650240
-1828.19521400
-1828.23728157
-1828.28036700
-1828.31189660
-1828.32293465
-1828.31090643
-1828.28033931
-1828.24140876
-1828.20674545
-1828.20674545
-1828.18749549
-1828.18985702
-1828.21316606
-1828.25011934
-1828.28905689
-1828.31758532
-1828.32642021
-1828.31225017
-1828.27875024
-1828.23544232
-1828.19476493
-1828.16827463
-1828.16314263
-1828.18000556
-1828.21282033
-1828.25074320
-1828.28147233
-1828.29505819
-1828.28702392
-1828.25982501
-1828.22215110
-1828.18626721
-1828.16422395
-1828.16411298
-1828.18753562
-1828.22906831
-1828.27787031
-1828.32093850
-1828.34699577
-1828.34982916
-1828.33006512
-1828.29485813
-1828.25560928
-1828.22441647
-1828.21035785
-1828.21674631
-1828.24019736
-1828.27178710
-1828.29992229
-1828.31403012
-1828.30791602
-1828.28176270
-1828.24215041
-1828.20010439
-1828.16777750
-1828.15477849
-1828.16527757
-1828.19676304
-1828.24080627
-1828.28558578
-1828.31938396
-1828.33398950
-1828.32698533
-1828.30224450
-1828.26852285
-1828.23661129
-1828.21595400
-1828.21177019
-1828.22354652
-1828.24534902
-1828.26781720
-1828.28121873
-1828.27860073
-1828.25805220
-1828.22337657
-1828.18298579
-1828.14737618
-1828.12598100
-1828.12437757
-1828.14268013
-1828.17558825
-1828.21405508
-1828.24804554
-1828.26952614
-1828.27477019
-1828.26527837
-1828.24707635
-1828.22862892
-1828.21806014
-1828.22054599
-1828.23668598
-1828.26234707
-1828.29000978
-1828.31117510
-1828.31906537
-1828.31078296
-1828.28824874
-1828.25764643
-1828.22755079
-1828.20633214
-1828.19964650
-1828.20878404
-1828.23037142
-1828.25749575
-1828.28187633
-1828.29641358
-1828.29731660
-1828.28515912
-1828.26455949
-1828.24258987
-1828.22643359
-1828.22103088
-1828.22746065
-1828.24258941
-1828.26007594
-1828.27241670
-1828.27337908
-1828.26005074
-1828.23386025
-1828.20023528
-1828.16702455
-1828.14216696
-1828.13136386
-1828.13645368
-1828.15499392
-1828.18112959
-1828.20748087
-1828.22742431
-1828.23706787
-1828.23630684
-1828.22865904
-1828.21994773
-1828.21626128
-1828.22184975
-1828.23761942
-1828.26071798
-1828.28534362
-1828.30453586
-1828.31237240
-1828.30587722
-1828.28602067
-1828.25749129
-1828.22730716
-1828.20273950
-1828.18921688
-1828.18886197
-1828.20005907
-1828.21814264
-1828.23695676
-1828.25081101
-1828.25623552
-1828.25300689
-1828.24412022
-1828.23472225
-1828.23034028
-1828.23497970
-1828.24970621
-1828.27216947
-1828.29722798
-1828.31845606
-1828.33008817
-1828.32878123
-1828.31464666
-1828.29123675
-1828.26449150
-1828.24097319
-1828.22594674
-1828.22187414
-1828.22777955
-1828.23966201
-1828.25182732
-1828.25872440
-1828.25673083
-1828.24533372
-1828.22734179
-1828.20805262
-1828.19362183
-1828.18914793
-1828.19706143
-1828.21633218
-1828.24273813
-1828.27012321
-1828.29225068
-1828.30467204
-1828.30601404
-1828.29826812
-1828.28601661
-1828.27484822
-1828.26950439
-1828.27235596
-1828.28268359
-1828.29698107
-1828.31013859
-1828.31712932
-1828.31464819
-1828.30218143
-1828.28218150
-1828.25929770
-1828.23891832
-1828.22551058
-1828.22127387
-1828.22554088
-1828.23508061
-1828.24519756
-1828.25125996
-1828.25017395
-1828.24135197
-1828.22690248
-1828.21100420
-1828.19865819
-1828.19417767
-1828.19985182
-1828.21519408
-1828.23702529
-1828.26037602
-1828.27992930
-1828.29155839
-1828.29348518
-1828.28670770
-1828.27457070
-1828.26163070
-1828.25217521
-1828.24886355
-1828.25193406
-1828.25921526
-1828.26694588
-1828.27112822
-1828.26897090
-1828.25993229
-1828.24601772
-1828.23121012
-1828.22021565
-1828.21693601
-1828.22317060
-1828.23798246
-1828.25793729
-1828.27814820
-1828.29378476
-1828.30156269
-1828.30072796
-1828.29322456
-1828.28298971
-1828.27460960
-1828.27178280
-1828.27607003
-1828.28634962
-1828.29914827
-1828.30974254
-1828.31367626
-1828.30821909
-1828.29329972
-1828.27162090
-1828.24791159
-1828.22754324
-1828.21493558
-1828.21224093
-1828.21871994
-1828.23101494
-1828.24422214
-1828.25345061
-1828.25536310
-1828.24922687
-1828.23713630
-1828.22333810
-1828.21285149
-1828.20982075
-1828.21611732
-1828.23064062
-1828.24954240
-1828.26732633
-1828.27848675
-1828.27920209
-1828.26858261
-1828.24906870
-1828.22581351
-1828.20519096
-1828.19288071
-1828.19212931
-1828.20276420
-1828.22127472
-1828.24193401
-1828.25861353
-1828.26669984
-1828.26452365
-1828.25384680
-1828.23926453
-1828.22671064
-1828.22152734
-1828.22671766
-1828.24192513
-1828.26347003
-1828.28544121
-1828.30151003
-1828.30689429
-1828.29984955
-1828.28222192
-1828.25888439
-1828.23622462
-1828.22016730
-1828.21434625
-1828.21900592
-1828.23096852
-1828.24468212
-1828.25401524
-1828.25423877
-1828.24358046
-1828.22387081
-1828.20005780
-1828.17874117
-1828.16615518
-1828.16621574
-1828.17924694
-1828.20178914
-1828.22759264
-1828.24949602
-1828.26161916
-1828.26116875
-1828.24929709
-1828.23072157
-1828.21222734
-1828.20050051
-1828.19997829
-1828.21139968
-1828.23153041
-1828.25417171
-1828.27212594
-1828.27949824
-1828.27360429
-1828.25586829
-1828.23143539
-1828.20761077
-1828.19160710
-1828.18829486
-1828.19865969
-1828.21944991
-1828.24414629
-1828.24414629
-1828.26496418
-1828.27527800
-1828.27171342
-1828.25525231
-1828.23098361
-1828.20656304
-1828.18983225
-1828.18635013
-1828.19760540
-1828.22049383
-1828.24822895
-1828.27240636
-1828.28558865
-1828.28360935
-1828.26689016
-1828.24036451
-1828.21202473
-1828.19051434
-1828.18249953
-1828.19061986
-1828.21265133
-1828.24215993
-1828.27045372
-1828.28924793
-1828.29321803
-1828.28165443
-1828.25870207
-1828.23208930
-1828.21073632
-1828.20196350
-1828.20915986
-1828.23065016
-1828.26012749
-1828.28855487
-1828.30694273
-1828.30915575
-1828.29386491
-1828.26503935
-1828.23080663
-1828.20103050
-1828.18434210
-1828.18553423
-1828.20411945
-1828.23451071
-1828.26776641
-1828.29435911
-1828.30710404
-1828.30334590
-1828.28571864
-1828.26126529
-1828.23918466
-1828.22791258
-1828.23243674
-1828.25267240
-1828.28339687
-1828.31576810
-1828.33995483
-1828.34809125
-1828.33664609
-1828.30750052
-1828.26740812
-1828.22601356
-1828.19302452
-1828.17539500
-1828.17536346
-1828.18994085
-1828.21198964
-1828.23255464
-1828.24370144
-1828.24099146
-1828.22483461
-1828.20033378
-1828.17567435
-1828.15954929
-1828.15841833
-1828.17440732
-1828.20452221
-1828.24141579
-1828.27550397
-1828.29779776
-1828.30259181
-1828.28918944
-1828.26212379
-1828.22979832
-1828.20194327
-1828.18666092
-1828.18796924
-1828.20461881
-1828.23058607
-1828.25706879
-1828.27536288
-1828.27967215
-1828.26896480
-1828.24729495
-1828.22250494
-1828.20372677
-1828.19845984
-1828.21013313
-1828.23691187
-1828.27212192
-1828.30617622
-1828.32941612
-1828.33499267
-1828.32091585
-1828.29064200
-1828.25202912
-1828.21498121
-1828.18850530
-1828.17811411
-1828.18438094
-1828.20303367
-1828.22647906
-1828.24623198
-1828.25551551
-1828.25128429
-1828.23508677
-1828.21254123
-1828.19158203
-1828.18002050
-1828.18313244
-1828.20198832
-1828.23302185
-1828.26897915
-1828.30096744
-1828.32101277
-1828.32437731
-1828.31093571
-1828.28520394
-1828.25499182
-1828.22906595
-1828.21452311
-1828.21466610
-1828.22804410
-1828.24897716
-1828.26940451
-1828.28146457
-1828.27997956
-1828.26406283
-1828.23737178
-1828.20696505
-1828.18114051
-1828.16693526
-1828.16804523
-1828.18379540
-1828.20944648
-1828.23772898
-1828.26110451
-1828.27404595
-1828.27463389
-1828.26498531
-1828.25041935
-1828.23765276
-1828.23262684
-1828.23863098
-1828.25529661
-1828.27871244
-1828.30260958
-1828.32022311
-1828.32628370
-1828.31854350
-1828.29838432
-1828.27034742
-1828.24075396
-1828.21585113
-1828.20005550
-1828.19481189
-1828.19839891
-1828.20670319
-1828.21470091
-1828.21816337
-1828.21505207
-1828.20618060
-1828.19495228
-1828.18627064
-1828.18494782
-1828.19411116
-1828.21409942
-1828.24222018
-1828.27344742
-1828.30184068
-1828.32222471
-1828.33160505
-1828.32989302
-1828.31972598
-1828.30547379
-1828.29175988
-1828.28198260
-1828.27731271
-1828.27647398
-1828.27636702
-1828.27331303
-1828.26448979
-1828.24908965
-1828.22879817
-1828.20744330
-1828.18990842
-1828.18065969
-1828.18235747
-1828.19500478
-1828.21590673
-1828.24044352
-1828.26340590
-1828.28044699
-1828.28920328
-1828.28974378
-1828.28425478
-1828.27609900
-1828.26858966
-1828.26389749
-1828.26242277
-1828.26281067
-1828.26255992
-1828.25900337
-1828.25032210
-1828.23627779
-1828.21842975
-1828.19977120
-1828.18390862
-1828.17403063
-1828.17200632
-1828.17787636
-1828.18990675
-1828.20517468
-1828.22050697
-1828.23343956
-1828.24290114
-1828.24938526
-1828.25456515
-1828.26049006
-1828.26863813
-1828.27916321
-1828.29059876
-1828.30015252
-1828.30451946
-1828.30096863
-1828.28835392
-1828.26770580
-1828.24218072
-1828.21634825
-1828.19500700
-1828.18189220
-1828.17867402
-1828.18457807
-1828.19675113
-1828.21125263
-1828.22434911
-1828.23368138
-1828.23891710
-1828.24168912
-1828.24485510
-1828.25134702
-1828.26298011
-1828.27963189
-1828.29904072
-1828.31733184
-1828.33010720
-1828.33376714
-1828.32664659
-1828.30960890
-1828.28590288
-1828.26031439
-1828.23787179
-1828.22248439
-1828.21594117
-1828.21755438
-1828.22456113
-1828.23312588
-1828.23962594
-1828.24182255
-1828.23954845
-1828.23471017
-1828.23061585
-1828.23085818
-1828.23809114
-1828.25307298
-1828.27426074
-1828.29808976
-1828.31987107
-1828.33505715
-1828.34050565
-1828.33535028
-1828.32120376
-1828.30161806
-1828.28099056
-1828.26327018
-1828.25087077
-1828.24411207
-1828.24134021
-1828.23967441
-1828.23614079
-1828.22880860
-1828.21756387
-1828.20424546
-1828.19210918
-1828.18477103
-1828.18498411
-1828.19364845
-1828.20937493
-1828.22875842
-1828.24728912
-1828.26063296
-1828.26589535
-1828.26246226
-1828.25214329
-1828.23855631
-1828.22597108
-1828.21798253
-1828.21644379
-1828.22096953
-1828.22915935
-1828.23744585
-1828.24230064
-1828.24141717
-1828.23448606
-1828.22332818
-1828.21133722
-1828.20242161
-1828.19977428
-1828.20484636
-1828.21684873
-1828.23294163
-1828.24907460
-1828.24907460
-1828.26121983
-1828.26659556
-1828.26448450
-1828.25637742
-1828.24543981
-1828.23549813
-1828.22986448
-1828.23032292
-1828.23656706
-1828.24627189
-1828.25580378
-1828.26137295
-1828.26028500
-1828.25188708
-1828.23790208
-1828.22201732
-1828.20883649
-1828.20250388
-1828.20543205
-1828.21752550
-1828.23616289
-1828.25693814
-1828.27494005
-1828.28618568
-1828.28877404
-1828.28339007
-1828.27302426
-1828.26197154
-1828.25442039
-1828.25307099
-1828.25821823
-1828.26760775
-1828.27713497
-1828.28218016
-1828.27915586
-1828.26675834
-1828.24651605
-1828.22245133
-1828.19994976
-1828.18419134
-1828.17862026
-1828.18391895
-1828.19781396
-1828.21577322
-1828.23239026
-1828.24304166
-1828.24530687
-1828.23970923
-1828.22955007
-1828.21988098
-1828.21590036
-1828.21590036
-1828.22126750
-1828.23683227
-1828.26019417
-1828.28625250
-1828.30862279
-1828.32149250
-1828.32136381
-1828.30814081
-1828.28521271
-1828.25850000
-1828.23472440
-1828.21943061
-1828.21535031
-1828.22162156
-1828.23412052
-1828.24682236
-1828.25376934
-1828.25101198
-1828.23792312
-1828.21746597
-1828.19532978
-1828.17818807
-1828.17161674
-1828.17830402
-1828.19711697
-1828.22334512
-1828.25006075
-1828.27018270
-1828.27860021
-1828.27370301
-1828.25783722
-1828.23656161
-1828.21692671
-1828.20532260
-1828.20553932
-1828.21763257
-1828.23793540
-1828.26020976
-1828.27757149
-1828.28460169
-1828.27901758
-1828.26240815
-1828.23980969
-1828.21822540
-1828.20451284
-1828.20326678
-1828.21535639
-1828.23759171
-1828.26362931
-1828.28585524
-1828.29766970
-1828.29547776
-1828.27975843
-1828.25489032
-1828.22777705
-1828.20571093
-1828.19412758
-1828.19495200
-1828.20604099
-1828.22189479
-1828.23541814
-1828.24019830
-1828.23260450
-1828.21305834
-1828.18607080
-1828.15900075
-1828.13989627
-1828.13507427
-1828.14718756
-1828.17439552
-1828.21089460
-1828.24863463
-1828.27967146
-1828.29842472
-1828.30316743
-1828.29632197
-1828.28351121
-1828.27169703
-1828.26697595
-1828.27269245
-1828.28841719
-1828.31007284
-1828.33117796
-1828.34482462
-1828.34581598
-1828.33230196
-1828.30641126
-1828.27366337
-1828.24136418
-1828.21650769
-1828.20383359
-1828.20458325
-1828.21628331
-1828.23357672
-1828.24986968
-1828.25930552
-1828.25848821
-1828.24745640
-1828.22962304
-1828.21070030
-1828.19695357
-1828.19329730
-1828.20181629
-1828.22114473
-1828.24688034
-1828.27289466
-1828.29312873
-1828.30333066
-1828.30221144
-1828.29169525
-1828.27620708
-1828.26124897
-1828.25170388
-1828.25039810
-1828.25735023
-1828.26991055
-1828.28371837
-1828.29414944
-1828.29777547
-1828.29339088
-1828.28230585
-1828.26786163
-1828.25436166
-1828.24576835
-1828.24456781
-1828.25110774
-1828.26358587
-1828.27865759
-1828.29245975
-1828.30173118
-1828.30468967
-1828.30142748
-1828.29373729
-1828.28444452
-1828.27646256
-1828.27187961
-1828.27135107
-1828.27397376
-1828.27765924
-1828.27986315
-1828.27844043
-1828.27237106
-1828.26213720
-1828.24965125
-1828.23774287
-1828.22936560
-1828.22674891
-1828.23075799
-1828.24065069
-1828.25430564
-1828.26885054
-1828.28149203
-1828.29028136
-1828.29458993
-1828.29515081
-1828.29366862
-1828.29214372
-1828.29213581
-1828.29420211
-1828.29768682
-1828.30092233
-1828.30177793
-1828.29838928
-1828.28983400
-1828.27654536
-1828.26032133
-1828.24392868
-1828.23040475
-1828.22226551
-1828.22085741
-1828.22603721
-1828.23626352
-1828.24905098
-1828.26165763
-1828.27178534
-1828.27811142
-1828.28053754
-1828.28009892
-1828.27857331
-1828.27788700
-1828.27947254
-1828.28376448
-1828.28999391
-1828.29634362
-1828.30043836
-1828.30002955
-1828.29367222
-1828.28120462
-1828.26389333
-1828.24419280
-1828.22518256
-1828.20982883
-1828.20026799
-1828.19730811
-1828.20028861
-1828.20733537
-1828.21594021
-1828.22369609
-1828.22896631
-1828.23128676
-1828.23138966
-1828.23084465
-1828.23147178
-1828.23470615
-1828.24111262
-1828.25018373
-1828.26045598
-1828.26990091
-1828.27649326
-1828.27878945
-1828.27636225
-1828.26996927
-1828.26140210
-1828.25306121
-1828.24736881
-1828.24617787
-1828.25033139
-1828.25947401
-1828.27216360
-1828.28624155
-1828.29935063
-1828.30947518
-1828.31535943
-1828.31671698
-1828.31418490
-1828.30905355
-1828.30284418
-1828.29685042
-1828.29177511
-1828.28755749
-1828.28344190
-1828.27827793
-1828.27096026
-1828.26087462
-1828.24821916
-1828.23408778
-1828.22027226
-1828.20882850
-1828.20152838
-1828.19935032
-1828.20218336
-1828.20883005
-1828.21732269
-1828.22546670
-1828.23145603
-1828.23437588
-1828.23444796
-1828.23293064
-1828.23171032
-1828.23269168
-1828.23718128
-1828.24543472
-1828.25651089
-1828.26847315
-1828.27888303
-1828.28546335
-1828.28673338
-1828.28246062
-1828.27377655
-1828.26292800
-1828.25271156
-1828.24573736
-1828.24372026
-1828.24700207
-1828.25443335
-1828.26364936
-1828.27166738
-1828.27566981
-1828.27376827
-1828.26554718
-1828.25223256
-1828.23641250
-1828.22135742
-1828.21011163
-1828.20463267
-1828.20522471
-1828.21047880
-1828.21774112
-1828.22399041
-1828.22683945
-1828.22535583
-1828.22041299
-1828.21447579
-1828.21083291
-1828.21252992
-1828.22131551
-1828.23692501
-1828.25695108
-1828.27735786
-1828.29352869
-1828.30153611
-1828.29927114
-1828.28707672
-1828.26768266
-1828.24546436
-1828.22524247
-1828.21098575
-1828.20478159
-1828.20636821
-1828.21333586
-1828.22193447
-1828.22824561
-1828.22939001
-1828.22440300
-1828.21454220
-1828.20292130
-1828.19358006
-1828.19025784
-1828.19523497
-1828.20857138
-1828.22798134
-1828.24939758
-1828.26807416
-1828.27991275
-1828.28262439
-1828.27637981
-1828.26375022
-1828.24894773
-1828.23657015
-1828.23021309
-1828.23136283
-1828.23892927
-1828.24958093
-1828.25880263
-1828.26234621
-1828.25761894
-1828.24456267
-1828.22574680
-1828.20563379
-1828.18925787
-1828.18070446
-1828.18188007
-1828.19193089
-1828.20749824
-1828.22371149
-1828.23562835
-1828.23966534
-1828.23460747
-1828.22191146
-1828.20521219
-1828.18920802
-1828.17824729
-1828.17503480
-1828.17984536
-1828.19047383
-1828.20292588
-1828.21265666
-1828.21597474
-1828.21119117
-1828.19916004
-1828.18304216
-1828.16737039
-1828.15670338
-1828.15428599
-1828.16110616
-1828.17561882
-1828.19418729
-1828.21212016
-1828.22501085
-1828.23004038
-1828.22685573
-1828.21772367
-1828.20686219
-1828.19911877
-1828.19841172
-1828.20641940
-1828.22194947
-1828.24119174
-1828.25879764
-1828.26947485
-1828.26959800
-1828.25833747
-1828.23796153
-1828.21322436
-1828.19002392
-1828.17372635
-1828.16763838
-1828.17208801
-1828.18438216
-1828.19965587
-1828.21235398
-1828.21792006
-1828.21419046
-1828.20207091
-1828.18530619
-1828.16938610
-1828.15992280
-1828.16097177
-1828.17380224
-1828.19649113
-1828.22445690
-1828.25176480
-1828.27280925
-1828.28385878
-1828.28401229
-1828.27531644
-1828.26203645
-1828.24931609
-1828.24160863
-1828.24134470
-1828.24823108
-1828.25939010
-1828.27029802
-1828.27622696
-1828.27374298
-1828.26181744
-1828.24221097
-1828.21903002
-1828.19757872
-1828.18284731
-1828.17809202
-1828.18391873
-1828.19814559
-1828.21648757
-1828.23383983
-1828.24578369
-1828.24985195
-1828.24617645
-1828.23734530
-1828.22751083
-1828.22103190
-1828.22106389
-1828.22851914
-1828.24171562
-1828.25683816
-1828.26907316
-1828.27408694
-1828.26939779
-1828.25521396
-1828.23447828
-1828.21208770
-1828.19351367
-1828.18321876
-1828.18334618
-1828.19308178
-1828.20890161
-1828.22564600
-1828.23809019
-1828.24252774
-1828.23786566
-1828.22591159
-1828.21077698
-1828.19758837
-1828.19090646
-1828.19333154
-1828.20471737
-1828.22222155
-1828.24118138
-1828.25652733
-1828.26431351
-1828.26289246
-1828.25339741
-1828.23938533
-1828.22577891
-1828.21742196
-1828.21766867
-1828.22742723
-1828.24491653
-1828.26620874
-1828.28638090
-1828.30094242
-1828.30711397
-1828.30458810
-1828.29554667
-1828.28393615
-1828.27422193
-1828.27000768
-1828.27292987
-1828.28216367
-1828.29467373
-1828.30613182
-1828.31222385
-1828.30996963
-1828.29865655
-1828.28012182
-1828.25829201
-1828.23810568
-1828.22414729
-1828.21938375
-1828.22438717
-1828.23725207
-1828.25421917
-1828.27080724
-1828.28310711
-1828.28886414
-1828.28803121
-1828.28264056
-1828.27604801
-1828.27178020
-1828.27235978
-1828.27847380
-1828.28875938
-1828.30024392
-1828.30926230
-1828.31255594
-1828.30823529
-1828.29633804
-1828.27883258
-1828.25906597
-1828.24082271
-1828.22728813
-1828.22023325
-1828.21966127
-1828.22398820
-1828.23066703
-1828.23703807
-1828.24114632
-1828.24228559
-1828.24112109
-1828.23937378
-1828.23917718
-1828.24230130
-1828.24950685
-1828.26022331
-1828.27266658
-1828.28434906
-1828.28434906
-1828.29282093
-1828.29639210
-1828.29460741
-1828.28833463
-1828.27944847
-1828.27023192
-1828.26268654
-1828.25797618
-1828.25614901
-1828.25621871
-1828.25655402
-1828.25548075
-1828.25190499
-1828.24576192
-1828.23812506
-1828.23092267
-1828.22633890
-1828.22610245
-1828.23088133
-1828.23999746
-1828.25155235
-1828.26294831
-1828.27163547
-1828.27584122
-1828.27504826
-1828.27007098
-1828.26272517
-1828.25520939
-1828.24940954
-1828.24634178
-1828.24589332
-1828.24694266
-1828.24779286
-1828.24679073
-1828.24291749
-1828.23617516
-1828.22764186
-1828.21917579
-1828.21285352
-1828.21031872
-1828.21225988
-1828.21817821
-1828.22654091
-1828.23525188
-1828.24228016
-1828.24624543
-1828.24678050
-1828.24457347
-1828.24108798
-1828.23805910
-1828.23692264
-1828.23834348
-1828.24198678
-1828.24659092
-1828.25034390
-1828.25144929
-1828.24870790
-1828.24193307
-1828.23203560
-1828.22076810
-1828.21019517
-1828.20209203
-1828.19743213
-1828.19613625
-1828.19714590
-1828.19880093
-1828.19940916
-1828.19781665
-1828.19379129
-1828.18809299
-1828.18222200
-1828.17792760
-1828.17664137
-1828.17900752
-1828.18465106
-1828.19226591
-1828.20001440
-1828.20001440
-1828.20610796
-1828.20939621
-1828.20975795
-1828.20817509
-1828.20643841
-1828.20656462
-1828.21009973
-1828.21753487
-1828.22805687
-1828.23972901
-1828.25005320
-1828.25670767
-1828.25823273
-1828.25444563
-1828.24647982
-1828.23644931
-1828.22683619
-1828.21979120
-1828.21652151
-1828.21697051
-1828.21987290
-1828.22319171
-1828.22480498
-1828.22322476
-1828.21812332
-1828.21049648
-1828.20240801
-1828.19639514
-1828.19470912
-1828.19863900
-1828.20810400
-1828.22164290
-1828.23679812
-1828.25077131
-1828.26116608
-1828.26659649
-1828.26700568
-1828.26360217
-1828.25844893
-1828.25382510
-1828.25154271
-1828.25241732
-1828.25604173
-1828.26093309
-1828.26500252
-1828.26619433
-1828.26309946
-1828.25537939
-1828.24387869
-1828.23041726
-1828.21731234
-1828.20676811
-1828.20029028
-1828.19831124
-1828.20012636
-1828.20417364
-1828.20856197
-1828.21169063
-1828.21276529
-1828.21205449
-1828.21080687
-1828.21085725
-1828.21403280
-1828.22155193
-1828.23358468
-1828.24910470
-1828.26606726
-1828.28186207
-1828.29391358
-1828.30027820
-1828.30007629
-1828.29366072
-1828.28247766
-1828.26867284
-1828.25454591
-1828.24201370
-1828.23222045
-1828.22539079
-1828.22093686
-1828.21776938
-1828.21470339
-1828.21084391
-1828.20586810
-1828.20014033
-1828.19466453
-1828.19086710
-1828.19024964
-1828.19398033
-1828.20252256
-1828.21541221
-1828.23124382
-1828.24790758
-1828.26302328
-1828.27447011
-1828.28087114
-1828.28188609
-1828.27823471
-1828.27144364
-1828.26341108
-1828.25591117
-1828.25016166
-1828.24657266
-1828.24471989
-1828.24354772
-1828.24174392
-1828.23819281
-1828.23239187
-1828.22470811
-1828.21639182
-1828.20929803
-1828.20539627
-1828.20619926
-1828.21229822
-1828.22313983
-1828.23711495
-1828.25193768
-1828.26522016
-1828.27507829
-1828.28060374
-1828.28206148
-1828.28075958
-1828.27862013
-1828.27757706
-1828.27897468
-1828.28312145
-1828.28914287
-1828.29518418
-1828.29893980
-1828.29837106
-1828.29239182
-1828.28128502
-1828.26671060
-1828.25129035
-1828.23789632
-1828.22885754
-1828.22532601
-1828.22698942
-1828.23223126
-1828.23868160
-1828.24398283
-1828.24652475
-1828.24592794
-1828.24313096
-1828.24007045
-1828.23906678
-1828.24208262
-1828.25008765
-1828.26269530
-1828.27819594
-1828.29396365
-1828.30712493
-1828.31528758
-1828.31711838
-1828.31264146
-1828.30319297
-1828.29106560
-1828.27889531
-1828.26893839
-1828.26245316
-1828.25938299
-1828.25844876
-1828.25762913
-1828.25486026
-1828.24874948
-1828.23908867
-1828.22701079
-1828.21474697
-1828.20502852
-1828.20030107
-1828.20198094
-1828.20999276
-1828.22274537
-1828.23756820
-1828.25147592
-1828.26202482
-1828.26798822
-1828.26964795
-1828.26862934
-1828.26734568
-1828.26822986
-1828.27297512
-1828.28199966
-1828.29429049
-1828.30764454
-1828.31924644
-1828.32640676
-1828.32727962
-1828.32136593
-1828.30965867
-1828.29437481
-1828.27834786
-1828.26427030
-1828.25399384
-1828.24808948
-1828.24577550
-1828.24522906
-1828.24419913
-1828.24074781
-1828.23391104
-1828.22407610
-1828.21293806
-1828.20303235
-1828.19697247
-1828.19661599
-1828.20243711
-1828.21328660
-1828.22664018
-1828.23926235
-1828.24810746
-1828.25119425
-1828.24817578
-1828.24043609
-1828.23066971
-1828.22206991
-1828.21737005
-1828.21802355
-1828.22378234
-1828.23280204
-1828.24225136
-1828.24922625
-1828.25167975
-1828.24906413
-1828.24248757
-1828.23435070
-1828.22759115
-1828.22477866
-1828.22733703
-1828.23512114
-1828.24645105
-1828.25859312
-1828.26855154
-1828.27394292
-1828.27368873
-1828.26829861
-1828.25966378
-1828.25042582
-1828.24313868
-1828.23947924
-1828.23975714
-1828.24285538
-1828.24661491
-1828.24854698
-1828.24665273
-1828.24012075
-1828.22966739
-1828.21742192
-1828.20637143
-1828.19952711
-1828.19905429
-1828.20560899
-1828.21809214
-1828.23392649
-1828.24980501
-1828.26267390
-1828.27063067
-1828.27343523
-1828.27250278
-1828.27038384
-1828.26991808
-1828.27329550
-1828.28132770
-1828.29316548
-1828.30654189
-1828.31849595
-1828.32631951
-1828.32843197
-1828.32488215
-1828.31731789
-1828.30843531
-1828.30107719
-1828.29727995
-1828.29757850
-1828.30080974
-1828.30450685
-1828.30574249
-1828.30216339
-1828.29284863
-1828.27871693
-1828.26232774
-1828.24714337
-1828.23647631
-1828.23246395
-1828.23540505
-1828.24367805
-1828.25426981
-1828.26374495
-1828.26935482
-1828.26991970
-1828.26621020
-1828.26069762
-1828.25674326
-1828.25746897
-1828.26466683
-1828.27809185
-1828.29537381
-1828.31260174
-1828.32541871
-1828.33030555
-1828.32566198
-1828.31234479
-1828.29348533
-1828.27361405
-1828.25734893
-1828.24803395
-1828.24674984
-1828.25200153
-1828.26020824
-1828.26684165
-1828.26788113
-1828.26112075
-1828.24692310
-1828.22820826
-1828.20966880
-1828.19642504
-1828.19249626
-1828.19955782
-1828.21636739
-1828.23906126
-1828.26222112
-1828.28042021
-1828.28978839
-1828.28914483
-1828.28033681
-1828.26767920
-1828.25665084
-1828.25223157
-1828.25737825
-1828.27209153
-1828.29336598
-1828.31604344
-1828.33431790
-1828.34345366
-1828.34118676
-1828.32839968
-1828.30885398
-1828.28807874
-1828.27173699
-1828.26395561
-1828.26610757
-1828.27640016
-1828.29040430
-1828.30238236
-1828.30702109
-1828.30106633
-1828.28437160
-1828.26003937
-1828.23360269
-1828.21148246
-1828.19915053
-1828.19955067
-1828.21223361
-1828.23347500
-1828.25734672
-1828.27742184
-1828.28862108
-1828.28865643
-1828.27864896
-1828.26272964
-1828.24673487
-1828.23637900
-1828.23546456
-1828.24466914
-1828.26129321
-1828.28004794
-1828.29465225
-1828.29974843
-1828.29256807
-1828.27383261
-1828.24761985
-1828.22022507
-1828.19835479
-1828.18719059
-1828.18889551
-1828.20202047
-1828.22198599
-1828.24249406
-1828.25742845
-1828.26267237
-1828.25728605
-1828.24369890
-1828.22688448
-1828.21278120
-1828.20643966
-1828.21046294
-1828.22418959
-1828.24387375
-1828.26379464
-1828.27797180
-1828.28196106
-1828.27419363
-1828.25646504
-1828.23342550
-1828.21124496
-1828.19583628
-1828.19117076
-1828.19816488
-1828.21446003
-1828.23516374
-1828.25433169
-1828.26675952
-1828.26953981
-1828.26291327
-1828.25014414
-1828.23646956
-1828.22743016
-1828.22710592
-1828.23679887
-1828.25456861
-1828.27576929
-1828.29442585
-1828.30501896
-1828.30413472
-1828.29148291
-1828.26998460
-1828.24489346
-1828.22225191
-1828.20713460
-1828.20222422
-1828.20713825
-1828.21870375
-1828.23206834
-1828.24229116
-1828.24591335
-1828.24201408
-1828.23245832
-1828.22127235
-1828.21334472
-1828.21286834
-1828.22198948
-1828.24007867
-1828.26383932
-1828.28822791
-1828.30789676
-1828.31872888
-1828.31899613
-1828.30980983
-1828.29472423
-1828.27862705
-1828.26624909
-1828.26074161
-1828.26276300
-1828.27035623
-1828.27965575
-1828.28618866
-1828.28633872
-1828.27851582
-1828.26366571
-1828.24496803
-1828.22683956
-1828.21353943
-1828.20784087
-1828.21017343
-1828.21851018
-1828.22901632
-1828.23724405
-1828.23948990
-1828.23389904
-1828.22100117
-1828.20354486
-1828.18568501
-1828.17177532
-1828.16512487
-1828.16709197
-1828.17678191
-1828.19143520
-1828.20735952
-1828.22110556
-1828.23052335
-1828.23536549
-1828.23726712
-1828.23912821
-1828.24409371
-1828.25446039
-1828.27085022
-1828.29190590
-1828.31458988
-1828.33499610
-1828.34941849
-1828.35535493
-1828.35215219
-1828.34111114
-1828.32504113
-1828.30739924
-1828.29128223
-1828.27856708
-1828.26946077
-1828.26260133
-1828.25567530
-1828.24635879
-1828.23326758
-1828.21659873
-1828.19824999
-1828.18136222
-1828.16941808
-1828.16518859
-1828.16985686
-1828.18260355
-1828.20080765
-1828.22079366
-1828.23889065
-1828.25245704
-1828.26054662
-1828.26401659
-1828.26506040
-1828.26633240
-1828.26995264
-1828.27671858
-1828.28578878
-1828.29493520
-1828.30128293
-1828.30229634
-1828.29668723
-1828.28493951
-1828.26927892
-1828.25308486
-1828.23992808
-1828.23253562
-1828.23200705
-1828.23752516
-1828.24665763
-1828.25613885
-1828.26290407
-1828.26502446
-1828.26227789
-1828.25616541
-1828.24936916
-1828.24484585
-1828.24482218
-1828.25001873
-1828.25933642
-1828.27012836
-1828.27896369
-1828.28266715
-1828.27929929
-1828.26877209
-1828.25291093
-1828.23492578
-1828.21846097
-1828.20652507
-1828.20062697
-1828.20040483
-1828.20385453
-1828.20808259
-1828.21033604
-1828.20897474
-1828.20405672
-1828.19734528
-1828.19172303
-1828.19019830
-1828.19483173
-1828.20594426
-1828.22186974
-1828.23935602
-1828.25448480
-1828.26382551
-1828.26546824
-1828.25960288
-1828.24846193
-1828.23563727
-1828.22498724
-1828.21946255
-1828.22021659
-1828.22628116
-1828.23490612
-1828.24246150
-1828.24562005
-1828.24244026
-1828.23302573
-1828.21955755
-1828.20568241
-1828.19542520
-1828.19195727
-1828.19660209
-1828.20840142
-1828.22439078
-1828.24048332
-1828.25268742
-1828.25827965
-1828.25658572
-1828.24912960
-1828.23911740
-1828.23040148
-1828.22624797
-1828.22828535
-1828.23596908
-1828.24671469
-1828.25666116
-1828.26183974
-1828.25940425
-1828.24856106
-1828.23091592
-1828.21010425
-1828.19080601
-1828.17741940
-1828.17279498
-1828.17740504
-1828.18919119
-1828.20414784
-1828.21747441
-1828.22498218
-1828.22432054
-1828.21566174
-1828.20162492
-1828.18645557
-1828.17471626
-1828.16988982
-1828.17332479
-1828.18385757
-1828.19821691
-1828.21210383
-1828.22158924
-1828.22439516
-1828.22063014
-1828.21274912
-1828.20476068
-1828.20094628
-1828.20449922
-1828.21649486
-1828.23550980
-1828.25798357
-1828.27923500
-1828.29481525
-1828.30179522
-1828.29958076
-1828.29000417
-1828.27667488
-1828.26380433
-1828.25487977
-1828.25158635
-1828.25329603
-1828.25727793
-1828.25958692
-1828.25635706
-1828.24511273
-1828.22567753
-1828.20039765
-1828.17359623
-1828.15042614
-1828.13545651
-1828.13141688
-1828.13845824
-1828.15415128
-1828.17421233
-1828.19374508
-1828.20863938
-1828.21672466
-1828.21832906
-1828.21608043
-1828.21399205
-1828.21611328
-1828.22516356
-1828.24158435
-1828.26331076
-1828.28633684
-1828.30589225
-1828.31786450
-1828.32002746
-1828.31268992
-1828.29858848
-1828.28205935
-1828.26775277
-1828.25928270
-1828.25820928
-1828.26364917
-1828.27262711
-1828.28105250
-1828.28501892
-1828.28202557
-1828.27174765
-1828.25609983
-1828.23859782
-1828.22322487
-1828.21317301
-1828.20987291
-1828.21260442
-1828.21879395
-1828.22488239
-1828.22747758
-1828.22442252
-1828.21545406
-1828.20226047
-1828.18794903
-1828.17610638
-1828.16974397
-1828.17044946
-1828.17799311
-1828.19046344
-1828.20489734
-1828.21818954
-1828.22802363
-1828.23354535
-1828.23555035
-1828.23611884
-1828.23779828
-1828.24261191
-1828.25124312
-1828.26268435
-1828.27448909
-1828.28354052
-1828.28708105
-1828.28366664
-1828.27370316
-1828.25939480
-1828.24410040
-1828.23129775
-1828.22349598
-1828.22143686
-1828.22385317
-1828.22786657
-1828.22991388
-1828.22691581
-1828.21732431
-1828.20170310
-1828.18265082
-1828.16406147
-1828.14995766
-1828.14323573
-1828.14474941
-1828.15303144
-1828.16475648
-1828.17580799
-1828.18259759
-1828.18322454
-1828.17809664
-1828.16982026
-1828.16238651
-1828.15991356
-1828.16533110
-1828.17940909
-1828.20043132
-1828.22461297
-1828.24715439
-1828.26362240
-1828.27126109
-1828.26983117
-1828.26170950
-1828.25118961
-1828.24317582
-1828.24165867
-1828.24845041
-1828.26256657
-1828.28046231
-1828.29704189
-1828.30715514
-1828.30712006
-1828.29583639
-1828.27516063
-1828.24943141
-1828.22427903
-1828.20505405
-1828.19532854
-1828.19592577
-1828.20476541
-1828.21757688
-1828.22927297
-1828.23555672
-1828.23428602
-1828.22615067
-1828.21446215
-1828.20410097
-1828.19995404
-1828.20534062
-1828.22090859
-1828.24434528
-1828.27098892
-1828.29514123
-1828.31167725
-1828.31747714
-1828.31226005
-1828.29858748
-1828.28104338
-1828.26485090
-1828.25432151
-1828.25158355
-1828.25597849
-1828.26429982
-1828.27186818
-1828.27410224
-1828.26808266
-1828.25357448
-1828.23316801
-1828.21151705
-1828.19393392
-1828.18479541
-1828.18624841
-1828.19759422
-1828.21552199
-1828.23511775
-1828.25131903
-1828.26040020
-1828.26102202
-1828.25454805
-1828.24452977
-1828.23553053
-1828.23164384
-1828.23516340
-1828.24580825
-1828.26076111
-1828.27552892
-1828.28537661
-1828.28686909
-1828.27900782
-1828.26360876
-1828.24479246
-1828.22775343
-1828.21719653
-1828.21591993
-1828.22397151
-1828.23863549
-1828.25525024
-1828.26860660
-1828.27450472
-1828.27100429
-1828.25898276
-1828.24184987
-1828.22448838
-1828.21176276
-1828.20703136
-1828.21113550
-1828.22217059
-1828.23610514
-1828.24805097
-1828.25379006
-1828.25107996
-1828.24034882
-1828.22457690
-1828.20840974
-1828.19677267
-1828.19339317
-1828.19966539
-1828.21418840
-1828.23312782
-1828.25132683
-1828.26382583
-1828.26733594
-1828.26121355
-1828.24762650
-1828.23087372
-1828.21606730
-1828.20757326
-1828.20769457
-1828.21598823
-1828.22943743
-1828.24341011
-1828.25311830
-1828.25512401
-1828.24841468
-1828.23472851
-1828.21801512
-1828.20321887
-1828.19474622
-1828.19510803
-1828.20413648
-1828.21903715
-1828.23524086
-1828.24779065
-1828.25283901
-1828.24878887
-1828.23674211
-1828.22011933
-1828.20358575
-1828.19161778
-1828.18715979
-1828.19078008
-1828.20057001
-1828.21281545
-1828.22320024
-1828.22819041
-1828.22614852
-1828.21783898
-1828.20618398
-1828.19534881
-1828.18944838
-1828.19127369
-1828.20142742
-1828.21813566
-1828.23778596
-1828.25602826
-1828.26908622
-1828.27487301
-1828.27354919
-1828.26736343
-1828.25983752
-1828.25456326
-1828.25402567
-1828.25881755
-1828.26748732
-1828.27705404
-1828.28401045
-1828.28548426
-1828.28018884
-1828.26886107
-1828.25405215
-1828.23934100
-1828.22820014
-1828.22288292
-1828.22369340
-1828.22888759
-1828.23524300
-1828.23912248
-1828.23768501
-1828.22985227
-1828.21671535
-1828.20124062
-1828.18736987
-1828.17879030
-1828.17777745
-1828.18447606
-1828.19685588
-1828.21135374
-1828.22399176
-1828.23161187
-1828.23284178
-1828.22848051
-1828.22119704
-1828.21463974
-1828.21224231
-1828.21610014
-1828.22626643
-1828.24069287
-1828.25583227
-1828.26772972
-1828.27326047
-1828.27113400
-1828.26234203
-1828.24989994
-1828.23796206
-1828.23057424
-1828.23045075
-1828.23813916
-1828.25181743
-1828.26780733
-1828.28164081
-1828.28939872
-1828.28889157
-1828.28034342
-1828.26633862
-1828.25104148
-1828.23893880
-1828.23347468
-1828.23602013
-1828.24548788
-1828.25870417
-1828.27141948
-1828.27962758
-1828.28079120
-1828.27461012
-1828.26311386
-1828.25004827
-1828.23973505
-1828.23574739
-1828.23574739
-1828.23982172
-1828.25134475
-1828.26758405
-1828.28456941
-1828.29833269
-1828.30611734
-1828.30716316
-1828.30284005
-1828.29609460
-1828.29040804
-1828.28861129
-1828.29194228
-1828.29964894
-1828.30925075
-1828.31735359
-1828.32074907
-1828.31746260
-1828.30742469
-1828.29257983
-1828.29257983
-1828.27636897
-1828.26273993
-1828.25498668
-1828.25477396
-1828.26164705
-1828.27317326
-1828.28567890
-1828.29535311
-1828.29939880
-1828.29939880
-1828.29687646
-1828.28897988
-1828.27864574
-1828.26960575
-1828.26516836
-1828.26711406
-1828.27505639
-1828.28648853
-1828.29751622
-1828.30406292
-1828.30317376
-1828.29400279
-1828.27816299
-1828.25930612
-1828.24204063
-1828.23052201
-1828.22715805
-1828.23184552
-1828.24200136
-1828.25338122
-1828.26144861
-1828.26285069
-1828.25653906
-1828.24416876
-1828.22963488
-1828.21788850
-1828.21338878
-1828.21867734
-1828.23352457
-1828.25490391
-1828.27781173
-1828.29668994
-1828.30702764
-1828.30666981
-1828.29642955
-1828.27981151
-1828.26194323
-1828.24803640
-1828.24184948
-1828.24461670
-1828.25475192
-1828.26841248
-1828.28075489
-1828.28749257
-1828.28628073
-1828.27749960
-1828.26417634
-1828.25107033
-1828.24318148
-1828.24414946
-1828.25504827
-1828.27396901
-1828.29651791
-1828.31706326
-1828.33033216
-1828.33288388
-1828.32404453
-1828.30605173
-1828.28336927
-1828.26137598
-1828.24480399
-1828.23638540
-1828.23611169
-1828.24133280
-1828.24767408
-1828.25049076
-1828.24641288
-1828.23449254
-1828.21658497
-1828.19686087
-1828.18060100
-1828.17264599
-1828.17597957
-1828.19084759
-1828.21465700
-1828.24268644
-1828.26939756
-1828.28994043
-1828.30141290
-1828.30349902
-1828.29832465
-1828.29832465
-1828.28961221
-1828.28142124
-1828.27687401
-1828.27725757
-1828.28175182
-1828.28783421
-1828.29222188
-1828.29203007
-1828.28578867
-1828.27399961
-1828.25906088
-1828.24459087
-1828.23435618
-1828.23435618
-1828.23114190
-1828.23590537
-1828.24747952
-1828.26290273
-1828.27827191
-1828.28984306
-1828.29504357
-1828.29311376
-1828.28519152
-1828.27385794
-1828.26228507
-1828.25326897
-1828.24841654
-1828.24774592
-1828.24978752
-1828.25216423
-1828.25246202
-1828.24910349
-1828.24195675
-1828.23246351
-1828.22325159
-1828.21734143
-1828.21721759
-1828.22404857
-1828.23730100
-1828.25485436
-1828.27356891
-1828.29012563
-1828.30188097
-1828.30750435
-1828.30721805
-1828.30257652
-1828.29585656
-1828.28925066
-1828.28413732
-1828.28067805
-1828.27788469
-1828.27412577
-1828.26789105
-1828.25852797
-1828.24667467
-1828.23422868
-1828.22385689
-1828.21821488
-1828.21913989
-1828.22707998
-1828.24093340
-1828.24093340
-1828.25833170
-1828.27627504
-1828.29190756
-1828.30321427
-1828.30942607
-1828.31104526
-1828.30950229
-1828.30657452
-1828.30376528
-1828.30183338
-1828.30060698
-1828.29912512
-1828.29605716
-1828.29024409
-1828.28119327
-1828.28119327
-1828.26936617
-1828.26936617
-1828.25615010
-1828.24353927
-1828.23360702
-1828.22794662
-1828.22724835
-1828.23114412
-1828.23834976
-1828.24707137
-1828.25554936
-1828.26255856
-1828.26771824
-1828.27151407
-1828.27500893
-1828.27936578
-1828.28531852
-1828.29278980
-1828.30079124
-1828.30765635
-1828.31154018
-1828.31103881
-1828.30570934
-1828.29632913
-1828.28477948
-1828.27357146
-1828.26514603
-1828.26114471
-1828.26188607
-1828.26622579
-1828.27186957
-1828.27605990
-1828.27643763
-1828.27181257
-1828.26258507
-1828.25067130
-1828.23893984
-1828.23032437
-1828.22689569
-1828.22918925
-1828.23601311
-1828.24479334
-1828.25235375
-1828.25588660
-1828.25383036
-1828.24640125
-1828.23563698
-1828.22490055
-1828.21795006
-1828.21782070
-1828.22584016
-1828.24108926
-1828.24108926
-1828.26049233
-1828.27954795
-1828.29351097
-1828.29869529
-1828.29352407
-1828.27900547
-1828.25847714
-1828.23667016
-1828.21837066
-1828.20706847
-1828.20399769
-1828.20785631
-1828.21529229
-1828.22201453
-1828.22419777
-1828.21975386
-1828.20906851
-1828.19496284
-1828.18187001
-1828.17448209
-1828.17628015
-1828.18840999
-1828.20924344
-1828.23475523
-1828.25959680
-1828.27855502
-1828.28796183
-1828.28665233
-1828.27619025
-1828.26030748
-1828.24375075
-1828.23087883
-1828.22443498
-1828.22484979
-1828.23025530
-1828.23717309
-1828.24165983
-1828.24056298
-1828.23252793
-1828.21847674
-1828.20141856
-1828.18562910
-1828.17542665
-1828.17389679
-1828.18194203
-1828.19794428
-1828.21814722
-1828.23765899
-1828.25180476
-1828.25742217
-1828.25371767
-1828.24242147
-1828.22719025
-1828.21245475
-1828.20207023
-1828.19818589
-1828.20066252
-1828.20721095
-1828.21419973
-1828.21790094
-1828.21578203
-1828.20743250
-1828.19479073
-1828.18156566
-1828.17205014
-1828.16975748
