-1828.28677405
-1828.28325399
-1828.27346979
-1828.25933226
-1828.24379578
-1828.23002323
-1828.22052057
-1828.21649209
-1828.21758828
-1828.22209677
-1828.22750151
-1828.23124343
-1828.23148313
-1828.22763621
-1828.22052778
-1828.21212116
-1828.20490224
-1828.20111028
-1828.20205520
-1828.20771805
-1828.21675207
-1828.22687060
-1828.23549371
-1828.24046271
-1828.24062274
-1828.23611868
-1828.22834470
-1828.21956530
-1828.21230615
-1828.20867835
-1828.20980176
-1828.21550042
-1828.22434562
-1828.23406274
-1828.24218758
-1828.24679574
-1828.24708832
-1828.24365338
-1828.23831429
-1828.23359528
-1828.23195825
-1828.23502613
-1828.24302963
-1828.25466181
-1828.26740608
-1828.27823735
-1828.28448572
-1828.28458886
-1828.27851798
-1828.26777393
-1828.25495351
-1828.24301830
-1828.23446617
-1828.23064444
-1828.23139699
-1828.23515700
-1828.23945889
-1828.24171657
-1828.24002978
-1828.23378093
-1828.22384723
-1828.21237756
-1828.20220521
-1828.19606303
-1828.19581034
-1828.20188885
-1828.21316650
-1828.22722276
-1828.24100972
-1828.25168663
-1828.25739525
-1828.25774717
-1828.25388937
-1828.24812722
-1828.24321433
-1828.24152117
-1828.24432446
-1828.25143313
-1828.26124675
-1828.27123610
-1828.27869108
-1828.28151765
-1828.27885125
-1828.27130876
-1828.26079464
-1828.24993751
-1828.24131949
-1828.23674111
-1828.23674111
-1828.23674111
-1828.23674384
-1828.24052694
-1828.24627619
-1828.25179464
-1828.25524162
-1828.25574414
-1828.25369987
-1828.25066197
-1828.24884675
-1828.25040470
-1828.25666651
-1828.26759390
-1828.28160473
-1828.29584840
-1828.30688110
-1828.31156593
-1828.30794462
-1828.29583822
-1828.27697390
-1828.25460686
-1828.23271193
-1828.21496436
-1828.20380479
-1828.19985941
-1828.20188282
-1828.20724158
-1828.21279538
-1828.21591101
-1828.21530602
-1828.21146775
-1828.20651719
-1828.20354960
-1828.20354960
-1828.20564547
-1828.21484175
-1828.23137936
-1828.25346544
-1828.27763699
-1828.29963972
-1828.31555985
-1828.32289598
-1828.32124305
-1828.31239431
-1828.29980974
-1828.28760288
-1828.27932958
-1828.27695292
-1828.28029399
-1828.28714665
-1828.29401792
-1828.29726178
-1828.29426950
-1828.28434938
-1828.26902574
-1828.25166219
-1828.23650138
-1828.22741713
-1828.22674970
-1828.23458808
-1828.24870916
-1828.26518623
-1828.27948713
-1828.28773779
-1828.28779058
-1828.27979422
-1828.26610676
-1828.25058362
-1828.23745864
-1828.23014725
-1828.23030732
-1828.23741905
-1828.24900000
-1828.26137581
-1828.27078723
-1828.27450272
-1828.27161300
-1828.26327187
-1828.25230623
-1828.24232475
-1828.23658629
-1828.23698235
-1828.24343990
-1828.25393124
-1828.26508585
-1828.27322047
-1828.27546936
-1828.27067357
-1828.25976972
-1828.24554924
-1828.23186654
-1828.22254009
-1828.22026236
-1828.22584050
-1828.23798804
-1828.25372070
-1828.26922527
-1828.28095025
-1828.28095025
-1828.28657533
-1828.28559862
-1828.27936652
-1828.27056275
-1828.26233349
-1828.25730837
-1828.25682716
-1828.26057042
-1828.26669088
-1828.27238718
-1828.27475901
-1828.27168243
-1828.26246675
-1828.24810301
-1828.23104136
-1828.28677405
-1828.28325399
-1828.27346979
-1828.25933226
-1828.24379578
-1828.23002323
-1828.22052057
-1828.21649209
-1828.21758828
-1828.22209677
-1828.22750151
-1828.23124343
-1828.23148313
-1828.22763621
-1828.22052778
-1828.21212116
-1828.20490224
-1828.20111028
-1828.20205520
-1828.20771805
-1828.21675207
-1828.22687060
-1828.23549371
-1828.24046271
-1828.24062274
-1828.23611868
-1828.22834470
-1828.21956530
-1828.21230615
-1828.20867835
-1828.20980176
-1828.21550042
-1828.22434562
-1828.23406274
-1828.24218758
-1828.24679574
-1828.24708832
-1828.24365338
-1828.23831429
-1828.23359528
-1828.23195825
-1828.23502613
-1828.24302963
-1828.25466181
-1828.26740608
-1828.27823735
-1828.28448572
-1828.28458886
-1828.27851798
-1828.26777393
-1828.25495351
-1828.24301830
-1828.23446617
-1828.23064444
-1828.23139699
-1828.23515700
-1828.23945889
-1828.24171657
-1828.24002978
-1828.23378093
-1828.22384723
-1828.21237756
-1828.20220521
-1828.19606303
-1828.19581034
-1828.20188885
-1828.21316650
-1828.22722276
-1828.24100972
-1828.25168663
-1828.25739525
-1828.25774717
-1828.25388937
-1828.24812722
-1828.24321433
-1828.24152117
-1828.24432446
-1828.25143313
-1828.26124675
-1828.27123610
-1828.27869108
-1828.28151765
-1828.27885125
-1828.27130876
-1828.26079464
-1828.24993751
-1828.24131949
-1828.23674111
-1828.23674384
-1828.24052694
-1828.24627619
-1828.25179464
-1828.25524162
-1828.25574414
-1828.25369987
-1828.25066197
-1828.24884675
-1828.25040470
-1828.25666651
-1828.26759390
-1828.28160473
-1828.29584840
-1828.30688110
-1828.31156593
-1828.30794462
-1828.29583822
-1828.27697390
-1828.25460686
-1828.23271193
-1828.21496436
-1828.20380479
-1828.19985941
-1828.20188282
-1828.20724158
-1828.21279538
-1828.21591101
-1828.21530602
-1828.21146775
-1828.20651719
-1828.20354960
-1828.20354960
-1828.20564547
-1828.21484175
-1828.23137936
-1828.25346544
-1828.27763699
-1828.29963972
-1828.31555985
-1828.32289598
-1828.32124305
-1828.31239431
-1828.29980974
-1828.28760288
-1828.27932958
-1828.27695292
-1828.28029399
-1828.28714665
-1828.29401792
-1828.29726178
-1828.29426950
-1828.28434938
-1828.26902574
-1828.25166219
-1828.23650138
-1828.22741713
-1828.22674970
-1828.23458808
-1828.23458808
-1828.24870916
-1828.26518623
-1828.27948713
-1828.28773779
-1828.28779058
-1828.27979422
-1828.26610676
-1828.25058362
-1828.23745864
-1828.23014725
-1828.23030732
-1828.23741905
-1828.23741905
-1828.23741905
-1828.24900000
-1828.26137581
-1828.27078723
-1828.27450272
-1828.27161300
-1828.26327187
-1828.25230623
-1828.24232475
-1828.23658629
-1828.23698235
-1828.24343990
-1828.25393124
-1828.26508585
-1828.27322047
-1828.27546936
-1828.27067357
-1828.25976972
-1828.24554924
-1828.23186654
-1828.22254009
-1828.22026236
-1828.22584050
-1828.23798804
-1828.25372070
-1828.26922527
-1828.28095025
-1828.28657533
-1828.28559862
-1828.27936652
-1828.27056275
-1828.26233349
-1828.25730837
-1828.25682716
-1828.26057042
-1828.26669088
-1828.27238718
-1828.27475901
-1828.27168243
-1828.26246675
-1828.24810301
-1828.23104136
-1828.21456257
-1828.20191241
-1828.19543044
-1828.19592252
-1828.20244995
-1828.21263542
-1828.22339610
-1828.23189120
-1828.23639059
-1828.23678258
-1828.23456577
-1828.23232269
-1828.23283138
-1828.23808380
-1828.24852321
-1828.26275466
-1828.27783931
-1828.29008870
-1828.29613414
-1828.29393214
-1828.28342578
-1828.26664912
-1828.24724056
-1828.22949503
-1828.21721341
-1828.21267318
-1828.21603445
-1828.22535287
-1828.23721018
-1828.24775022
-1828.25379590
-1828.25371360
-1828.24777355
-1828.23793676
-1828.22715514
-1828.21840841
-1828.21378413
-1828.21387380
-1828.21387380
-1828.21765951
-1828.22290797
-1828.22691641
-1828.22737592
-1828.22309153
-1828.21437453
-1828.20301263
-1828.19183434
-1828.18398156
-1828.18207453
-1828.18749921
-1828.20000547
-1828.21773329
-1828.23766775
-1828.25639627
-1828.27096776
-1828.27960378
-1828.28206757
-1828.27957885
-1828.27432557
-1828.26871838
-1828.26464182
-1828.26290340
-1828.26304115
-1828.26352866
-1828.26230072
-1828.25745207
-1828.24789993
-1828.23381747
-1828.21670364
-1828.19905158
-1828.18372495
-1828.17321365
-1828.16900938
-1828.17127346
-1828.17888321
-1828.18981261
-1828.20171798
-1828.21254402
-1828.22098171
-1828.22666953
-1828.23011411
-1828.23237051
-1828.23460353
-1828.23766743
-1828.24180561
-1828.24656164
-1828.25090825
-1828.25355305
-1828.25333674
-1828.24960992
-1828.24247725
-1828.23283281
-1828.22217484
-1828.21224930
-1828.20462228
-1828.20029545
-1828.19946969
-1828.20151194
-1828.20514337
-1828.20880380
-1828.21111152
-1828.21128012
-1828.20934966
-1828.20615498
-1828.20302284
-1828.20132053
-1828.20200795
-1828.20532748
-1828.21074174
-1828.21711204
-1828.22306700
-1828.22743442
-1828.22959656
-1828.22965436
-1828.22835952
-1828.22685146
-1828.22629769
-1828.22756087
-1828.23098731
-1828.23636463
-1828.24304046
-1828.25013974
-1828.25681901
-1828.26246457
-1828.26679815
-1828.26986159
-1828.27191800
-1828.27331345
-1828.27434543
-1828.27516291
-1828.27571226
-1828.27574005
-1828.27484821
-1828.27260522
-1828.26867837
-1828.26296486
-1828.25567501
-1828.24733996
-1828.23873476
-1828.23073826
-1828.22416400
-1828.21960052
-1828.21730890
-1828.21719628
-1828.21886936
-1828.22175745
-1828.22526807
-1828.22892073
-1828.23241829
-1828.23563670
-1828.23856273
-1828.24120850
-1828.24355831
-1828.24555051
-1828.24712471
-1828.24828086
-1828.24912560
-1828.24985670
-1828.25067980
-1828.25168481
-1828.25273618
-1828.25343447
-1828.25318973
-1828.25137870
-1828.24755248
-1828.24161116
-1828.23388106
-1828.22506390
-1828.21606244
-1828.20774539
-1828.20072972
-1828.19524742
-1828.19115832
-1828.18808541
-1828.18563911
-1828.18362704
-1828.18217637
-1828.18170366
-1828.18274207
-1828.18569537
-1828.19061010
-1828.19706874
-1828.20424183
-1828.21109176
-1828.21666200
-1828.22036390
-1828.22216819
-1828.22264693
-1828.22285380
-1828.22403811
-1828.22727717
-1828.23309572
-1828.24122641
-1828.25063039
-1828.25977683
-1828.26709264
-1828.27139451
-1828.27218455
-1828.26973875
-1828.26497642
-1828.25915496
-1828.25347083
-1828.24868927
-1828.24490779
-1828.24153811
-1828.23751232
-1828.23165543
-1828.22312381
-1828.21178057
-1828.19839533
-1828.18459501
-1828.17255798
-1828.16450867
-1828.16213898
-1828.16612785
-1828.17590041
-1828.18972584
-1828.20514525
-1828.21961193
-1828.23118409
-1828.23902533
-1828.24358570
-1828.24635745
-1828.24929678
-1828.25408373
-1828.26146582
-1828.27091081
-1828.28068872
-1828.28836917
-1828.29157402
-1828.28875873
-1828.27976853
-1828.26598479
-1828.25000636
-1828.25000636
-1828.23495261
-1828.22360717
-1828.21764746
-1828.21719430
-1828.22081225
-1828.22596864
-1828.22983000
-1828.23015012
-1828.22599477
-1828.21806356
-1828.20851068
-1828.20031117
-1828.19635276
-1828.19852819
-1828.20709795
-1828.22050741
-1828.23573671
-1828.24908981
-1828.25720935
-1828.25802820
-1828.25137894
-1828.23907471
-1828.22443244
-1828.21136007
-1828.20325795
-1828.20205182
-1828.20764634
-1828.21797530
-1828.22964962
-1828.23901354
-1828.24328593
-1828.24142727
-1828.23445372
-1828.22509876
-1828.21692446
-1828.21317680
-1828.21317680
-1828.21573019
-1828.22447078
-1828.23730827
-1828.25081199
-1828.26126630
-1828.26581163
-1828.26331091
-1828.26331091
-1828.25466400
-1828.24248673
-1828.23025957
-1828.22122252
-1828.21736148
-1828.21880095
-1828.22378115
-1828.22921995
-1828.23169962
-1828.22856618
-1828.21882271
-1828.20354521
-1828.18567364
-1828.16923968
-1828.15823094
-1828.15543134
-1828.16157826
-1828.17509527
-1828.19249796
-1828.20936688
-1828.22161275
-1828.22666151
-1828.22420297
-1828.21626648
-1828.21626648
-1828.20659207
-1828.19948072
-1828.19846086
-1828.20517747
-1828.21883453
-1828.23636429
-1828.25328622
-1828.26501087
-1828.26820030
-1828.26176759
-1828.24722075
-1828.22821962
-1828.20948615
-1828.19539482
-1828.18869254
-1828.18973318
-1828.19648898
-1828.20530176
-1828.21214407
-1828.21396462
-1828.20970660
-1828.20066383
-1828.19008822
-1828.18217134
-1828.18072521
-1828.18797467
-1828.20382519
-1828.22582451
-1828.24981816
-1828.27109582
-1828.28567078
-1828.29131689
-1828.28806455
-1828.27803707
-1828.26470380
-1828.25179013
-1828.24218774
-1828.23716934
-1828.23614864
-1828.23702815
-1828.23701952
-1828.23367417
-1828.22579205
-1828.21391664
-1828.20025253
-1828.18803761
-1828.18057423
-1828.18022014
-1828.18765981
-1828.20166844
-1828.21944303
-1828.23739731
-1828.25216805
-1828.26153459
-1828.26495975
-1828.26360098
-1828.25979640
-1828.25618909
-1828.25477471
-1828.25618739
-1828.25946845
-1828.26240389
-1828.26232520
-1828.25710923
-1828.24604162
-1828.23024339
-1828.21252411
-1828.19668100
-1828.18646386
-1828.18451616
-1828.19160513
-1828.20637730
-1828.22571620
-1828.24558976
-1828.26214502
-1828.27271424
-1828.27644776
-1828.27438553
-1828.26897197
-1828.26316161
-1828.25940159
-1828.25880098
-1828.26073882
-1828.26304457
-1828.26270229
-1828.25686597
-1828.24388212
-1828.22398850
-1828.19947440
-1828.17423018
-1828.15280145
-1828.13921027
-1828.13587439
-1828.14294476
-1828.15826085
-1828.17793470
-1828.17793470
-1828.19740366
-1828.21264528
-1828.22120168
-1828.22271939
-1828.21885929
-1828.21261456
-1828.20726600
-1828.20529124
-1828.20757245
-1828.21314307
-1828.21955771
-1828.22375272
-1828.22312193
-1828.21646317
-1828.20447784
-1828.18967454
-1828.17569245
-1828.16626657
-1828.16414345
-1828.17028433
-1828.18359521
-1828.20125540
-1828.21953763
-1828.23486473
-1828.24477608
-1828.24851256
-1828.24705306
-1828.24261004
-1828.23776331
-1828.23452118
-1828.23362411
-1828.23430364
-1828.23457896
-1828.23198210
-1828.22448165
-1828.21129793
-1828.19335001
-1828.17317730
-1828.15435157
-1828.15435157
-1828.14056139
-1828.13462441
-1828.13773458
-1828.14914398
-1828.16638427
-1828.18596059
-1828.20431633
-1828.21879618
-1828.22831212
-1828.23351630
-1828.23642908
-1828.23963006
-1828.24527700
-1828.25425417
-1828.26574400
-1828.27736595
-1828.28585690
-1828.28809299
-1828.28214319
-1828.26801625
-1828.24784863
-1828.22546732
-1828.20542493
-1828.19178872
-1828.18704176
-1828.19142552
-1828.20291879
-1828.21786617
-1828.23205909
-1828.24194864
-1828.24563176
-1828.24332104
-1828.23716364
-1828.23047326
-1828.22662304
-1828.22793661
-1828.23493312
-1828.24613129
-1828.25848433
-1828.26829133
-1828.27231381
-1828.26875954
-1828.25783345
-1828.24170530
-1828.22390510
-1828.20833913
-1828.19820835
-1828.19515129
-1828.19885387
-1828.20722136
-1828.21706241
-1828.22505906
-1828.22874211
-1828.22717417
-1828.22115269
-1828.21288494
-1828.20524994
-1828.20088859
-1828.20139562
-1828.20685841
-1828.21586092
-1828.22593496
-1828.23430819
-1828.23873737
-1828.23816615
-1828.23303593
-1828.22515591
-1828.21716823
-1828.21175907
-1828.21085955
-1828.21508724
-1828.22359944
-1828.23440395
-1828.24499489
-1828.25311200
-1828.25737576
-1828.25761154
-1828.25477460
-1828.25053475
-1828.24667169
-1828.24447721
-1828.24437886
-1828.24585512
-1828.24769725
-1828.24847907
-1828.24709866
-1828.24319845
-1828.23731697
-1828.23073278
-1828.22504952
-1828.22168577
-1828.22144043
-1828.22428445
-1828.22941971
-1828.23557278
-1828.24139293
-1828.24582596
-1828.24834453
-1828.24896999
-1828.24811478
-1828.24630722
-1828.24391489
-1828.24095361
-1828.23705700
-1828.23160989
-1828.22400603
-1828.21395366
-1828.20172725
-1828.18827493
-1828.17511892
-1828.16405476
-1828.15672693
-1828.15421861
-1828.15679847
-1828.16389479
-1828.17429881
-1828.18650535
-1828.19908808
-1828.21099683
-1828.22169784
-1828.23113482
-1828.23951523
-1828.24701701
-1828.25351815
-1828.25844538
-1828.26082538
-1828.25951874
-1828.25358534
-1828.24266330
-1828.22723806
-1828.20870059
-1828.18916182
-1828.17105204
-1828.15660666
-1828.14739287
-1828.14400547
-1828.14602858
-1828.15227077
-1828.16118367
-1828.17133170
-1828.18174788
-1828.19208178
-1828.20249178
-1828.21334646
-1828.22484672
-1828.23671005
-1828.24804578
-1828.25747010
-1828.26343537
-1828.26468311
-1828.26066668
-1828.25181476
-1828.23953641
-1828.22595623
-1828.21343927
-1828.20404094
-1828.19903310
-1828.19864170
-1828.20207575
-1828.20207575
-1828.20783026
-1828.20783026
-1828.21419060
-1828.21977830
-1828.22396747
-1828.22704529
-1828.23006485
-1828.23442695
-1828.24132549
-1828.25123336
-1828.26358779
-1828.27679311
-1828.28855171
-1828.29643991
-1828.29856882
-1828.29413742
-1828.28370374
-1828.26909709
-1828.25297342
-1828.23813744
-1828.22682192
-1828.22012622
-1828.21779410
-1828.21838884
-1828.21983437
-1828.22014304
-1828.21811131
-1828.21375938
-1828.20837250
-1828.20411830
-1828.20334766
-1828.20779437
-1828.21791989
-1828.23262787
-1828.24944407
-1828.26512110
-1828.27649694
-1828.28134656
-1828.27898905
-1828.27046243
-1828.25823783
-1828.24554457
-1828.23551553
-1828.23039244
-1828.23100976
-1828.23667410
-1828.24545058
-1828.25476353
-1828.26214011
-1828.26591160
-1828.26568405
-1828.26243943
-1828.25822263
-1828.25548457
-1828.25627759
-1828.26154653
-1828.26154653
-1828.26154653
-1828.20411251
-1828.16282334
-1828.14664570
-1828.15698930
-1828.18745207
-1828.22593867
-1828.25850440
-1828.25850440
-1828.27373058
-1828.26629052
-1828.26629052
-1828.23860015
-1828.20004699
-1828.16403163
-1828.14373908
-1828.14795301
-1828.17820485
-1828.22815151
-1828.28535953
-1828.33494601
-1828.36395638
-1828.36515803
-1828.33910501
-1828.29387704
-1828.24259553
-1828.19948113
-1828.17565344
-1828.17594237
-1828.19765082
-1828.23161703
-1828.26521147
-1828.28634409
-1828.28724816
-1828.26689973
-1828.23134673
-1828.19185116
-1828.16140508
-1828.15068057
-1828.16462560
-1828.20077464
-1828.24979206
-1828.29812980
-1828.33200378
-1828.34148137
-1828.32344635
-1828.28252838
-1828.22972514
-1828.17912840
-1828.14375593
-1828.13174814
-1828.14409211
-1828.17454650
-1828.21175946
-1828.24290488
-1828.25769770
-1828.25154746
-1828.22689238
-1828.19231964
-1828.15976784
-1828.14071032
-1828.14250777
-1828.16609103
-1828.20565652
-1828.25046636
-1828.28814663
-1828.30844405
-1828.30624094
-1828.28293225
-1828.24581763
-1828.20582070
-1828.17425769
-1828.15958158
-1828.16499718
-1828.18765918
-1828.21968372
-1828.25066170
-1828.27089429
-1828.27435617
-1828.26049030
-1828.23430527
-1828.20475792
-1828.18192729
-1828.17385627
-1828.18402368
-1828.21021889
-1828.24516690
-1828.27869154
-1828.30076822
-1828.30452911
-1828.28832001
-1828.25618534
-1828.21664024
-1828.18010234
-1828.15577259
-1828.14891387
-1828.15936861
-1828.18176022
-1828.20731144
-1828.22669348
-1828.23300134
-1828.22392465
-1828.20243715
-1828.17581017
-1828.15326799
-1828.14304644
-1828.14976667
-1828.17294361
-1828.20708474
-1828.24333938
-1828.27215672
-1828.28611844
-1828.28208039
-1828.26198715
-1828.23215277
-1828.20125179
-1828.17766724
-1828.16699180
-1828.17047567
-1828.18484575
-1828.20353913
-1828.21890411
-1828.22466993
-1828.21790851
-1828.19990924
-1828.17574297
-1828.15268349
-1828.13799338
-1828.13675089
-1828.15036845
-1828.17620799
-1828.20837941
-1828.23944806
-1828.26252719
-1828.27315609
-1828.27043398
-1828.25710336
-1828.23857508
-1828.22119917
-1828.22119917
-1828.21030503
-1828.20861058
-1828.21548969
-1828.22731568
-1828.23874689
-1828.24454056
-1828.24129396
-1828.22857049
-1828.20905412
-1828.18770824
-1828.17021399
-1828.16119967
-1828.16282078
-1828.17413452
-1828.19143351
-1828.20942723
-1828.22287582
-1828.22815261
-1828.22426417
-1828.21301405
-1828.19828157
-1828.18467179
-1828.17597708
-1828.17396585
-1828.17787754
-1828.18478471
-1828.19068424
-1828.19193008
-1828.18651852
-1828.17479011
-1828.15933752
-1828.14416655
-1828.13342892
-1828.13014732
-1828.13532809
-1828.14771793
-1828.16425325
-1828.18104006
-1828.19454552
-1828.20263310
-1828.20511438
-1828.20365856
-1828.20109944
-1828.20036135
-1828.20334917
-1828.21017362
-1828.21898401
-1828.22648436
-1828.22897829
-1828.22360434
-1828.20935825
-1828.18755013
-1828.16155531
-1828.13592268
-1828.11512424
-1828.10234186
-1828.09866167
-1828.10291812
-1828.11222206
-1828.12298280
-1828.13210280
-1828.13796262
-1828.14089492
-1828.14297954
-1828.14723823
-1828.15647205
-1828.17214318
-1828.19368127
-1828.21845794
-1828.24245560
-1828.26143103
-1828.27218023
-1828.27350588
-1828.26655142
-1828.25439962
-1828.24106313
-1828.23020752
-1828.22401916
-1828.22257688
-1828.22393396
-1828.22486771
-1828.22206040
-1828.21332874
-1828.19850589
-1828.17965053
-1828.16052086
-1828.14546375
-1828.13808111
-1828.14008569
-1828.15071650
-1828.16690255
-1828.18414276
-1828.19783529
-1828.20465033
-1828.20351266
-1828.19588835
-1828.18527090
-1828.17602275
-1828.17193434
-1828.17495277
-1828.18449494
-1828.19758353
-1828.20979366
-1828.21672250
-1828.21550721
-1828.20590076
-1828.19054330
-1828.17431607
-1828.16293513
-1828.16119049
-1828.17137869
-1828.19245190
-1828.22019526
-1828.24840917
-1828.27074616
-1828.28262714
-1828.28262864
-1828.27287986
-1828.25832956
-1828.24508761
-1828.23838602
-1828.24081110
-1828.25139538
-1828.26586595
-1828.27795303
-1828.28133043
-1828.27159437
-1828.24772529
-1828.21260759
-1828.17241554
-1828.13498161
-1828.10760394
-1828.09499149
-1828.09797341
-1828.11340268
-1828.13524988
-1828.15656290
-1828.17166335
-1828.17791056
-1828.17647312
-1828.17187439
-1828.17045756
-1828.17824184
-1828.19883998
-1828.23208851
-1828.27380328
-1828.31676640
-1828.35267810
-1828.37449723
-1828.37847747
-1828.36525776
-1828.33964889
-1828.30917958
-1828.28182938
-1828.26365250
-1828.25702889
-1828.26007987
-1828.26743024
-1828.27206250
-1828.26768596
-1828.25085920
-1828.22221276
-1828.18638221
-1828.15068271
-1828.12293985
-1828.10915876
-1828.11174916
-1828.12884914
-1828.15493952
-1828.18255435
-1828.20454120
-1828.21617573
-1828.21647879
-1828.20833200
-1828.19737688
-1828.19005306
-1828.19140336
-1828.20335659
-1828.22402799
-1828.24826274
-1828.26924841
-1828.28067475
-1828.27875027
-1828.26344428
-1828.23855665
-1828.21060496
-1828.18689092
-1828.17333602
-1828.17277611
-1828.18420181
-1828.20317917
-1828.22328890
-1828.23813409
-1828.24329164
-1828.23761090
-1828.22348289
-1828.20600848
-1828.19133197
-1828.18466092
-1828.18857810
-1828.20216727
-1828.22124538
-1828.23962694
-1828.25104987
-1828.25115067
-1828.23886860
-1828.21684265
-1828.19066244
-1828.16722002
-1828.15265135
-1828.15051574
-1828.16075629
-1828.17978675
-1828.20165326
-1828.21993399
-1828.22976035
-1828.22933213
-1828.22042840
-1828.20777604
-1828.19746647
-1828.19491924
-1828.20303484
-1828.22111688
-1828.24492814
-1828.26787107
-1828.28296498
-1828.28499951
-1828.27219117
-1828.24680511
-1828.21453628
-1828.18283393
-1828.15870470
-1828.14667628
-1828.14757603
-1828.15846856
-1828.17375298
-1828.18704271
-1828.19321549
-1828.18999976
-1828.17863314
-1828.16340520
-1828.15022988
-1828.14468957
-1828.15014924
-1828.16654617
-1828.19025334
-1828.21507619
-1828.23408432
-1828.24171958
-1828.23550805
-1828.21684032
-1828.19057966
-1828.16364508
-1828.14299048
-1828.13359759
-1828.13704366
-1828.15108985
-1828.17041632
-1828.18829891
-1828.19872203
-1828.19827180
-1828.18720075
-1828.16933456
-1828.15083889
-1828.13822940
-1828.13624356
-1828.14623950
-1828.16564628
-1828.18866797
-1828.20803258
-1828.21723315
-1828.21255753
-1828.19426375
-1828.16654701
-1828.13630550
-1828.11108747
-1828.09684803
-1828.09621365
-1828.10780228
-1828.12679681
-1828.14658260
-1828.16091627
-1828.16593613
-1828.16137800
-1828.15062569
-1828.13958075
-1828.13471039
-1828.14090096
-1828.15980095
-1828.18918685
-1828.22353989
-1828.25564138
-1828.27868460
-1828.28824794
-1828.28354890
-1828.26759757
-1828.24622131
-1828.22623616
-1828.21333437
-1828.21034941
-1828.21644744
-1828.22748399
-1828.23742233
-1828.24035319
-1828.23248531
-1828.21348548
-1828.18672600
-1828.15836354
-1828.13551527
-1828.12410135
-1828.12700675
-1828.14314123
-1828.16768326
-1828.19346322
-1828.21308682
-1828.22116944
-1828.21599992
-1828.20008103
-1828.17936097
-1828.16138353
-1828.15291323
-1828.15779228
-1828.17569225
-1828.20216270
-1828.22996206
-1828.25127053
-1828.25127053
-1828.26008868
-1828.25409001
-1828.23534875
-1828.20971162
-1828.18501283
-1828.16866956
-1828.16541182
-1828.17585243
-1828.19633568
-1828.22009322
-1828.23932889
-1828.24758410
-1828.24166923
-1828.22258930
-1828.19520425
-1828.16674019
-1828.14461839
-1828.13426220
-1828.13754765
-1828.15235006
-1828.17329499
-1828.19346847
-1828.20655771
-1828.20877211
-1828.19997485
-1828.18368831
-1828.16598194
-1828.15357789
-1828.15175130
-1828.16265993
-1828.18461099
-1828.21249225
-1828.23923945
-1828.25790173
-1828.26367644
-1828.25530664
-1828.23541824
-1828.20969896
-1828.18517763
-1828.16813021
-1828.16224606
-1828.16761118
-1828.18081022
-1828.19609352
-1828.20724896
-1828.20957981
-1828.20137828
-1828.18445616
-1828.16355879
-1828.14488025
-1828.13412451
-1828.13472753
-1828.14678207
-1828.16699830
-1828.18969889
-1828.20854566
-1828.21846264
-1828.21716023
-1828.20580096
-1828.18859901
-1828.17148685
-1828.16027611
-1828.15887086
-1828.16809208
-1828.18545511
-1828.20595391
-1828.22360167
-1828.23325279
-1828.23216039
-1828.22078881
-1828.20264060
-1828.18315417
-1828.16801500
-1828.16141048
-1828.16476699
-1828.17634954
-1828.19184095
-1828.20570841
-1828.21292699
-1828.21053221
-1828.19852451
-1828.17987289
-1828.15962451
-1828.14340663
-1828.13577059
-1828.13888076
-1828.15192019
-1828.17139436
-1828.19223115
-1828.20934402
-1828.21917515
-1828.22073301
-1828.21581010
-1828.20830096
-1828.20285691
-1828.20331800
-1828.21141505
-1828.22616762
-1828.24414784
-1828.26052808
-1828.27057830
-1828.27113920
-1828.26161945
-1828.24420506
-1828.22323165
-1828.20390377
-1828.19078225
-1828.18647357
-1828.19093382
-1828.20157301
-1828.21413334
-1828.22406057
-1828.22795273
-1828.22462929
-1828.21548477
-1828.20401518
-1828.19466714
-1828.19137841
-1828.19626409
-1828.20886873
-1828.22621888
-1828.24366886
-1828.25627840
-1828.26029303
-1828.25425865
-1828.23943438
-1828.21937767
-1828.19884357
-1828.18235173
-1828.17285757
-1828.17094507
-1828.17477186
-1828.18078029
-1828.18493715
-1828.18409690
-1828.17708013
-1828.16510876
-1828.15147625
-1828.14052227
-1828.13623404
-1828.14090264
-1828.15428654
-1828.17355143
-1828.19402822
-1828.21055295
-1828.21898537
-1828.21742966
-1828.20677676
-1828.19040305
-1828.17311941
-1828.15969870
-1828.15343404
-1828.15518338
-1828.16318065
-1828.17368138
-1828.18222867
-1828.18515312
-1828.18081411
-1828.17020096
-1828.15668680
-1828.14501073
-1828.13980044
-1828.14409574
-1828.15832824
-1828.18008455
-1828.20471917
-1828.22665997
-1828.24100494
-1828.24494766
-1828.23859686
-1828.22491793
-1828.20880975
-1828.19558243
-1828.18931401
-1828.19161030
-1828.20115368
-1828.21418083
-1828.22573283
-1828.23127845
-1828.22823035
-1828.21685941
-1828.20031894
-1828.18373095
-1828.17261202
-1828.17112692
-1828.18073779
-1828.19967691
-1828.22341874
-1828.24601012
-1828.26185701
-1828.26741631
-1828.26225059
-1828.24911152
-1828.23302239
-1828.21963953
-1828.21344281
-1828.21631042
-1828.22694609
-1828.24131129
-1828.25392842
-1828.25963274
-1828.25523671
-1828.24059703
-1828.21874147
-1828.19502881
-1828.17559102
-1828.16552852
-1828.16739966
-1828.18045970
-1828.20087471
-1828.22286383
-1828.24042458
-1828.24912312
-1828.24740172
-1828.23699155
-1828.22229341
-1828.20892390
-1828.20188252
-1828.20391211
-1828.21458091
-1828.23036379
-1828.24571603
-1828.25479705
-1828.25332635
-1828.23998700
-1828.21693324
-1828.18924695
-1828.16348956
-1828.14579782
-1828.14009511
-1828.14697563
-1828.16359430
-1828.18460420
-1828.20384051
-1828.21622248
-1828.21927814
-1828.21381510
-1828.20354552
-1828.19380141
-1828.18975127
-1828.19469306
-1828.20893836
-1828.22963928
-1828.25160080
-1828.26883132
-1828.27635811
-1828.27174973
-1828.25588521
-1828.23273735
-1828.20823474
-1828.18853916
-1828.17825775
-1828.17911172
-1828.18947576
-1828.20492753
-1828.21964902
-1828.22825816
-1828.22749709
-1828.21725942
-1828.20062564
-1828.18289898
-1828.16993954
-1828.16633005
-1828.17393778
-1828.19131949
-1828.21413884
-1828.23645986
-1828.25252183
-1828.25844988
-1828.25338414
-1828.23968115
-1828.22212265
-1828.20637861
-1828.19720289
-1828.19693194
-1828.20475880
-1828.21700994
-1828.22833677
-1828.23344848
-1828.22884254
-1828.21397570
-1828.19151754
-1828.16659314
-1828.14526495
-1828.13273015
-1828.13181157
-1828.14218744
-1828.16058113
-1828.18182536
-1828.20045401
-1828.21233342
-1828.21584002
-1828.21224423
-1828.20519125
-1828.19945076
-1828.19933747
-1828.20727821
-1828.22297223
-1828.24339290
-1828.26362159
-1828.27825539
-1828.28297184
-1828.27577829
-1828.25760803
-1828.23208777
-1828.20454712
-1828.18053071
-1828.16426212
-1828.15749934
-1828.15913357
-1828.16565573
-1828.17233613
-1828.17476470
-1828.17025988
-1828.15873512
-1828.14274404
-1828.12670135
-1828.11551370
-1828.11304817
-1828.12090020
-1828.13786118
-1828.16023971
-1828.16023971
-1828.18295186
-1828.20103483
-1828.21110306
-1828.21229842
-1828.20644432
-1828.19737511
-1828.18967171
-1828.18721557
-1828.19200595
-1828.20358563
-1828.21922045
-1828.23475892
-1828.24589467
-1828.24946173
-1828.24437040
-1828.23193195
-1828.21546893
-1828.19934828
-1828.18772012
-1828.18334036
-1828.18681362
-1828.19648189
-1828.20898077
-1828.22028818
-1828.22694833
-1828.22708743
-1828.22091945
-1828.21059065
-1828.19942377
-1828.19082226
-1828.18716312
-1828.18903972
-1828.19506976
-1828.20234506
-1828.20738050
-1828.20724946
-1828.20055746
-1828.18793442
-1828.17189923
-1828.15613461
-1828.14440456
-1828.13945259
-1828.14222644
-1828.15166779
-1828.16513163
-1828.17928180
-1828.19115425
-1828.19905266
-1828.20297318
-1828.20444874
-1828.20589145
-1828.20589145
-1828.20965761
-1828.21716523
-1828.22834482
-1828.24158392
-1828.25418434
-1828.26317005
-1828.26619368
-1828.26225430
-1828.25200493
-1828.23757170
-1828.22194155
-1828.20812596
-1828.19833163
-1828.19339008
-1828.19260569
-1828.19406680
-1828.19532301
-1828.19422035
-1828.18963169
-1828.18186016
-1828.17257622
-1828.16433569
-1828.15980248
-1828.16092179
-1828.16827312
-1828.18081568
-1828.19610089
-1828.21091379
-1828.22215521
-1828.22770822
-1828.22701665
-1828.22119337
-1828.21262018
-1828.20415632
-1828.19821413
-1828.19599442
-1828.19713290
-1828.19987700
-1828.20173829
-1828.20040305
-1828.19460362
-1828.18465007
-1828.17244491
-1828.16095631
-1828.15333114
-1828.15191796
-1828.15753315
-1828.16918907
-1828.18438168
-1828.19984088
-1828.21250406
-1828.22040297
-1828.22318532
-1828.22211281
-1828.21953742
-1828.21804340
-1828.21952620
-1828.22452101
-1828.23198263
-1828.23960315
-1828.24454801
-1828.24438854
-1828.23793252
-1828.22568636
-1828.20980493
-1828.19352800
-1828.18027231
-1828.17264065
-1828.17165559
-1828.17646273
-1828.18460026
-1828.19277681
-1828.19792156
-1828.19817909
-1828.19353477
-1828.18585113
-1828.17829822
-1828.17434585
-1828.17662445
-1828.18602279
-1828.20129694
-1828.21932989
-1828.23598676
-1828.24731901
-1828.25075132
-1828.24587840
-1828.23460402
-1828.22057330
-1828.20805174
-1828.20060727
-1828.20000355
-1828.20566114
-1828.21485864
-1828.22361316
-1828.22795975
-1828.22524299
-1828.21499930
-1828.19916756
-1828.18156144
-1828.16676252
-1828.15877113
-1828.15979555
-1828.16955922
-1828.18532190
-1828.20263750
-1828.21662801
-1828.22340537
-1828.22121748
-1828.21097323
-1828.19597406
-1828.18093505
-1828.17056899
-1828.16817347
-1828.17464194
-1828.18820098
-1828.20495423
-1828.22007914
-1828.22930373
-1828.23022008
-1828.22303739
-1828.21053494
-1828.19722808
-1828.18799242
-1828.18655257
-1828.19429285
-1828.20975625
-1828.22899450
-1828.24667639
-1828.25763396
-1828.25837219
-1828.24810036
-1828.22895547
-1828.20537724
-1828.18280568
-1828.16610431
-1828.15818894
-1828.15926391
-1828.16689039
-1828.17685725
-1828.18457202
-1828.18655400
-1828.18155317
-1828.17095625
-1828.15835078
-1828.14838663
-1828.14528929
-1828.15148703
-1828.16678984
-1828.18836643
-1828.21152128
-1828.23103322
-1828.24266200
-1828.24437501
-1828.23691325
-1828.22351013
-1828.20883591
-1828.19750236
-1828.19260918
-1828.19480819
-1828.20218038
-1828.21095404
-1828.21681309
-1828.21635490
-1828.20823826
-1828.19367323
-1828.17610453
-1828.16019155
-1828.15041115
-1828.14969392
-1828.15852013
-1828.17474689
-1828.19422803
-1828.21203303
-1828.22389887
-1828.22745768
-1828.22287014
-1828.21266441
-1828.20085079
-1828.19159483
-1828.18787866
-1828.19055167
-1828.19808302
-1828.20705895
-1828.21327723
-1828.21310108
-1828.20464922
-1828.18846854
-1828.16747482
-1828.14616995
-1828.12935579
-1828.12073227
-1828.12179379
-1828.13138474
-1828.14603782
-1828.16100952
-1828.17170633
-1828.17505942
-1828.17044614
-1828.15986677
-1828.14731968
-1828.13755200
-1828.13457391
-1828.14037149
-1828.15423712
-1828.17291662
-1828.19155181
-1828.20513491
-1828.21003567
-1828.20513013
-1828.19217585
-1828.17529862
-1828.15975728
-1828.15035562
-1828.14999940
-1828.15884085
-1828.17427316
-1828.19176092
-1828.20625426
-1828.21373202
-1828.21240600
-1828.20320821
-1828.18942576
-1828.17560949
-1828.16611516
-1828.16373216
-1828.16883042
-1828.17925040
-1828.19097533
-1828.19935679
-1828.20053716
-1828.19263570
-1828.17635816
-1828.15483504
-1828.13276088
-1828.11507994
-1828.10561492
-1828.10603825
-1828.11547960
-1828.13088030
-1828.14797623
-1828.16261202
-1828.17198048
-1828.17540679
-1828.17445036
-1828.17229161
-1828.17262152
-1828.17835710
-1828.19059745
-1828.20814013
-1828.22769771
-1828.24478563
-1828.25500409
-1828.25534694
-1828.24513060
-1828.22626543
-1828.20276280
-1828.17962355
-1828.16143260
-1828.15108617
-1828.14903759
-1828.15329358
-1828.16015559
-1828.16546198
-1828.16594163
-1828.16025604
-1828.14941031
-1828.13642104
-1828.12536190
-1828.12007412
-1828.12294157
-1828.13408855
-1828.15124219
-1828.17029915
-1828.18643218
-1828.19541676
-1828.19478816
-1828.18449454
-1828.16686682
-1828.14591449
-1828.12616298
-1828.11136458
-1828.10347874
-1828.10225970
-1828.10556359
-1828.11025135
-1828.11334617
-1828.11306953
-1828.10943569
-1828.10425153
-1828.10053407
-1828.10153536
-1828.10967407
-1828.12569649
-1828.14831276
-1828.17442273
-1828.19987312
-1828.22052038
-1828.23330391
-1828.23701214
-1828.23251857
-1828.22243036
-1828.21026105
-1828.19938817
-1828.19212123
-1828.18914862
-1828.18950496
-1828.19104295
-1828.19123846
-1828.18806634
-1828.18069217
-1828.16978334
-1828.15736135
-1828.14626032
-1828.13934112
-1828.13871149
-1828.14514829
-1828.15789578
-1828.17487754
-1828.19325316
-1828.21014952
-1828.22336344
-1828.23182811
-1828.23573882
-1828.23629928
-1828.23520107
-1828.23400314
-1828.23360833
-1828.23399947
-1828.23428049
-1828.23299975
-1828.22864700
-1828.22018054
-1828.20743312
-1828.19126817
-1828.17342640
-1828.15610890
-1828.14142954
-1828.13089122
-1828.12504442
-1828.12342533
-1828.12477981
-1828.12750892
-1828.13018737
-1828.13200049
-1828.13296083
-1828.13384376
-1828.13587492
-1828.14027030
-1828.14777656
-1828.15836540
-1828.17115803
-1828.18461741
-1828.19692370
-1828.20643195
-1828.21206188
-1828.21351768
-1828.21127614
-1828.20636753
-1828.20002194
-1828.19329097
-1828.18676958
-1828.18048984
-1828.17401394
-1828.16668097
-1828.15791525
-1828.14748601
-1828.13564770
-1828.12311681
-1828.11092548
-1828.10019877
-1828.09193028
-1828.08680964
-1828.08514321
-1828.08687354
-1828.09167224
-1828.09906722
-1828.10855577
-1828.11966821
-1828.13198543
-1828.14510984
-1828.15861413
-1828.17201263
-1828.18476656
-1828.19634002
-1828.20629276
-1828.21437953
-1828.22060491
-1828.22520938
-1828.22856596
-1828.23101652
-1828.23270873
-1828.23349136
-1828.23293099
-1828.23044761
-1828.22554932
-1828.21807852
-1828.20839680
-1828.19742822
-1828.18653499
-1828.17723008
-1828.17080706
-1828.16799010
-1828.16872122
-1828.17216357
-1828.17693774
-1828.18152965
-1828.18474878
-1828.18609591
-1828.18591620
-1828.18527756
-1828.18560167
-1828.18814622
-1828.19349853
-1828.20125626
-1828.21001675
-1828.21770893
-1828.22217383
-1828.22182511
-1828.21617216
-1828.20602935
-1828.19334020
-1828.18065775
-1828.17043964
-1828.16437170
-1828.16292065
-1828.16525247
-1828.16952891
-1828.17348849
-1828.17513489
-1828.17333295
-1828.16813609
-1828.16076721
-1828.15325004
-1828.14781598
-1828.14624663
-1828.14935840
-1828.15677407
-1828.16704501
-1828.17808165
-1828.18776835
-1828.19456615
-1828.19794266
-1828.19849063
-1828.19770770
-1828.19749191
-1828.19950673
-1828.20460901
-1828.21251945
-1828.22184795
-1828.23046398
-1828.23610036
-1828.23702630
-1828.23256849
-1828.22334656
-1828.21113390
-1828.19837969
-1828.18754103
-1828.18041328
-1828.17768093
-1828.17880801
-1828.18230691
-1828.18629546
-1828.18915492
-1828.19009692
-1828.18942943
-1828.18844970
-1828.18897248
-1828.19265911
-1828.20036915
-1828.21175638
-1828.22525541
-1828.23847599
-1828.24887764
-1828.25452179
-1828.25464461
-1828.24987205
-1828.24199556
-1828.23337811
-1828.22618666
-1828.22171127
-1828.21998372
-1828.21983955
-1828.21939101
-1828.21675747
-1828.21080350
-1828.20164116
-1828.19070898
-1828.18041822
-1828.17344460
-1828.17191268
-1828.17671451
-1828.18717367
-1828.20116261
-1828.21563772
-1828.22744517
-1828.23415503
-1828.23470236
-1828.22963094
-1828.22087872
-1828.21115793
-1828.20311439
-1828.19850564
-1828.19764790
-1828.19930738
-1828.20107831
-1828.20016457
-1828.19433256
-1828.18275131
-1828.16642824
-1828.14808284
-1828.13145505
-1828.12024670
-1828.11702803
-1828.12244604
-1828.13500182
-1828.15146790
-1828.15146790
-1828.16782270
-1828.18041833
-1828.18703686
-1828.18750689
-1828.18368230
-1828.17879707
-1828.17638332
-1828.17910046
-1828.18784192
-1828.20139303
-1828.21674184
-1828.22995001
-1828.23733190
-1828.23657623
-1828.22747345
-1828.21201908
-1828.19385479
-1828.17721948
-1828.16573311
-1828.16137584
-1828.16396208
-1828.17126124
-1828.17971738
-1828.18555801
-1828.18596646
-1828.17995867
-1828.16871604
-1828.15525290
-1828.14352870
-1828.13726481
-1828.13880241
-1828.14836058
-1828.16391526
-1828.18174559
-1828.19751594
-1828.20756511
-1828.21002098
-1828.20538941
-1828.19641337
-1828.18722308
-1828.18202886
-1828.18376618
-1828.19311942
-1828.20823599
-1828.22522349
-1828.23929643
-1828.24621689
-1828.24361627
-1828.23178713
-1828.21370166
-1828.19422540
-1828.17874220
-1828.17158533
-1828.17475360
-1828.18728704
-1828.20552298
-1828.22416292
-1828.23784184
-1828.24272868
-1828.23766540
-1828.22449555
-1828.20748541
-1828.19201718
-1828.18294662
-1828.18312510
-1828.19251788
-1828.20820187
-1828.22525048
-1828.23824896
-1828.24295596
-1828.23761245
-1828.22349116
-1828.20454560
-1828.18626022
-1828.17404766
-1828.17166242
-1828.18008555
-1828.18008555
-1828.19720723
-1828.21840670
-1828.23786031
-1828.25020415
-1828.25207009
-1828.24304806
-1828.22578824
-1828.20521973
-1828.18709583
-1828.17629667
-1828.17538034
-1828.18381419
-1828.19813250
-1828.21297394
-1828.22271373
-1828.22319116
-1828.21302534
-1828.19410730
-1828.17111769
-1828.15020327
-1828.13719284
-1828.13589217
-1828.14695219
-1828.16765516
-1828.19267663
-1828.21560888
-1828.23078175
-1828.23485665
-1828.22772072
-1828.21242185
-1828.19417300
-1828.17873421
-1828.17066278
-1828.17194891
-1828.18145283
-1828.19529129
-1828.20806296
-1828.21454497
-1828.21134454
-1828.19801877
-1828.17731139
-1828.15444107
-1828.13563516
-1828.12635162
-1828.12969587
-1828.14551100
-1828.17039876
-1828.19866673
-1828.22392126
-1828.24084338
-1828.24662834
-1828.24168201
-1828.22936316
-1828.21486557
-1828.20355560
-1828.19929079
-1828.20320487
-1828.21334312
-1828.22526382
-1828.23343365
-1828.23301261
-1828.22146383
-1828.19950175
-1828.17106106
-1828.14228207
-1828.11979783
-1828.10884456
-1828.11175190
-1828.12727634
-1828.15098322
-1828.17656256
-1828.19768576
-1828.20984422
-1828.21161275
-1828.20495940
-1828.19452117
-1828.18607153
-1828.18465629
-1828.19297930
-1828.21050935
-1828.23359014
-1828.25651329
-1828.27321161
-1828.27908263
-1828.27235828
-1828.25462722
-1828.23035275
-1828.20554473
-1828.18599599
-1828.17561250
-1828.17534920
-1828.18305302
-1828.19425558
-1828.20365152
-1828.20679809
-1828.20150966
-1828.18852099
-1828.17122127
-1828.15456158
-1828.14347606
-1828.14130976
-1828.14874545
-1828.16354155
-1828.18117675
-1828.19620306
-1828.20390622
-1828.20176845
-1828.19028621
-1828.17288251
-1828.15492397
-1828.14213509
-1828.13887910
-1828.14682452
-1828.16439477
-1828.18718796
-1828.20923820
-1828.22476613
-1828.22988280
-1828.22373128
-1828.20871781
-1828.18975477
-1828.17276302
-1828.16286599
-1828.16283999
-1828.17228784
-1828.18779762
-1828.20404795
-1828.21550451
-1828.21817306
-1828.21084962
-1828.19549057
-1828.17659159
-1828.15978924
-1828.15011845
-1828.15047997
-1828.16076766
-1828.17792482
-1828.19688208
-1828.21208545
-1828.21914594
-1828.21612136
-1828.20405635
-1828.18663787
-1828.16907530
-1828.15654080
-1828.15263424
-1828.15832822
-1828.17170618
-1828.18856935
-1828.20373490
-1828.21261963
-1828.21264683
-1828.20403305
-1828.18973348
-1828.17455456
-1828.16370535
-1828.16121220
-1828.16867798
-1828.18473871
-1828.20539911
-1828.22515455
-1828.23857418
-1828.24187525
-1828.23401699
-1828.21696990
-1828.19508363
-1828.17375229
-1828.15779164
-1828.15002784
-1828.15052592
-1828.15669894
-1828.16424406
-1828.16861848
-1828.16658659
-1828.15735103
-1828.14291078
-1828.12753142
-1828.11648225
-1828.11442888
-1828.12397107
-1828.14476922
-1828.17352792
-1828.20483933
-1828.23265026
-1828.25189890
-1828.25986695
-1828.25683561
-1828.24587954
-1828.23186806
-1828.21997201
-1828.21412070
-1828.21585719
-1828.22392511
-1828.23470462
-1828.24336732
-1828.24540600
-1828.23809383
-1828.22142997
-1828.19829086
-1828.17371685
-1828.15354262
-1828.14274300
-1828.14399318
-1828.15687169
-1828.17794616
-1828.20174016
-1828.22229589
-1828.23487074
-1828.23726398
-1828.23037797
-1828.21785183
-1828.20488572
-1828.19660457
-1828.19646610
-1828.20517561
-1828.22045169
-1828.23770495
-1828.25143216
-1828.25690840
-1828.25166274
-1828.23628668
-1828.21433170
-1828.19132136
-1828.17316784
-1828.16446669
-1828.16716737
-1828.18001918
-1828.19895442
-1828.21828287
-1828.23233634
-1828.23706997
-1828.23116174
-1828.21631409
-1828.19669050
-1828.17767015
-1828.16429240
-1828.15983925
-1828.16495108
-1828.17753208
-1828.19343893
-1828.20775258
-1828.21624374
-1828.21660139
-1828.20906410
-1828.19627675
-1828.18242654
-1828.17192058
-1828.16800816
-1828.17175904
-1828.18170432
-1828.19424682
-1828.20472460
-1828.20880627
-1828.20381051
-1828.18955357
-1828.16846647
-1828.14494793
-1828.12414814
-1828.11056140
-1828.10684126
-1828.11317005
-1828.12732418
-1828.14538911
-1828.16289815
-1828.17607898
-1828.18284854
-1828.18328806
-1828.17947779
-1828.17475510
-1828.17262675
-1828.17566020
-1828.18468077
-1828.19850791
-1828.21430779
-1828.22841376
-1828.23736993
-1828.23887308
-1828.23235699
-1828.21909644
-1828.20183986
-1828.18408495
-1828.16919588
-1828.15958505
-1828.15618251
-1828.15832458
-1828.16408459
-1828.17093145
-1828.17651904
-1828.17937942
-1828.17931509
-1828.17739172
-1828.17555011
-1828.17595721
-1828.18028770
-1828.18914391
-1828.20176840
-1828.21613696
-1828.22941014
-1828.23861570
-1828.24139869
-1828.23664025
-1828.22478835
-1828.20779589
-1828.18866361
-1828.17069773
-1828.15667964
-1828.14818914
-1828.14527980
-1828.14658607
-1828.14984043
-1828.15263114
-1828.15317840
-1828.15088973
-1828.14652702
-1828.14194629
-1828.13948991
-1828.14122993
-1828.14827854
-1828.16038639
-1828.17593731
-1828.19235416
-1828.20678913
-1828.21689395
-1828.22143297
-1828.22057576
-1828.21578723
-1828.20935965
-1828.20373079
-1828.20078636
-1828.20135496
-1828.20502215
-1828.21031612
-1828.21518863
-1828.21764790
-1828.21636192
-1828.21105620
-1828.20259532
-1828.19273429
-1828.18359208
-1828.17702880
-1828.17408999
-1828.17471108
-1828.17774340
-1828.18130782
-1828.18335717
-1828.18229474
-1828.17748307
-1828.16949369
-1828.16001121
-1828.15138656
-1828.14594808
-1828.14528130
-1828.14970392
-1828.15812051
-1828.16831738
-1828.17760619
-1828.18363378
-1828.18509419
-1828.18212564
-1828.17627187
-1828.17000150
-1828.16594410
-1828.16606530
-1828.17104333
-1828.18003913
-1828.19092597
-1828.20091047
-1828.20736181
-1828.20860278
-1828.20443132
-1828.19621078
-1828.18650181
-1828.17831883
-1828.17423472
-1828.17559724
-1828.18208971
-1828.19178966
-1828.20170605
-1828.20864160
-1828.21013137
-1828.20518094
-1828.19459411
-1828.18078233
-1828.16711479
-1828.15699434
-1828.15292072
-1828.15581428
-1828.16479461
-1828.17746807
-1828.19064611
-1828.20128936
-1828.20738252
-1828.20848270
-1828.20576580
-1828.20156839
-1828.19857338
-1828.19890471
-1828.20342225
-1828.21142091
-1828.22084496
-1828.22892991
-1828.23308258
-1828.23172716
-1828.22485625
-1828.21412704
-1828.20247027
-1828.19331609
-1828.18966405
-1828.19324233
-1828.20401261
-1828.22015655
-1828.23857080
-1828.25572027
-1828.26860845
-1828.27557501
-1828.27668101
-1828.27356107
-1828.26879693
-1828.26501098
-1828.26395933
-1828.26592489
-1828.26959120
-1828.27243970
-1828.27155122
-1828.26457021
-1828.25053483
-1828.23032708
-1828.20659965
-1828.18318113
-1828.16412097
-1828.15263745
-1828.15026864
-1828.15647308
-1828.16880068
-1828.18360478
-1828.19709384
-1828.20641070
-1828.21040761
-1828.20987110
-1828.20712578
-1828.20516324
-1828.20655921
-1828.21253829
-1828.22246793
-1828.23393361
-1828.24338439
-1828.24715517
-1828.24256596
-1828.22877265
-1828.20711512
-1828.18085407
-1828.15437085
-1828.13205024
-1828.11717443
-1828.11112997
-1828.11316533
-1828.12075492
-1828.13046762
-1828.13907444
-1828.14456346
-1828.14675184
-1828.14730342
-1828.14913209
-1828.15537437
-1828.16824385
-1828.18813372
-1828.21325954
-1828.23996628
-1828.26362626
-1828.27986240
-1828.28574464
-1828.28059968
-1828.26620662
-1828.24630498
-1828.22556851
-1828.20833960
-1828.19749219
-1828.19375212
-1828.19566869
-1828.20022399
-1828.20390030
-1828.20387416
-1828.19896614
-1828.19006079
-1828.17986566
-1828.17207947
-1828.17023162
-1828.17653573
-1828.19111630
-1828.21183858
-1828.23480737
-1828.25538550
-1828.26944239
-1828.27446997
-1828.27024721
-1828.25886857
-1828.24412204
-1828.23038041
-1828.22132831
-1828.21889724
-1828.22272085
-1828.23030004
-1828.23780951
-1828.24131799
-1828.23803769
-1828.22723387
-1828.21051004
-1828.19138106
-1828.17425880
-1828.16316403
-1828.16054224
-1828.16655639
-1828.17906141
-1828.19425591
-1828.20782492
-1828.21620316
-1828.21759678
-1828.21247096
-1828.20337266
-1828.19415576
-1828.18882211
-1828.19030623
-1828.19954368
-1828.21512325
-1828.23363127
-1828.25060954
-1828.26183702
-1828.26454963
-1828.25822167
-1828.24468954
-1828.22757282
-1828.21117146
-1828.19917542
-1828.19356800
-1828.19405665
-1828.19821237
-1828.20227266
-1828.20238155
-1828.19587386
-1828.18221824
-1828.16331494
-1828.14304532
-1828.12618960
-1828.11703864
-1828.11810304
-1828.12932988
-1828.14805305
-1828.16970925
-1828.18910795
-1828.20189027
-1828.20574722
-1828.20104112
-1828.19064634
-1828.17903880
-1828.17091344
-1828.16973638
-1828.17669407
-1828.19037440
-1828.20724731
-1828.22278722
-1828.23286999
-1828.23503156
-1828.22922310
-1828.21785327
-1828.20509305
-1828.19563458
-1828.19326642
-1828.19969507
-1828.21396680
-1828.23267994
-1828.25092760
-1828.26368944
-1828.26727297
-1828.26037445
-1828.24445270
-1828.22330547
-1828.20196596
-1828.18524457
-1828.17633851
-1828.17592126
-1828.18198682
-1828.19050243
-1828.19667820
-1828.19648525
-1828.18795685
-1828.17187840
-1828.15164030
-1828.13228676
-1828.11904263
-1828.11575702
-1828.12374807
-1828.14139604
-1828.16459852
-1828.18795253
-1828.20629846
-1828.21615055
-1828.21660496
-1828.20945688
-1828.19853324
-1828.18845447
-1828.18322386
-1828.18505031
-1828.19375624
-1828.20692824
-1828.22075345
-1828.23126611
-1828.23561622
-1828.23296716
-1828.22475180
-1828.21421293
-1828.20537699
-1828.20177110
-1828.20529929
-1828.21561188
-1828.23017799
-1828.24501583
-1828.25585414
-1828.25937060
-1828.25412734
-1828.24095497
-1828.22266545
-1828.20320366
-1828.18649473
-1828.17534033
-1828.17069131
-1828.17150376
-1828.17521878
-1828.17870276
-1828.17935725
-1828.17604566
-1828.16953205
-1828.16228900
-1828.15771830
-1828.15904308
-1828.16821168
-1828.18517393
-1828.20776553
-1828.23222528
-1828.25419903
-1828.26991522
-1828.27717155
-1828.27584219
-1828.26777039
-1828.25609861
-1828.24425915
-1828.23493646
-1828.22932406
-1828.22689761
-1828.22577374
-1828.22352757
-1828.21818423
-1828.20903096
-1828.19698682
-1828.18439814
-1828.17435009
-1828.16971801
-1828.17225528
-1828.18200911
-1828.19723257
-1828.21483040
-1828.23120241
-1828.24323883
-1828.24916669
-1828.24899784
-1828.24442972
-1828.23822352
-1828.23325124
-1828.23150925
-1828.23342451
-1828.23768852
-1828.24169861
-1828.24246467
-1828.23768693
-1828.22664056
-1828.21057054
-1828.19245865
-1828.17622916
-1828.16564160
-1828.16318818
-1828.16934489
-1828.18239032
-1828.19885441
-1828.21448105
-1828.22542338
-1828.22931486
-1828.22589240
-1828.21697445
-1828.20579659
-1828.19590676
-1828.18997174
-1828.18888216
-1828.19145030
-1828.19480836
-1828.19539052
-1828.19017820
-1828.17780820
-1828.15918305
-1828.13736770
-1828.11679704
-1828.10202934
-1828.09642577
-1828.10116178
-1828.11487883
-1828.13408993
-1828.15422897
-1828.17100904
-1828.18167219
-1828.18574769
-1828.18508346
-1828.18316191
-1828.18391664
-1828.19042027
-1828.20384246
-1828.22300515
-1828.24466398
-1828.26443981
-1828.27810830
-1828.28286885
-1828.27819518
-1828.26602201
-1828.25019940
-1828.23537031
-1828.22560873
-1828.22321844
-1828.22805945
-1828.23760877
-1828.24774807
-1828.25404050
-1828.25310923
-1828.24370169
-1828.22710190
-1828.20677464
-1828.18734473
-1828.17322198
-1828.16728833
-1828.17004643
-1828.17948785
-1828.19171417
-1828.20214001
-1828.20690322
-1828.20406739
-1828.19423786
-1828.18040307
-1828.16704009
-1828.15876056
-1828.15891311
-1828.16857853
-1828.18625790
-1828.20832667
-1828.23010102
-1828.24717551
-1828.25663993
-1828.25782325
-1828.25237250
-1828.24364889
-1828.23563758
-1828.23169996
-1828.23355042
-1828.24076230
-1828.25094598
-1828.26052508
-1828.26585764
-1828.26436305
-1828.25531525
-1828.24007335
-1828.22168144
-1828.20394775
-1828.19028402
-1828.18265779
-1828.18099181
-1828.18319944
-1828.18585921
-1828.18531017
-1828.17884538
-1828.16562727
-1828.14705077
-1828.12642786
-1828.10808160
-1828.09611147
-1828.09319860
-1828.09980674
-1828.11404675
-1828.13224501
-1828.15005387
-1828.16376111
-1828.17138536
-1828.17321340
-1828.17162060
-1828.17023087
-1828.17269180
-1828.18144525
-1828.19688404
-1828.21713874
-1828.23858101
-1828.25687052
-1828.26824034
-1828.27061757
-1828.26424944
-1828.25163206
-1828.23676781
-1828.22396942
-1828.21658353
-1828.21601062
-1828.22133443
-1828.22965822
-1828.23705360
-1828.23981853
-1828.23565639
-1828.22441745
-1828.20816719
-1828.19057682
-1828.17581379
-1828.16727780
-1828.16656878
-1828.17299659
-1828.18378763
-1828.19493048
-1828.20239196
-1828.20334687
-1828.19703448
-1828.18499982
-1828.17064924
-1828.15824552
-1828.15164018
-1828.15312505
-1828.16275139
-1828.17833513
-1828.19614059
-1828.21200967
-1828.22258196
-1828.22621568
-1828.22334815
-1828.21620242
-1828.20795569
-1828.20165475
-1828.19921795
-1828.20083625
-1828.20494649
-1828.20877668
-1828.20928440
-1828.20418844
-1828.19277232
-1828.17621535
-1828.15733742
-1828.13984639
-1828.12731620
-1828.12220928
-1828.12524136
-1828.13526912
-1828.14972519
-1828.16544408
-1828.17961874
-1828.19058608
-1828.19820370
-1828.20372800
-1828.20924567
-1828.21685701
-1828.22785607
-1828.24217768
-1828.25827630
-1828.27348762
-1828.28476421
-1828.28956141
-1828.28660301
-1828.27627968
-1828.26056455
-1828.24245452
-1828.22512523
-1828.21105353
-1828.20139235
-1828.19578928
-1828.19270116
-1828.19008222
-1828.18621149
-1828.18038384
-1828.17323348
-1828.16657670
-1828.16282716
-1828.16416138
-1828.17170929
-1828.18504388
-1828.20215004
-1828.21990451
-1828.23492204
-1828.24451989
-1828.24749417
-1828.24445706
-1828.23762334
-1828.23009880
-1828.22488748
-1828.22393033
-1828.22750936
-1828.23420511
-1828.24141894
-1828.24628221
-1828.24663415
-1828.24175157
-1828.23261195
-1828.22160589
-1828.21179181
-1828.20594745
-1828.20570623
-1828.21106454
-1828.22038462
-1828.23087941
-1828.23942165
-1828.24345042
-1828.24172000
-1828.23467782
-1828.22435137
-1828.21373673
-1828.20584549
-1828.20270264
-1828.20466267
-1828.21029818
-1828.21688004
-1828.22125987
-1828.22086325
-1828.21451296
-1828.20285042
-1828.18822394
-1828.17408061
-1828.16402170
-1828.16080320
-1828.16557174
-1828.17756274
-1828.19433358
-1828.21246110
-1828.22849812
-1828.23989751
-1828.24563540
-1828.24635055
-1828.24395863
-1828.24089689
-1828.23929038
-1828.24030167
-1828.24383778
-1828.24864179
-1828.25270725
-1828.25391290
-1828.25068737
-1828.24252028
-1828.23015626
-1828.21543123
-1828.20080927
-1828.18876726
-1828.18118260
-1828.17887944
-1828.18145620
-1828.18745915
-1828.19484996
-1828.19484996
-1828.20162433
-1828.20637619
-1828.20863431
-1828.20890873
-1828.20848074
-1828.20900201
-1828.21198981
-1828.21833148
-1828.22794116
-1828.23970416
-1828.25174464
-1828.26193604
-1828.26849193
-1828.27046136
-1828.26796675
-1828.26214629
-1828.25480978
-1828.24791566
-1828.24302336
-1828.24302336
-1828.24089127
-1828.24133807
-1828.24339713
-1828.24568487
-1828.24684927
-1828.24594613
-1828.24268087
-1828.23745163
-1828.23120854
-1828.23120854
-1828.22514841
-1828.22034141
-1828.21740069
-1828.21631737
-1828.21650743
-1828.21703875
-1828.21694747
-1828.21554549
-1828.21264243
-1828.20863390
-1828.20442773
-1828.20121281
-1828.20012653
-1828.20192099
-1828.20671274
-1828.21390056
-1828.22227631
-1828.23032585
-1828.23664572
-1828.24034863
-1828.24130677
-1828.24013088
-1828.23791434
-1828.23582444
-1828.23469813
-1828.23477975
-1828.23568234
-1828.23657804
-1828.23653549
-1828.23488300
-1828.23146118
-1828.22669153
-1828.22144060
-1828.21673575
-1828.21342341
-1828.21188543
-1828.21190244
-1828.21272332
-1828.21331891
-1828.21274702
-1828.21050786
-1828.20675832
-1828.20230878
-1828.19837756
-1828.19618274
-1828.19651253
-1828.19942873
-1828.20420636
-1828.20954201
-1828.21395610
-1828.21625856
-1828.21592741
-1828.21328345
-1828.20938235
-1828.20567903
-1828.20354515
-1828.20382685
-1828.20658268
-1828.21108340
-1828.21605912
-1828.22010188
-1828.22208991
-1828.22151332
-1828.21861263
-1828.21428995
-1828.20982882
-1828.20649428
-1828.20513496
-1828.20591154
-1828.20825878
-1828.21108947
-1828.21319737
-1828.21371979
-1828.21250152
-1828.21023584
-1828.20831965
-1828.20844445
-1828.21203376
-1828.21969172
-1828.23085331
-1828.24377777
-1828.24377777
-1828.25592740
-1828.26463786
-1828.26788717
-1828.26491670
-1828.25650740
-1828.24480185
-1828.23268211
-1828.22289504
-1828.21720214
-1828.21585121
-1828.21754279
-1828.21989823
-1828.22026520
-1828.22026520
-1828.21660963
-1828.20822841
-1828.19605106
-1828.18241952
-1828.17042117
-1828.16297061
-1828.16191953
-1828.16748155
-1828.17814638
-1828.19111250
-1828.20311975
-1828.21141733
-1828.21457962
-1828.21290528
-1828.20827687
-1828.20352707
-1828.20149979
-1828.20409278
-1828.21156542
-1828.22232219
-1828.23326590
-1828.24062990
-1828.24105444
-1828.23260380
-1828.21541915
-1828.19182841
-1828.16586027
-1828.14228034
-1828.12539771
-1828.11796541
-1828.12048612
-1828.13114030
-1828.14636377
-1828.16191130
-1828.17410730
-1828.18089983
-1828.18241665
-1828.18083465
-1828.17960346
-1828.18224657
-1828.19110555
-1828.20642389
-1828.22608048
-1828.24607244
-1828.26162359
-1828.26858074
-1828.26467065
-1828.26467065
-1828.25022505
-1828.22815169
-1828.20315521
-1828.18043800
-1828.16427185
-1828.15685876
-1828.15782057
-1828.16446870
-1828.17276445
-1828.17867731
-1828.17950826
-1828.17475959
-1828.16626738
-1828.15757147
-1828.15275530
-1828.15275530
-1828.15516484
-1828.16636815
-1828.18561917
-1828.20994641
-1828.23483169
-1828.25532416
-1828.26729595
-1828.26849486
-1828.25910893
-1828.24167210
-1828.22033814
-1828.19972477
-1828.18364129
-1828.17408711
-1828.17080017
-1828.17150028
-1828.17273907
-1828.17110625
-1828.16442417
-1828.15255756
-1828.13758482
-1828.12326123
-1828.11392288
-1828.11317150
-1828.12273604
-1828.14186015
-1828.16739966
-1828.19461156
-1828.21841590
-1828.23474859
-1828.24162129
-1828.23957239
-1828.23138337
-1828.22116957
-1828.21311520
-1828.21024403
-1828.21358237
-1828.22193901
-1828.23234696
-1828.24101353
-1828.24448820
-1828.24072448
-1828.22974178
-1828.21369584
-1828.19631461
-1828.18185283
-1828.17387856
-1828.17425142
-1828.18260559
-1828.19648918
-1828.21210354
-1828.21210354
-1828.22541818
-1828.23333161
-1828.23453386
-1828.22984472
-1828.22193206
-1828.21449987
-1828.21117284
-1828.21438390
-1828.22458836
-1828.24003720
-1828.25719404
-1828.27170972
-1828.27968546
-1828.27886223
-1828.26936449
-1828.25374985
-1828.23631106
-1828.22183651
-1828.21419904
-1828.21522161
-1828.22417665
-1828.23807298
-1828.25261858
-1828.26355128
-1828.26791828
-1828.26493080
-1828.25613578
-1828.24488201
-1828.23525197
-1828.23079436
-1828.23344091
-1828.24292365
-1828.25685463
-1828.27142147
-1828.28248704
-1828.28676637
-1828.28273856
-1828.27104234
-1828.25425172
-1828.23609859
-1828.22038893
-1828.20992260
-1828.20574018
-1828.20690301
-1828.21085400
-1828.21425785
-1828.21403967
-1828.20835091
-1828.19716474
-1828.18233342
-1828.16708970
-1828.15512993
-1828.14954249
-1828.15190455
-1828.16181845
-1828.17702583
-1828.19407237
-1828.20930722
-1828.21992318
-1828.22471843
-1828.22436033
-1828.22108385
-1828.21792655
-1828.21774623
-1828.22232000
-1828.23179933
