-1828.24896128
-1828.23270270
-1828.21875992
-1828.20918108
-1828.20521886
-1828.20699098
-1828.21346062
-1828.22274039
-1828.23259140
-1828.24097234
-1828.24648003
-1828.24858751
-1828.24763365
-1828.24461221
-1828.24082487
-1828.23749686
-1828.23546269
-1828.23498273
-1828.23574036
-1828.23700383
-1828.23789913
-1828.23772037
-1828.23617112
-1828.23349285
-1828.23043098
-1828.22806175
-1828.22752310
-1828.22971040
-1828.23501677
-1828.24316737
-1828.25320712
-1828.26365494
-1828.27280888
-1828.27913822
-1828.28166521
-1828.28022891
-1828.27552957
-1828.26893977
-1828.26211689
-1828.25651631
-1828.25296145
-1828.25139196
-1828.25088936
-1828.24999274
-1828.24722073
-1828.24164186
-1828.23330284
-1828.22336698
-1828.21389407
-1828.20731517
-1828.20574614
-1828.21034178
-1828.22088452
-1828.23573920
-1828.25220585
-1828.26718697
-1828.27798121
-1828.28298011
-1828.28206189
-1828.27656783
-1828.26886397
-1828.26161403
-1828.25697132
-1828.25592723
-1828.25801014
-1828.26143128
-1828.26364349
-1828.26216374
-1828.25541189
-1828.24333197
-1828.22758644
-1828.21125672
-1828.19810041
-1828.19154882
-1828.19371242
-1828.20468914
-1828.22239934
-1828.24305096
-1828.26212474
-1828.27561034
-1828.28111889
-1828.27852954
-1828.26996120
-1828.25907940
-1828.24994651
-1828.24575477
-1828.24783373
-1828.25522884
-1828.25522884
-1828.25522884
-1828.26498898
-1828.27307277
-1828.27560871
-1828.27013398
-1828.25645288
-1828.23685084
-1828.21558401
-1828.19776183
-1828.18793210
-1828.18879276
-1828.20041487
-1828.22021729
-1828.24370535
-1828.26575899
-1828.28207995
-1828.29037762
-1828.29095366
-1828.28650578
-1828.28122693
-1828.27946081
-1828.28430323
-1828.29657045
-1828.31444162
-1828.33389188
-1828.34980079
-1828.35742674
-1828.35380704
-1828.33868306
-1828.31465723
-1828.28651987
-1828.25993005
-1828.23982767
-1828.23982767
-1828.22905860
-1828.22762321
-1828.23280074
-1828.24011046
-1828.24481353
-1828.24349558
-1828.23523218
-1828.22197172
-1828.20800270
-1828.19866218
-1828.19866316
-1828.21056165
-1828.23383375
-1828.26486298
-1828.29785391
-1828.32641704
-1828.34534283
-1828.35204525
-1828.34722769
-1828.33456488
-1828.31949675
-1828.30749715
-1828.30235336
-1828.30501164
-1828.31334309
-1828.32289914
-1828.32840846
-1828.32554363
-1828.31240499
-1828.29025818
-1828.26329706
-1828.23748069
-1828.21879994
-1828.21149661
-1828.21678508
-1828.23247826
-1828.25363849
-1828.27404565
-1828.28803900
-1828.29216204
-1828.28612644
-1828.27280906
-1828.25729934
-1828.24529510
-1828.24132618
-1828.24734242
-1828.26207895
-1828.28139845
-1828.29952485
-1828.31079774
-1828.31143931
-1828.30077851
-1828.28155714
-1828.25919987
-1828.24024669
-1828.23042044
-1828.23290373
-1828.24737629
-1828.27009950
-1828.29503292
-1828.31561987
-1828.32669958
-1828.32596008
-1828.31450984
-1828.31450984
-1828.29643609
-1828.27751484
-1828.26346483
-1828.25825314
-1828.26293416
-1828.27536831
-1828.29090082
-1828.30380085
-1828.30903455
-1828.30384463
-1828.28865658
-1828.26703893
-1828.24471103
-1828.22789011
-1828.22147238
-1828.24896128
-1828.23270270
-1828.21875992
-1828.20918108
-1828.20521886
-1828.20699098
-1828.21346062
-1828.22274039
-1828.23259140
-1828.24097234
-1828.24648003
-1828.24858751
-1828.24763365
-1828.24461221
-1828.24082487
-1828.23749686
-1828.23546269
-1828.23498273
-1828.23574036
-1828.23700383
-1828.23789913
-1828.23772037
-1828.23617112
-1828.23349285
-1828.23043098
-1828.22806175
-1828.22752310
-1828.22971040
-1828.23501677
-1828.24316737
-1828.25320712
-1828.26365494
-1828.27280888
-1828.27913822
-1828.28166521
-1828.28022891
-1828.27552957
-1828.26893977
-1828.26211689
-1828.25651631
-1828.25296145
-1828.25139196
-1828.25088936
-1828.24999274
-1828.24722073
-1828.24164186
-1828.23330284
-1828.22336698
-1828.21389407
-1828.20731517
-1828.20574614
-1828.21034178
-1828.22088452
-1828.23573920
-1828.25220585
-1828.26718697
-1828.27798121
-1828.28298011
-1828.28206189
-1828.27656783
-1828.26886397
-1828.26161403
-1828.25697132
-1828.25592723
-1828.25801014
-1828.26143128
-1828.26364349
-1828.26216374
-1828.25541189
-1828.24333197
-1828.22758644
-1828.21125672
-1828.19810041
-1828.19154882
-1828.19371242
-1828.20468914
-1828.22239934
-1828.24305096
-1828.26212474
-1828.27561034
-1828.28111889
-1828.27852954
-1828.26996120
-1828.25907940
-1828.24994651
-1828.24575477
-1828.24783373
-1828.25522884
-1828.26498898
-1828.27307277
-1828.27560871
-1828.27013398
-1828.25645288
-1828.23685084
-1828.21558401
-1828.19776183
-1828.18793210
-1828.18879276
-1828.20041487
-1828.22021729
-1828.24370535
-1828.26575899
-1828.28207995
-1828.29037762
-1828.29095366
-1828.28650578
-1828.28122693
-1828.27946081
-1828.28430323
-1828.29657045
-1828.31444162
-1828.33389188
-1828.34980079
-1828.35742674
-1828.35380704
-1828.33868306
-1828.31465723
-1828.28651987
-1828.25993005
-1828.23982767
-1828.23982767
-1828.22905860
-1828.22762321
-1828.23280074
-1828.24011046
-1828.24481353
-1828.24349558
-1828.23523218
-1828.22197172
-1828.20800270
-1828.19866218
-1828.19866316
-1828.21056165
-1828.23383375
-1828.26486298
-1828.29785391
-1828.32641704
-1828.34534283
-1828.35204525
-1828.34722769
-1828.33456488
-1828.31949675
-1828.30749715
-1828.30235336
-1828.30501164
-1828.31334309
-1828.32289914
-1828.32289914
-1828.32840846
-1828.32554363
-1828.31240499
-1828.29025818
-1828.26329706
-1828.23748069
-1828.21879994
-1828.21149661
-1828.21678508
-1828.23247826
-1828.25363849
-1828.27404565
-1828.27404565
-1828.27404565
-1828.28803900
-1828.29216204
-1828.28612644
-1828.27280906
-1828.25729934
-1828.24529510
-1828.24132618
-1828.24734242
-1828.26207895
-1828.28139845
-1828.29952485
-1828.31079774
-1828.31143931
-1828.30077851
-1828.28155714
-1828.25919987
-1828.24024669
-1828.23042044
-1828.23290373
-1828.24737629
-1828.27009950
-1828.29503292
-1828.31561987
-1828.32669958
-1828.32596008
-1828.31450984
-1828.29643609
-1828.27751484
-1828.26346483
-1828.25825314
-1828.26293416
-1828.27536831
-1828.29090082
-1828.30380085
-1828.30903455
-1828.30384463
-1828.28865658
-1828.26703893
-1828.24471103
-1828.22789011
-1828.22147238
-1828.22759096
-1828.24497895
-1828.26932615
-1828.29450482
-1828.31429823
-1828.32411946
-1828.32221353
-1828.31001286
-1828.29156878
-1828.27224265
-1828.25708036
-1828.24933175
-1828.24955376
-1828.25553843
-1828.26307607
-1828.26732310
-1828.26436638
-1828.25251206
-1828.23292180
-1828.20938448
-1828.18729630
-1828.17213535
-1828.16788796
-1828.17589339
-1828.19445749
-1828.21934525
-1828.24500324
-1828.26613541
-1828.27916390
-1828.28314366
-1828.27986334
-1828.27311664
-1828.26738344
-1828.26632499
-1828.27157328
-1828.28219061
-1828.29495401
-1828.30539214
-1828.30539214
-1828.30922767
-1828.30379121
-1828.28895647
-1828.26730343
-1828.24345468
-1828.22277935
-1828.20986503
-1828.20722474
-1828.21462239
-1828.22922111
-1828.24648154
-1828.26152128
-1828.27052541
-1828.27180136
-1828.26617260
-1828.25661720
-1828.24726016
-1828.24202309
-1828.24335702
-1828.25143286
-1828.26404481
-1828.27724085
-1828.28649180
-1828.28805487
-1828.28012364
-1828.26344142
-1828.24117958
-1828.21811613
-1828.19933916
-1828.18884228
-1828.18842675
-1828.19722654
-1828.21200762
-1828.22814775
-1828.24101443
-1828.24732669
-1828.24609592
-1828.23886091
-1828.22914379
-1828.22130289
-1828.21913806
-1828.22467490
-1828.23750285
-1828.25485031
-1828.27237414
-1828.28541950
-1828.29038285
-1828.28577349
-1828.27265784
-1828.25435201
-1828.23546009
-1828.22054589
-1828.21283911
-1828.21335823
-1828.22070668
-1828.23158961
-1828.24188065
-1828.24791098
-1828.24758150
-1828.24096798
-1828.23024414
-1828.21895713
-1828.21090375
-1828.20895625
-1828.21419817
-1828.22561014
-1828.24038475
-1828.25474910
-1828.26505662
-1828.26881557
-1828.26537713
-1828.25608930
-1828.24387794
-1828.23238813
-1828.22493322
-1828.22355753
-1828.22848885
-1828.23813242
-1828.24959927
-1828.25961118
-1828.26550086
-1828.26601303
-1828.26165756
-1828.25452714
-1828.24762584
-1828.24393122
-1828.24545845
-1828.25260391
-1828.26395625
-1828.27664555
-1828.28713224
-1828.29222461
-1828.29001502
-1828.28045711
-1828.26540427
-1828.24809911
-1828.23227094
-1828.22110844
-1828.21640577
-1828.21814169
-1828.22458900
-1828.23290970
-1828.24002408
-1828.24350312
-1828.24225345
-1828.23684196
-1828.22934942
-1828.22275166
-1828.21998790
-1828.22300645
-1828.23209188
-1828.24569463
-1828.26081511
-1828.27382463
-1828.28149051
-1828.28190218
-1828.27502774
-1828.26273636
-1828.24826609
-1828.23529748
-1828.22690377
-1828.22469683
-1828.22840664
-1828.23602405
-1828.24444838
-1828.25044313
-1828.25161437
-1828.24712815
-1828.23796280
-1828.22663073
-1828.21645078
-1828.21058555
-1828.21112446
-1828.21847948
-1828.23126776
-1828.24670299
-1828.26138767
-1828.27225742
-1828.27741892
-1828.27663648
-1828.27133711
-1828.26414290
-1828.25807286
-1828.25565491
-1828.25820204
-1828.26545149
-1828.27565892
-1828.28611730
-1828.29394351
-1828.29690853
-1828.29406989
-1828.28601702
-1828.27467973
-1828.26275371
-1828.25293604
-1828.24718952
-1828.24625879
-1828.24955422
-1828.25543631
-1828.26179027
-1828.26671191
-1828.26908613
-1828.26888563
-1828.26711946
-1828.26546421
-1828.26571408
-1828.26920714
-1828.27639374
-1828.28666720
-1828.29849623
-1828.30980668
-1828.31850135
-1828.32296714
-1828.32242455
-1828.31704998
-1828.30785519
-1828.29638473
-1828.28432680
-1828.27313962
-1828.26378022
-1828.25658624
-1828.25132089
-1828.24735673
-1828.24393539
-1828.24044445
-1828.23663211
-1828.23271582
-1828.22936570
-1828.22755830
-1828.22833845
-1828.23253955
-1828.24052133
-1828.25200090
-1828.26602215
-1828.28108632
-1828.28108632
-1828.29541945
-1828.30731285
-1828.31545263
-1828.31916135
-1828.31849089
-1828.31414053
-1828.30722381
-1828.29895237
-1828.29032766
-1828.28192385
-1828.27381688
-1828.26566566
-1828.25691690
-1828.24706229
-1828.23589409
-1828.22367488
-1828.21118534
-1828.19962825
-1828.19040440
-1828.18481147
-1828.18373589
-1828.18741456
-1828.19532408
-1828.20623798
-1828.21845046
-1828.23012696
-1828.23972398
-1828.24635430
-1828.24999216
-1828.25142326
-1828.25195000
-1828.25293611
-1828.25533917
-1828.25936329
-1828.26434285
-1828.26890849
-1828.26890849
-1828.27142298
-1828.27055046
-1828.26577798
-1828.25769064
-1828.24790906
-1828.23869832
-1828.23238056
-1828.23238056
-1828.23070795
-1828.23438307
-1828.24285697
-1828.25445736
-1828.26682167
-1828.27750815
-1828.28462181
-1828.28727031
-1828.28574031
-1828.28132316
-1828.27584015
-1828.27100237
-1828.26781805
-1828.26625940
-1828.26531941
-1828.26343145
-1828.25910575
-1828.25154711
-1828.24105214
-1828.22905234
-1828.21779153
-1828.20974264
-1828.20691432
-1828.21025597
-1828.21025597
-1828.21932630
-1828.23233630
-1828.24658611
-1828.25918470
-1828.26784319
-1828.27149493
-1828.27053626
-1828.26661943
-1828.26207541
-1828.25914446
-1828.25927197
-1828.26266851
-1828.26828046
-1828.27417091
-1828.27819179
-1828.27872684
-1828.27527287
-1828.26867357
-1828.26092982
-1828.25464464
-1828.25224515
-1828.25522707
-1828.26363524
-1828.27595824
-1828.28948697
-1828.30104021
-1828.30784422
-1828.30830000
-1828.30240701
-1828.29172211
-1828.27886682
-1828.26673759
-1828.25765197
-1828.25267305
-1828.25131301
-1828.25169548
-1828.25113751
-1828.24699345
-1828.23752535
-1828.22254655
-1828.20363583
-1828.18384143
-1828.16694161
-1828.15645808
-1828.15471363
-1828.16220546
-1828.17749078
-1828.19760902
-1828.21891855
-1828.23808395
-1828.25292312
-1828.26287218
-1828.26895943
-1828.27330719
-1828.27832961
-1828.28587220
-1828.29655360
-1828.30951095
-1828.32262337
-1828.33314122
-1828.33851709
-1828.33719097
-1828.32907019
-1828.31557741
-1828.29924148
-1828.28298077
-1828.26931128
-1828.25972595
-1828.25441515
-1828.25236050
-1828.25174272
-1828.25053566
-1828.24712013
-1828.24077316
-1828.23188981
-1828.22187744
-1828.21275230
-1828.20656176
-1828.20480609
-1828.20802331
-1828.21565461
-1828.22622480
-1828.23776883
-1828.24837368
-1828.25666789
-1828.26212617
-1828.26511945
-1828.26671185
-1828.26827588
-1828.27104912
-1828.27573877
-1828.28228361
-1828.28983058
-1828.29692734
-1828.30189057
-1828.30325428
-1828.30325428
-1828.30019004
-1828.29276282
-1828.28195205
-1828.26940430
-1828.25700235
-1828.24640506
-1828.23870716
-1828.23431939
-1828.23304843
-1828.23430439
-1828.23734251
-1828.24146633
-1828.24616596
-1828.25118733
-1828.25652564
-1828.26235940
-1828.26894003
-1828.27644673
-1828.28484335
-1828.29377269
-1828.30253058
-1828.31015521
-1828.31561919
-1828.31807341
-1828.31706780
-1828.31267479
-1828.30547955
-1828.29644274
-1828.28667895
-1828.27721784
-1828.26879958
-1828.26175978
-1828.25601890
-1828.25118148
-1828.24673625
-1828.24230101
-1828.23783861
-1828.23376826
-1828.23090594
-1828.23090594
-1828.23023524
-1828.23256912
-1828.23821533
-1828.24676785
-1828.25710645
-1828.26760391
-1828.27648495
-1828.28221957
-1828.28387027
-1828.28131398
-1828.27527980
-1828.26719720
-1828.25885722
-1828.25197531
-1828.24776049
-1828.24662208
-1828.24809330
-1828.25100796
-1828.25386807
-1828.25529579
-1828.25443625
-1828.25120935
-1828.24633527
-1828.24113545
-1828.23715041
-1828.23567708
-1828.23734244
-1828.24185497
-1828.24800615
-1828.25395414
-1828.25771996
-1828.25775653
-1828.25342391
-1828.24522195
-1828.23470762
-1828.22410603
-1828.21572324
-1828.21131388
-1828.21157979
-1828.21594733
-1828.22269559
-1828.22942857
-1828.23376237
-1828.23402741
-1828.22976860
-1828.22188149
-1828.21234825
-1828.20367084
-1828.19816367
-1828.19731005
-1828.20135330
-1828.20924743
-1828.21898003
-1828.22817312
-1828.23478484
-1828.23771644
-1828.23713262
-1828.23440753
-1828.23171185
-1828.23135531
-1828.23507542
-1828.24347158
-1828.25575190
-1828.26987755
-1828.28306912
-1828.29253652
-1828.29623579
-1828.29343834
-1828.28495385
-1828.27292718
-1828.26025805
-1828.24978152
-1828.24345104
-1828.24178373
-1828.24377194
-1828.24728490
-1828.24981342
-1828.24930012
-1828.24478670
-1828.23670838
-1828.22674354
-1828.21728944
-1828.21071763
-1828.20863647
-1828.21140356
-1828.21802385
-1828.22646754
-1828.23429969
-1828.23941470
-1828.24064460
-1828.23805099
-1828.23281904
-1828.22680526
-1828.22191074
-1828.21949115
-1828.21997906
-1828.22281440
-1828.22667505
-1828.22991977
-1828.23111087
-1828.22945982
-1828.22506361
-1828.21887129
-1828.21238881
-1828.20721259
-1828.20453232
-1828.20475501
-1828.20737090
-1828.21110243
-1828.21428912
-1828.21540388
-1828.21354388
-1828.20875420
-1828.20205184
-1828.19508277
-1828.18952203
-1828.18649743
-1828.18632937
-1828.18861323
-1828.19248254
-1828.19691837
-1828.20103439
-1828.20432057
-1828.20676851
-1828.20885277
-1828.21134712
-1828.21503822
-1828.22041486
-1828.22744239
-1828.23548879
-1828.24343183
-1828.24992420
-1828.25373519
-1828.25408256
-1828.25085567
-1828.24467638
-1828.23677379
-1828.22869725
-1828.22194847
-1828.21761951
-1828.21614953
-1828.21726810
-1828.22013635
-1828.22364543
-1828.22676109
-1828.22882718
-1828.22973637
-1828.22993995
-1828.23029663
-1828.23180985
-1828.23531831
-1828.24122024
-1828.24930803
-1828.25877007
-1828.26836704
-1828.27673134
-1828.28271270
-1828.28565143
-1828.28552181
-1828.28552181
-1828.28290917
-1828.28290917
-1828.27885158
-1828.27457794
-1828.27121914
-1828.26954974
-1828.26981876
-1828.27171152
-1828.27445975
-1828.27707231
-1828.27863515
-1828.27858802
-1828.27689650
-1828.27405393
-1828.27091036
-1828.26836876
-1828.26705374
-1828.26706301
-1828.26790318
-1828.26863044
-1828.26815466
-1828.26559550
-1828.26058096
-1828.25339144
-1828.24490644
-1828.23637879
-1828.22910698
-1828.22410382
-1828.22185883
-1828.22226388
-1828.22472401
-1828.22839965
-1828.23249946
-1828.23654040
-1828.24047855
-1828.24468148
-1828.24974227
-1828.25618166
-1828.26413943
-1828.27319773
-1828.28243806
-1828.29071962
-1828.29703330
-1828.30077964
-1828.30187588
-1828.30068039
-1828.29778042
-1828.29372707
-1828.28882193
-1828.28301452
-1828.27595968
-1828.26721360
-1828.25650509
-1828.24399924
-1828.23045662
-1828.21722918
-1828.21722918
-1828.21722918
-1828.14149243
-1828.08224785
-1828.05225219
-1828.05660214
-1828.09139303
-1828.14502421
-1828.20174544
-1828.20174544
-1828.24634524
-1828.26858913
-1828.26858913
-1828.26607614
-1828.24468116
-1828.21645573
-1828.19565424
-1828.19409009
-1828.21725728
-1828.26239755
-1828.31913076
-1828.37245118
-1828.40721089
-1828.41271169
-1828.38601701
-1828.33297702
-1828.26664026
-1828.20352766
-1828.15888037
-1828.14230245
-1828.15511390
-1828.19019517
-1828.23436450
-1828.27252971
-1828.29234563
-1828.28794096
-1828.26159143
-1828.22285585
-1828.18546119
-1828.16290697
-1828.16416096
-1828.19075678
-1828.23619868
-1828.28783753
-1828.33064954
-1828.35177290
-1828.34440946
-1828.30991993
-1828.25746481
-1828.20130304
-1828.15657473
-1828.13484860
-1828.14078641
-1828.17092275
-1828.21491210
-1828.25883184
-1828.28950414
-1828.29851392
-1828.28467883
-1828.25424388
-1828.21877464
-1828.19142369
-1828.18275223
-1828.19739540
-1828.23257063
-1828.27888188
-1828.32316051
-1828.35247632
-1828.35808799
-1828.33810994
-1828.29808416
-1828.29808416
-1828.24928650
-1828.20531553
-1828.17800413
-1828.17391074
-1828.19244590
-1828.22618573
-1828.26326167
-1828.29107017
-1828.30017343
-1828.28719326
-1828.25582083
-1828.21564754
-1828.17916946
-1828.15790272
-1828.15880483
-1828.18212555
-1828.22135122
-1828.26524847
-1828.30134728
-1828.31976753
-1828.31619952
-1828.29314247
-1828.25903222
-1828.22556000
-1828.20401504
-1828.20178370
-1828.22008167
-1828.25360944
-1828.29221429
-1828.32403748
-1828.33915571
-1828.33260133
-1828.30582413
-1828.26617541
-1828.22459402
-1828.19222374
-1828.17703091
-1828.18145679
-1828.20180420
-1828.22951393
-1828.25391135
-1828.26556481
-1828.25923134
-1828.23549243
-1828.20058470
-1828.16449401
-1828.13790009
-1828.12891817
-1828.14064264
-1828.17022993
-1828.20978838
-1828.24878401
-1828.27721552
-1828.28859484
-1828.28182655
-1828.26142564
-1828.23601171
-1828.21556369
-1828.20827456
-1828.21799495
-1828.24304685
-1828.27677217
-1828.30962003
-1828.33212386
-1828.33782151
-1828.32522057
-1828.29822557
-1828.26489583
-1828.23494610
-1828.23494610
-1828.21677050
-1828.21490286
-1828.22869366
-1828.25258759
-1828.27790407
-1828.29554591
-1828.29879771
-1828.28535560
-1828.25798515
-1828.22362923
-1828.19127496
-1828.16925440
-1828.16280052
-1828.17260418
-1828.19477222
-1828.22217196
-1828.24672268
-1828.26190099
-1828.26469737
-1828.25643016
-1828.24219572
-1828.22915361
-1828.22419527
-1828.23171754
-1828.25219002
-1828.28193623
-1828.31419411
-1828.34111584
-1828.35609931
-1828.35574094
-1828.34080719
-1828.31593834
-1828.28817678
-1828.26477657
-1828.25099887
-1828.24858360
-1828.25537848
-1828.26621835
-1828.27477236
-1828.27572914
-1828.26661901
-1828.24867584
-1828.22647105
-1828.20645150
-1828.19485251
-1828.19567084
-1828.20933831
-1828.23252452
-1828.25912722
-1828.28213763
-1828.29578554
-1828.29727820
-1828.28757566
-1828.27096040
-1828.25355518
-1828.24128526
-1828.23794189
-1828.24397967
-1828.25641435
-1828.26984849
-1828.27827228
-1828.27706640
-1828.26456034
-1828.24265803
-1828.21634081
-1828.19220189
-1828.17646634
-1828.17310775
-1828.18263744
-1828.20194490
-1828.22523873
-1828.24580793
-1828.25806426
-1828.25924024
-1828.25022318
-1828.23525709
-1828.22060558
-1828.21256609
-1828.21544836
-1828.23015289
-1828.25380129
-1828.28056152
-1828.30340451
-1828.31625661
-1828.31585254
-1828.30273101
-1828.28105847
-1828.25734266
-1828.23845197
-1828.22952331
-1828.23240827
-1828.24511938
-1828.26244880
-1828.27758026
-1828.28420105
-1828.27849015
-1828.26035989
-1828.23355568
-1828.20457109
-1828.18069232
-1828.16778699
-1828.16853089
-1828.18163710
-1828.20231772
-1828.22381741
-1828.23952981
-1828.24503189
-1828.23941431
-1828.22551781
-1828.20900959
-1828.19660965
-1828.19400582
-1828.20410116
-1828.22610746
-1828.25575019
-1828.28651515
-1828.31155766
-1828.32570070
-1828.32690659
-1828.31677952
-1828.29995920
-1828.28260480
-1828.27046681
-1828.26714697
-1828.27308603
-1828.28556814
-1828.29971671
-1828.31014980
-1828.31275630
-1828.30604161
-1828.29161978
-1828.27370738
-1828.25779074
-1828.24887703
-1828.24990455
-1828.26078420
-1828.27838343
-1828.29746036
-1828.31225572
-1828.31825106
-1828.31353955
-1828.29936994
-1828.27970113
-1828.25991763
-1828.24513560
-1828.23865171
-1828.24102296
-1828.25005116
-1828.26164413
-1828.27126015
-1828.27545171
-1828.27301936
-1828.26540499
-1828.25619513
-1828.24990943
-1828.25046820
-1828.25984657
-1828.27734196
-1828.29967798
-1828.32191089
-1828.33884570
-1828.34653769
-1828.34341645
-1828.33069581
-1828.31194201
-1828.29192930
-1828.27516156
-1828.26451169
-1828.26042125
-1828.26090663
-1828.26236015
-1828.26087562
-1828.25367520
-1828.24015811
-1828.22223973
-1828.20387274
-1828.18988551
-1828.18449139
-1828.18991251
-1828.20555051
-1828.22800996
-1828.25202507
-1828.27200136
-1828.28366312
-1828.28524974
-1828.27792489
-1828.26529070
-1828.25217249
-1828.24306988
-1828.24073532
-1828.24533233
-1828.25443683
-1828.26387886
-1828.26916727
-1828.26703444
-1828.25660382
-1828.23979638
-1828.22082702
-1828.20494583
-1828.19682213
-1828.19908158
-1828.21146289
-1828.23086592
-1828.25227028
-1828.27023857
-1828.28052670
-1828.28130972
-1828.27364258
-1828.26102611
-1828.24822486
-1828.23971907
-1828.23827891
-1828.24410957
-1828.25483275
-1828.26629580
-1828.27396063
-1828.27442584
-1828.26659768
-1828.25214109
-1828.23505302
-1828.22049485
-1828.21322419
-1828.21612827
-1828.22931048
-1828.25002103
-1828.27346106
-1828.29420761
-1828.30782129
-1828.31212006
-1828.30773179
-1828.29775923
-1828.28666515
-1828.27875341
-1828.27672396
-1828.28076381
-1828.28847192
-1828.29564936
-1828.29771178
-1828.29126834
-1828.27535785
-1828.25192842
-1828.22538750
-1828.20135267
-1828.18498881
-1828.17946124
-1828.18499861
-1828.19886271
-1828.21623869
-1828.23176552
-1828.24121572
-1828.24279862
-1828.23766732
-1828.22947476
-1828.22312298
-1828.22309633
-1828.23191627
-1828.24920689
-1828.27168494
-1828.29409728
-1828.31082896
-1828.31767214
-1828.31319047
-1828.29922048
-1828.28033396
-1828.26242442
-1828.25085933
-1828.24878563
-1828.25613166
-1828.26962679
-1828.28384399
-1828.29294414
-1828.29258057
-1828.28135784
-1828.26137371
-1828.23766161
-1828.21669766
-1828.20441912
-1828.20437506
-1828.21658211
-1828.23745487
-1828.26086000
-1828.27998450
-1828.28945036
-1828.28700805
-1828.27427951
-1828.25629386
-1828.23993533
-1828.23176669
-1828.23589239
-1828.25253540
-1828.27780376
-1828.30475526
-1828.32546500
-1828.33346569
-1828.32579595
-1828.30400058
-1828.27374898
-1828.24317101
-1828.22041389
-1828.21116849
-1828.21692289
-1828.23450236
-1828.25704470
-1828.27612958
-1828.28441239
-1828.27794607
-1828.25746284
-1828.22820728
-1828.19837444
-1828.17662209
-1828.16942169
-1828.17907190
-1828.20296397
-1828.23435824
-1828.26441505
-1828.28488590
-1828.29062703
-1828.28117257
-1828.26087355
-1828.23755573
-1828.22009772
-1828.21566487
-1828.22744931
-1828.25361195
-1828.28775173
-1828.32077551
-1828.32077551
-1828.34358418
-1828.34977331
-1828.33751788
-1828.31008049
-1828.27479070
-1828.24081987
-1828.21642013
-1828.20647656
-1828.21110847
-1828.22574485
-1828.24264689
-1828.25341282
-1828.25169757
-1828.23530718
-1828.20702229
-1828.17387399
-1828.14508650
-1828.12929394
-1828.13189654
-1828.15336187
-1828.18901864
-1828.23040751
-1828.26778202
-1828.29298002
-1828.30179093
-1828.29508916
-1828.27839180
-1828.25998803
-1828.24824351
-1828.24891186
-1828.26329185
-1828.28779675
-1828.31506683
-1828.33627164
-1828.34389946
-1828.33416569
-1828.30827515
-1828.27215364
-1828.23470728
-1828.20515553
-1828.19025558
-1828.19228988
-1828.20843504
-1828.23171511
-1828.25323373
-1828.26498264
-1828.26234976
-1828.24554494
-1828.21950820
-1828.19234053
-1828.17274445
-1828.16727581
-1828.17826043
-1828.20301627
-1828.23463870
-1828.26409947
-1828.28300628
-1828.28617115
-1828.27318800
-1828.24854306
-1828.22023418
-1828.19731612
-1828.18711811
-1828.19298763
-1828.21325174
-1828.24174862
-1828.26976225
-1828.28877561
-1828.29316702
-1828.28199791
-1828.25934013
-1828.23303068
-1828.21224475
-1828.20462746
-1828.21386800
-1828.23847053
-1828.27212305
-1828.30557255
-1828.32944270
-1828.33711782
-1828.32681104
-1828.30214663
-1828.27106394
-1828.24336599
-1828.22765527
-1828.22861989
-1828.24551471
-1828.27233679
-1828.29966254
-1828.31757805
-1828.31880477
-1828.30103727
-1828.26777986
-1828.22740133
-1828.19069120
-1828.16762926
-1828.16435664
-1828.18125457
-1828.21277264
-1828.24912056
-1828.27932448
-1828.29469972
-1828.29159644
-1828.27256318
-1828.24554263
-1828.22136283
-1828.21029122
-1828.21874226
-1828.24714607
-1828.28965692
-1828.33579552
-1828.37352128
-1828.39282016
-1828.38871917
-1828.36280756
-1828.32278432
-1828.28015225
-1828.24674351
-1828.23114249
-1828.23610581
-1828.25777744
-1828.28695621
-1828.31201503
-1828.32258108
-1828.31283957
-1828.28345018
-1828.24147856
-1828.19833907
-1828.16635765
-1828.15500419
-1828.16794580
-1828.20184365
-1828.24727175
-1828.29149443
-1828.32226988
-1828.33152886
-1828.31779358
-1828.28660209
-1828.24878798
-1828.21713464
-1828.20242685
-1828.21010125
-1828.23852544
-1828.27943917
-1828.32045024
-1828.34882536
-1828.35543252
-1828.33759858
-1828.29998181
-1828.25318440
-1828.21052344
-1828.18397068
-1828.18050590
-1828.20000925
-1828.23533212
-1828.27451446
-1828.30446967
-1828.31501253
-1828.30199999
-1828.26862651
-1828.22446962
-1828.18258639
-1828.15553031
-1828.15151563
-1828.17189774
-1828.21074774
-1828.25665143
-1828.29618743
-1828.31801062
-1828.31628606
-1828.29242085
-1828.25456110
-1828.21502932
-1828.18649219
-1828.17804335
-1828.19239614
-1828.22504853
-1828.26566366
-1828.30124204
-1828.32010485
-1828.31546939
-1828.28753877
-1828.24347137
-1828.19524636
-1828.15607662
-1828.13644441
-1828.14095243
-1828.16696211
-1828.20545197
-1828.24384279
-1828.26990616
-1828.27551130
-1828.25906457
-1828.22590662
-1828.18657524
-1828.15348698
-1828.13706402
-1828.14249626
-1828.16813647
-1828.20600170
-1828.24423822
-1828.27076994
-1828.27702481
-1828.26057537
-1828.22590323
-1828.18304136
-1828.14452858
-1828.12161249
-1828.12088511
-1828.14238013
-1828.17969624
-1828.22207681
-1828.25777623
-1828.27765788
-1828.27791794
-1828.26111132
-1828.23519158
-1828.21088376
-1828.19822666
-1828.20337406
-1828.22663686
-1828.26237431
-1828.30073636
-1828.33070416
-1828.34348419
-1828.33520757
-1828.30811761
-1828.26989193
-1828.23131983
-1828.20306195
-1828.19247965
-1828.20150095
-1828.22616575
-1828.25796343
-1828.28654000
-1828.30291906
-1828.30224888
-1828.28522303
-1828.25776462
-1828.22908076
-1828.20870427
-1828.20344584
-1828.21520874
-1828.24035130
-1828.27080808
-1828.29662399
-1828.30910339
-1828.30359051
-1828.28099568
-1828.24759076
-1828.21312551
-1828.18785970
-1828.17943070
-1828.19053882
-1828.21814590
-1828.25443895
-1828.28924207
-1828.31311460
-1828.32019202
-1828.30989052
-1828.28696831
-1828.25992885
-1828.23828175
-1828.22951720
-1828.23674525
-1828.25772831
-1828.28560083
-1828.31103677
-1828.32519109
-1828.32248748
-1828.30240318
-1828.26970606
-1828.23306418
-1828.20246987
-1828.18625614
-1828.18861707
-1828.20839134
-1828.23947154
-1828.27270576
-1828.29870827
-1828.31070126
-1828.30652110
-1828.28917619
-1828.26579897
-1828.24532051
-1828.23560178
-1828.24091041
-1828.26053431
-1828.28896584
-1828.31759265
-1828.33736061
-1828.34159120
-1828.32808122
-1828.29983664
-1828.26421888
-1828.23076251
-1828.20832797
-1828.20247815
-1828.21387309
-1828.23817986
-1828.26750206
-1828.29287286
-1828.30702685
-1828.30659430
-1828.29304326
-1828.27210359
-1828.25186048
-1828.24013056
-1828.24194785
-1828.25795099
-1828.28416096
-1828.31320377
-1828.33659258
-1828.34733443
-1828.34206582
-1828.32205607
-1828.29278979
-1828.26227624
-1828.23862231
-1828.22761297
-1828.23102891
-1828.24620341
-1828.24620341
-1828.26693760
-1828.28548316
-1828.29498969
-1828.29165305
-1828.27590090
-1828.25224008
-1828.22781429
-1828.21012913
-1828.20466743
-1828.21313245
-1828.23287215
-1828.25766220
-1828.27961221
-1828.29160653
-1828.28952984
-1828.27357597
-1828.24823530
-1828.22095621
-1828.19989545
-1828.19144883
-1828.19833187
-1828.21879331
-1828.24720216
-1828.27581986
-1828.29719467
-1828.30644068
-1828.30268510
-1828.28925364
-1828.27253823
-1828.25991589
-1828.25737228
-1828.26756950
-1828.28895193
-1828.31616885
-1828.34167256
-1828.35800767
-1828.36007992
-1828.34670801
-1828.32098842
-1828.28936655
-1828.25971069
-1828.23897744
-1828.23118757
-1828.23631444
-1828.25041388
-1828.26693182
-1828.27877973
-1828.28053864
-1828.27011425
-1828.24935743
-1828.22346699
-1828.22346699
-1828.19937401
-1828.18361518
-1828.18034004
-1828.19006636
-1828.20955988
-1828.23286336
-1828.25315157
-1828.26484033
-1828.26529196
-1828.25559581
-1828.24018962
-1828.22542702
-1828.21755148
-1828.22070827
-1828.23562246
-1828.25934439
-1828.28613819
-1828.30921808
-1828.32279570
-1828.32379832
-1828.31273214
-1828.29343324
-1828.27181690
-1828.25401591
-1828.24450777
-1828.24479936
-1828.25304855
-1828.26472771
-1828.27410327
-1828.27609323
-1828.26794932
-1828.25022047
-1828.22668033
-1828.20322003
-1828.18605884
-1828.17983960
-1828.18621113
-1828.20334600
-1828.22652938
-1828.24963062
-1828.26697144
-1828.27500562
-1828.27328953
-1828.26445461
-1828.25322583
-1828.24481313
-1828.24319418
-1828.24983670
-1828.26324773
-1828.27948493
-1828.29343914
-1828.30047870
-1828.29792147
-1828.28587851
-1828.26721119
-1828.24664034
-1828.22930287
-1828.21922150
-1828.21814964
-1828.22513482
-1828.23691544
-1828.24901307
-1828.25718157
-1828.25875331
-1828.25347046
-1828.24353700
-1828.23288822
-1828.22589797
-1828.22595244
-1828.23432500
-1828.24970104
-1828.26850733
-1828.28594509
-1828.29742182
-1828.29993536
-1828.29296925
-1828.27859860
-1828.26079623
-1828.24416432
-1828.23250670
-1828.22770239
-1828.22922080
-1828.23442668
-1828.23955178
-1828.24101965
-1828.23668272
-1828.22657416
-1828.21293921
-1828.19953997
-1828.19046401
-1828.18881630
-1828.19570744
-1828.20985168
-1828.22790178
-1828.24541497
-1828.25815149
-1828.26330330
-1828.26027078
-1828.25075230
-1828.23812772
-1828.22634329
-1828.21864996
-1828.21660285
-1828.21962934
-1828.22529407
-1828.23016110
-1828.23097042
-1828.22576019
-1828.21456839
-1828.19951258
-1828.18420056
-1828.17266524
-1828.16814136
-1828.17208792
-1828.18375143
-1828.20042442
-1828.21830893
-1828.23370517
-1828.24414840
-1828.24911892
-1828.25010305
-1828.24998745
-1828.25199176
-1828.25849545
-1828.27014460
-1828.28553653
-1828.30157646
-1828.31439920
-1828.32055121
-1828.31806465
-1828.30708601
-1828.28985984
-1828.27007719
-1828.25178038
-1828.23816572
-1828.23066246
-1828.22858049
-1828.22944856
-1828.22992248
-1828.22697143
-1828.21893809
-1828.20613789
-1828.19081109
-1828.17644934
-1828.16672022
-1828.16432355
-1828.17013534
-1828.18291378
-1828.19965152
-1828.21646863
-1828.22976786
-1828.23728468
-1828.23872592
-1828.23579072
-1828.23157617
-1828.22953679
-1828.23231737
-1828.24083806
-1828.25393264
-1828.26867299
-1828.28128525
-1828.28836820
-1828.28802105
-1828.28051168
-1828.26825777
-1828.25511794
-1828.24520756
-1828.24162584
-1828.24549626
-1828.25562978
-1828.26891036
-1828.28127845
-1828.28898825
-1828.28975574
-1828.28345008
-1828.27213305
-1828.25942339
-1828.24935931
-1828.24510069
-1828.24787371
-1828.25652819
-1828.26784950
-1828.27754960
-1828.28162919
-1828.27767357
-1828.26568022
-1828.24813795
-1828.22933267
-1828.21407683
-1828.20625820
-1828.20765011
-1828.21736239
-1828.23211211
-1828.24723717
-1828.25814015
-1828.26171155
-1828.25729480
-1828.24688762
-1828.23450897
-1828.22491898
-1828.22207524
-1828.22782454
-1828.24124168
-1828.25885123
-1828.27567439
-1828.28679053
-1828.28891523
-1828.28148100
-1828.26686132
-1828.24964792
-1828.23520217
-1828.22796000
-1828.23004372
-1828.24062084
-1828.25619641
-1828.27173288
-1828.28222612
-1828.28425859
-1828.27706076
-1828.26276215
-1828.24574062
-1828.23126276
-1828.22382217
-1828.22568919
-1828.23612907
-1828.25154043
-1828.26649054
-1828.27534823
-1828.27402807
-1828.26132860
-1828.23942563
-1828.21334413
-1828.18954549
-1828.17404267
-1828.17062860
-1828.17977007
-1828.19849076
-1828.22129297
-1828.24182405
-1828.25478581
-1828.25751109
-1828.25072454
-1828.23825865
-1828.22580033
-1828.21905147
-1828.22186828
-1828.23495983
-1828.25556348
-1828.27821169
-1828.29638257
-1828.30452498
-1828.29982804
-1828.28316826
-1828.25891863
-1828.23367400
-1828.21427491
-1828.20576112
-1828.20987786
-1828.22460479
-1828.24484689
-1828.26405120
-1828.27624653
-1828.27787134
-1828.26883055
-1828.25246868
-1828.23447158
-1828.22104397
-1828.21692349
-1828.22385255
-1828.23997059
-1828.26031613
-1828.27828018
-1828.28757365
-1828.28411275
-1828.26725965
-1828.24004252
-1828.20830028
-1828.17900544
-1828.15828480
-1828.14972366
-1828.15344920
-1828.16625062
-1828.18268286
-1828.19681751
-1828.20410486
-1828.20278912
-1828.19445077
-1828.18348801
-1828.17569734
-1828.17638586
-1828.18859605
-1828.21201287
-1828.24290189
-1828.27510114
-1828.30177699
-1828.31739371
-1828.31930180
-1828.30845935
-1828.28907024
-1828.26724561
-1828.24911636
-1828.23896965
-1828.23798269
-1828.24394437
-1828.25205376
-1828.25653978
-1828.25260863
-1828.23810436
-1828.21435749
-1828.18593784
-1828.15937553
-1828.14124683
-1828.13620477
-1828.14557783
-1828.16694914
-1828.19484051
-1828.22229552
-1828.24287912
-1828.25251646
-1828.25060388
-1828.24007871
-1828.22641681
-1828.21587237
-1828.21351088
-1828.22163478
-1828.23907350
-1828.26154529
-1828.28296614
-1828.29730876
-1828.30044450
-1828.29143251
-1828.27286057
-1828.25013987
-1828.22994787
-1828.21827660
-1828.21866684
-1828.23116246
-1828.25229385
-1828.27609780
-1828.29587512
-1828.30616584
-1828.30434813
-1828.29137546
-1828.27143272
-1828.25061178
-1828.23502526
-1828.22893579
-1828.23346254
-1828.24626113
-1828.26226601
-1828.27528022
-1828.27994184
-1828.27345469
-1828.25654851
-1828.23334719
-1828.21017567
-1828.19366868
-1828.18877758
-1828.19728048
-1828.21725104
-1828.24363468
-1828.26974753
-1828.28923945
-1828.29792272
-1828.29492988
-1828.28285501
-1828.26685750
-1828.25299896
-1828.24633787
-1828.24934638
-1828.26113955
-1828.27773690
-1828.29328053
-1828.30183451
-1828.29921722
-1828.28431704
-1828.25950750
-1828.23003072
-1828.20254042
-1828.18323700
-1828.17613245
-1828.18196296
-1828.19805952
-1828.21920789
-1828.23924863
-1828.25293798
-1828.25751753
-1828.25350805
-1828.24449582
-1828.23595885
-1828.23348522
-1828.24092517
-1828.25904265
-1828.28509776
-1828.31351675
-1828.33746065
-1828.35082977
-1828.35006626
-1828.33520257
-1828.30983834
-1828.28006947
-1828.25271660
-1828.23338813
-1828.22495200
-1828.22685979
-1828.23549646
-1828.24543798
-1828.25121307
-1828.24902198
-1828.23789976
-1828.21997792
-1828.19979376
-1828.18286480
-1828.17399235
-1828.17579143
-1828.18790440
-1828.20709839
-1828.22821483
-1828.24565905
-1828.25499328
-1828.25416958
-1828.24407129
-1828.22821210
-1828.21169985
-1828.19975924
-1828.19623640
-1828.20251873
-1828.21718358
-1828.23645818
-1828.25536970
-1828.26922422
-1828.27498495
-1828.27214246
-1828.26283009
-1828.25115022
-1828.24193473
-1828.23929422
-1828.24539692
-1828.25982254
-1828.27967743
-1828.30042062
-1828.31714705
-1828.32594406
-1828.32493053
-1828.31469155
-1828.29800412
-1828.27895237
-1828.26170850
-1828.24933909
-1828.24299054
-1828.24168553
-1828.24278682
-1828.24296944
-1828.23938903
-1828.23065775
-1828.21732728
-1828.20173499
-1828.18730305
-1828.17752242
-1828.17494839
-1828.18049174
-1828.19319361
-1828.21051489
-1828.22904256
-1828.24539369
-1828.25707996
-1828.26309864
-1828.26410378
-1828.26212547
-1828.25991259
-1828.26009831
-1828.26441034
-1828.27316773
-1828.28519477
-1828.29818467
-1828.30939522
-1828.31646252
-1828.31809016
-1828.31440754
-1828.30691649
-1828.29804832
-1828.29048182
-1828.28641702
-1828.28698544
-1828.29195780
-1828.29981979
-1828.30819513
-1828.31450159
-1828.31666059
-1828.31365481
-1828.30578487
-1828.29455252
-1828.28221225
-1828.27113148
-1828.26314383
-1828.25907430
-1828.25856321
-1828.26023232
-1828.26212000
-1828.26226662
-1828.25928036
-1828.25274415
-1828.24336291
-1828.23282198
-1828.22338094
-1828.21730187
-1828.21623896
-1828.22076024
-1828.23012660
-1828.24240947
-1828.25492504
-1828.26489840
-1828.27018000
-1828.26982880
-1828.26438208
-1828.25572105
-1828.25572105
-1828.24655910
-1828.23970173
-1828.23727598
-1828.24016234
-1828.24776136
-1828.25817568
-1828.26875726
-1828.27687505
-1828.28068915
-1828.27969754
-1828.27489367
-1828.26846949
-1828.26314453
-1828.26131996
-1828.26431730
-1828.27193130
-1828.28244854
-1828.29312028
-1828.30096006
-1828.30362506
-1828.30010803
-1828.29105087
-1828.27856971
-1828.26565393
-1828.25530666
-1828.24968597
-1828.24948302
-1828.25372423
-1828.26006254
-1828.26546401
-1828.26711472
-1828.26327211
-1828.25383122
-1828.24042260
-1828.22600969
-1828.21409082
-1828.20774138
-1828.20876721
-1828.21720739
-1828.23132052
-1828.24805858
-1828.26389663
-1828.27579759
-1828.28203921
-1828.28266372
-1828.27940538
-1828.27510792
-1828.27280556
-1828.27474543
-1828.28165773
-1828.29249041
-1828.30470052
-1828.31501612
-1828.32043383
-1828.31915846
-1828.31118765
-1828.29835902
-1828.28383661
-1828.27119428
-1828.26336253
-1828.26176775
-1828.26590827
-1828.27350816
-1828.28119078
-1828.28548499
-1828.28386025
-1828.27550451
-1828.26159999
-1828.24502909
-1828.22957769
-1828.21887662
-1828.21538216
-1828.21968459
-1828.23035229
-1828.24435125
-1828.25791728
-1828.26763776
-1828.26763776
-1828.27141702
-1828.26905017
-1828.26222263
-1828.25393197
-1828.24751281
-1828.24556055
-1828.24909362
-1828.25721670
-1828.26738751
-1828.27620473
-1828.28046866
-1828.27818065
-1828.26916571
-1828.25513295
-1828.23915964
-1828.22476533
-1828.21486541
-1828.21092469
-1828.21255280
-1828.21767485
-1828.22321919
-1828.22611497
-1828.22429209
-1828.21737662
-1828.20684350
-1828.19559252
-1828.18705981
-1828.18414954
-1828.18830863
-1828.19903264
-1828.21395653
-1828.22950327
-1828.24190108
-1828.24824883
-1828.24732085
-1828.23986315
-1828.22831416
-1828.21604388
-1828.20635569
-1828.20154111
-1828.20226296
-1828.20742971
-1828.21459118
-1828.22072406
-1828.22317657
-1828.22048631
-1828.21282472
-1828.20194544
-1828.19064754
-1828.18192325
-1828.17805988
-1828.17995999
-1828.18689858
-1828.19677073
-1828.20676285
-1828.21421628
-1828.21742240
-1828.21610258
-1828.21143205
-1828.20561678
-1828.20115550
-1828.20003711
-1828.20310876
-1828.20981436
-1828.21839008
-1828.22643132
-1828.23166987
-1828.23269066
-1828.22936250
-1828.22285721
-1828.21525617
-1828.20887763
-1828.20556153
-1828.20612531
-1828.21016348
-1828.21623733
-1828.22237982
-1828.22674640
-1828.22819969
-1828.22664575
-1828.22302911
-1828.21899597
-1828.21634979
-1828.21646242
-1828.21983241
-1828.22592354
-1828.23332524
-1828.24019017
-1828.24480288
-1828.24610904
-1828.24404330
-1828.23954734
-1828.23427315
-1828.23005246
-1828.22830724
-1828.22957853
-1828.23333673
-1828.23813361
-1828.24206140
-1828.24337313
-1828.24105885
-1828.23519922
-1828.22697842
-1828.21834369
-1828.21141459
-1828.20782626
-1828.20822102
-1828.21203504
-1828.21767347
-1828.22300624
-1828.22604683
-1828.22559770
-1828.22166326
-1828.21547981
-1828.20914620
-1828.20496765
-1828.20470997
-1828.20901963
-1828.21718522
-1828.22731628
-1828.23687612
-1828.24340512
-1828.24522299
-1828.24191026
-1828.23443216
-1828.22486353
-1828.21577637
-1828.20947821
-1828.20732925
-1828.20936061
-1828.21431117
-1828.22007417
-1828.22440477
-1828.22567198
-1828.22340289
-1828.21844607
-1828.21270150
-1828.20849759
-1828.20781798
-1828.21162991
-1828.21954016
-1828.22988573
-1828.24024018
-1828.24816642
-1828.25197297
-1828.25124273
-1828.24694705
-1828.24111561
-1828.23616135
-1828.23407474
-1828.23574035
-1828.24059956
-1828.24676495
-1828.25157179
-1828.25241215
-1828.24760695
-1828.23704239
-1828.22234599
-1828.20652424
-1828.19313667
-1828.18524565
-1828.18446911
-1828.19044505
-1828.20089616
-1828.21230432
-1828.22097916
-1828.22421174
-1828.22113201
-1828.21299893
-1828.20281584
-1828.19438104
-1828.19106882
-1828.19471922
-1828.20499158
-1828.21938550
-1828.23394570
-1828.24445277
-1828.24774666
-1828.24277845
-1828.23104948
-1828.21625844
-1828.20323869
-1828.19648954
-1828.19875602
-1828.21010720
-1828.22780965
-1828.24706562
-1828.26239634
-1828.26926410
-1828.26543783
-1828.25169702
-1828.23164915
-1828.21071831
-1828.19459000
-1828.18756287
-1828.19128277
-1828.20424038
-1828.22219511
-1828.23942306
-1828.25042935
-1828.25162962
-1828.24249533
-1828.22580300
-1828.20688925
-1828.19211356
-1828.18696779
-1828.19440205
-1828.21386214
-1828.24135304
-1828.27049745
-1828.29430466
-1828.30713204
-1828.30627756
-1828.29273208
-1828.27085872
-1828.24708546
-1828.22798960
-1828.21836642
-1828.21985827
-1828.23057233
-1828.24579155
-1828.25953579
-1828.26649605
-1828.26373794
-1828.25165199
-1828.23386952
-1828.21616634
-1828.20468895
-1828.20405741
-1828.21591817
-1828.23837624
-1828.26647352
-1828.29357041
-1828.31320005
-1828.32086527
-1828.31523906
-1828.29844032
-1828.27531387
-1828.25195649
-1828.23392813
-1828.22468932
-1828.22470265
-1828.23145629
-1828.24037845
-1828.24635858
-1828.24541146
-1828.23596928
-1828.21942349
-1828.19975762
-1828.18239203
-1828.17258723
-1828.17388590
-1828.18703599
-1828.20971979
-1828.23715645
-1828.26340260
-1828.28297476
-1828.29232084
-1828.29071982
-1828.28034943
-1828.26552158
-1828.25131956
-1828.24206130
-1828.24005037
-1828.24499515
-1828.25423721
-1828.26370309
-1828.26925983
-1828.26804549
-1828.25937558
-1828.24494837
-1828.22830984
-1828.21375664
-1828.20501798
-1828.20414012
-1828.21089816
-1828.22291239
-1828.23641542
-1828.24741747
-1828.25290826
-1828.25174237
-1828.24495538
-1828.23543142
-1828.22703477
-1828.22344073
-1828.22702791
-1828.23814357
-1828.25497882
-1828.27407320
-1828.29130133
-1828.30303179
-1828.30712372
-1828.30347672
-1828.29398679
-1828.28192931
-1828.27096280
-1828.26404151
-1828.26256447
-1828.26600851
-1828.27215382
-1828.27782348
-1828.27991859
-1828.27643073
-1828.26711953
-1828.25364455
-1828.23910456
-1828.22712664
-1828.22078269
-1828.22167756
-1828.22948490
-1828.24207476
-1828.25618454
-1828.26841602
-1828.27624402
-1828.27872933
-1828.27671624
-1828.27247201
-1828.26888033
-1828.26846131
-1828.27251846
-1828.28068426
-1828.29100662
-1828.30053644
-1828.30623388
-1828.30591053
-1828.29890590
-1828.28629285
-1828.27055522
-1828.25485050
-1828.24210475
-1828.23422402
-1828.23165693
-1828.23341745
-1828.23752995
-1828.24173685
-1828.24424845
-1828.24430800
-1828.24240697
-1828.24008821
-1828.23940530
-1828.24220119
-1828.24942607
-1828.26071266
-1828.27433961
-1828.28761112
-1828.29753699
-1828.30163538
-1828.29861399
-1828.28873509
-1828.27376125
-1828.25649073
-1828.24001176
-1828.22690152
-1828.21858799
-1828.21506345
-1828.21500878
-1828.21629131
-1828.21668385
-1828.21458185
-1828.20951747
-1828.20231076
-1828.19481475
-1828.18933742
-1828.18791718
-1828.19168112
-1828.20047249
-1828.21286475
-1828.22655242
-1828.23899848
-1828.24813464
-1828.25291437
-1828.25354547
-1828.25135489
-1828.24833234
-1828.24650583
-1828.24733471
-1828.25130356
-1828.25781673
-1828.26541620
-1828.27223033
-1828.27651764
-1828.27713988
-1828.27385131
-1828.26734247
-1828.25902933
-1828.25066612
-1828.24387832
-1828.23976226
-1828.23864556
-1828.24005911
-1828.24291157
-1828.24580965
-1828.24744822
-1828.24697004
-1828.24419740
-1828.23967347
-1828.23450096
-1828.23001992
-1828.22743521
-1828.22748903
-1828.23027736
-1828.23525345
-1828.24140706
-1828.24755284
-1828.25264077
-1828.25600142
-1828.25745727
-1828.25729369
-1828.25609924
-1828.25454909
-1828.25319399
-1828.25232581
-1828.25194137
-1828.25180552
-1828.25157014
-1828.25091314
-1828.24965024
-1828.24779457
-1828.24555305
-1828.24326148
-1828.24128043
-1828.23987403
-1828.23911352
-1828.23884670
-1828.23875383
-1828.23847223
-1828.23772342
-1828.23639187
-1828.23452372
-1828.23228151
-1828.22987187
-1828.22748088
-1828.22523260
-1828.22316163
-1828.22121223
-1828.21925527
-1828.21714159
-1828.21478538
-1828.21225155
-1828.20979933
-1828.20784213
-1828.20682933
-1828.20709270
-1828.20871159
-1828.21146451
-1828.21487511
-1828.21836067
-1828.22141942
-1828.22381607
-1828.22568548
-1828.22752674
-1828.23007047
-1828.23405230
-1828.23995842
-1828.24781228
-1828.25706947
-1828.26666842
-1828.27524422
-1828.28146082
-1828.28437234
-1828.28370548
-1828.27996373
-1828.27430487
-1828.26821809
-1828.26308404
-1828.25974509
-1828.25822158
-1828.25767265
-1828.25664410
-1828.25352700
-1828.24708477
-1828.23688105
-1828.22347759
-1828.20835041
-1828.19355288
-1828.18122327
-1828.17306231
-1828.16992890
-1828.17166054
-1828.17718689
-1828.18489632
-1828.19315851
-1828.20083014
-1828.20758204
-1828.21395479
-1828.22111863
-1828.23041650
-1828.24282134
-1828.25847308
-1828.27645184
-1828.29487756
-1828.31131181
-1828.32334592
-1828.32920433
-1828.32819399
-1828.32089468
-1828.30902294
-1828.29501107
-1828.28139568
-1828.27019497
-1828.26244616
-1828.25804057
-1828.25590473
-1828.25446422
-1828.25223486
-1828.24835343
-1828.24287478
-1828.23674188
-1828.23146858
-1828.22864143
-1828.22942111
-1828.23418088
-1828.24238700
-1828.25272773
-1828.26344341
-1828.27274438
-1828.27921373
-1828.28209325
-1828.28139514
-1828.27783883
-1828.27264973
-1828.26726560
-1828.26301799
-1828.26086639
-1828.26122499
-1828.26392787
-1828.26833072
-1828.27351347
-1828.27853842
-1828.28269322
-1828.28565909
-1828.28757019
-1828.28894031
-1828.29048743
-1828.29290155
-1828.29661744
-1828.30163090
-1828.30740055
-1828.31284361
-1828.31648365
-1828.31677503
-1828.31254533
-1828.30339805
-1828.28992060
-1828.27362025
-1828.25660184
-1828.24108399
-1828.22888608
-1828.22101596
-1828.21748707
-1828.21739886
-1828.21925687
-1828.22142845
-1828.22261135
-1828.22218104
-1828.22033019
-1828.21796585
-1828.21639720
-1828.21689945
-1828.22028667
-1828.22660709
-1828.23505435
-1828.24411525
-1828.25192332
-1828.25673017
-1828.25737045
-1828.25360172
-1828.24620959
-1828.23684375
-1828.22761002
-1828.22054717
-1828.21711681
-1828.21785776
-1828.22228649
-1828.22906539
-1828.23639489
-1828.24251577
-1828.24619385
-1828.24702897
-1828.24551841
-1828.24284085
-1828.24043072
-1828.23946988
-1828.24046378
-1828.24302394
-1828.24593463
-1828.24748702
-1828.24599038
-1828.24030876
-1828.23028059
-1828.21687506
-1828.20205250
-1828.18834998
-1828.17830364
-1828.17386133
-1828.17591944
-1828.18411079
-1828.19689313
-1828.21192481
-1828.22663278
-1828.23883199
-1828.24723410
-1828.25170716
-1828.25321725
-1828.25345682
-1828.25426485
-1828.25701002
-1828.26212239
-1828.26892453
-1828.27581697
-1828.28075456
-1828.28185044
-1828.27793414
-1828.26890907
-1828.25583805
-1828.24072841
-1828.22606587
-1828.21420027
-1828.20674394
-1828.20416311
-1828.20568528
-1828.20956570
-1828.21364971
-1828.21605746
-1828.21578481
-1828.21302440
-1828.20911598
-1828.20613445
-1828.20625315
-1828.21106884
-1828.22107784
-1828.23545175
-1828.25217204
-1828.26849720
-1828.28166288
-1828.28963381
-1828.29168626
-1828.28862012
-1828.28250130
-1828.27602032
-1828.27166134
-1828.27094454
-1828.27396868
-1828.27939532
-1828.28486602
-1828.28773715
-1828.28592187
-1828.27858193
-1828.26645653
-1828.25171969
-1828.23739487
-1828.22650133
-1828.22118981
-1828.22213480
-1828.22835559
-1828.23753446
-1828.24672760
-1828.25326012
-1828.25552304
-1828.25343838
-1828.24843871
-1828.24297144
-1828.23967983
-1828.24050623
-1828.24601065
-1828.25511088
-1828.26535299
-1828.27363867
-1828.27718568
-1828.27443256
-1828.26559204
-1828.25267743
-1828.23898511
-1828.22817830
-1828.22325324
-1828.22568355
-1828.23499794
-1828.24891377
-1828.26397119
-1828.27650985
-1828.28370265
-1828.28434413
-1828.27917950
-1828.27065372
-1828.26216373
-1828.25701608
-1828.25740752
-1828.26372681
-1828.27440036
-1828.28633931
-1828.29586095
-1828.29980223
-1828.29648241
-1828.28619890
-1828.27113142
-1828.25468433
-1828.24051893
-1828.23154072
-1828.22912974
-1828.23279245
-1828.24034621
-1828.24858755
-1828.25426763
-1828.25508664
-1828.25039836
-1828.24141659
-1828.23083889
-1828.22201072
-1828.21787097
-1828.22001609
-1828.22817644
-1828.24028989
-1828.25313392
-1828.26330740
-1828.26822698
-1828.26683662
-1828.25985873
-1828.24952893
-1828.23893896
-1828.23115553
-1828.22837055
-1828.23129271
-1828.23896982
-1828.24909601
-1828.25872973
-1828.26519033
-1828.26685712
-1828.26361086
-1828.25680043
-1828.24874851
-1828.24198333
-1828.23843571
-1828.23885071
-1828.24258131
-1828.24780030
-1828.25205262
-1828.25299558
-1828.24911085
-1828.24019449
-1828.22746414
-1828.21324169
-1828.20029322
-1828.19103270
-1828.18684071
-1828.18770817
-1828.19231402
-1828.19849804
-1828.20398156
-1828.20709359
-1828.20729719
-1828.20532425
-1828.20291248
-1828.20220076
-1828.20499436
-1828.21212995
-1828.22314884
-1828.23638551
-1828.24944402
-1828.25990993
-1828.26606978
-1828.26740253
-1828.26468578
-1828.25966724
-1828.25443793
-1828.25073389
-1828.24943235
-1828.25037599
-1828.25253888
-1828.25443160
-1828.25461176
-1828.25215540
-1828.24696504
-1828.23983652
-1828.23226161
-1828.22602953
-1828.22272407
-1828.22322249
-1828.22734720
-1828.23383023
-1828.24068091
-1828.24584689
-1828.24788487
-1828.24639697
-1828.24211296
-1828.23663714
-1828.23194253
-1828.22974742
-1828.23096079
-1828.23536236
-1828.24163402
-1828.24773503
-1828.25152326
-1828.25142893
-1828.24698432
-1828.23901871
-1828.22943888
-1828.22065782
-1828.21485313
-1828.21331572
-1828.21609436
-1828.22204848
-1828.22925922
-1828.23566379
-1828.23972047
-1828.24089096
-1828.23980301
-1828.23802057
-1828.23751465
-1828.23998145
-1828.24622652
-1828.25579021
-1828.26694396
-1828.27707913
-1828.28340452
-1828.28374767
-1828.27722923
-1828.26458133
-1828.24800198
-1828.23058166
-1828.21546147
-1828.20497700
-1828.20004767
-1828.20001126
-1828.20294915
-1828.20639602
-1828.20819420
-1828.20720370
-1828.20366967
-1828.19913590
-1828.19593913
-1828.19643603
-1828.20220162
-1828.21344179
-1828.22882675
-1828.24579872
-1828.26126790
-1828.27247990
-1828.27778980
-1828.27710411
-1828.27185424
-1828.26450362
-1828.25774436
-1828.25365354
-1828.25308608
-1828.25549290
-1828.25916620
-1828.26182755
-1828.26138038
-1828.25661904
-1828.24767778
-1828.23605887
-1828.22420908
-1828.21477287
-1828.20976309
-1828.20991454
-1828.21443060
-1828.22120477
-1828.22746229
-1828.23062002
-1828.22908946
-1828.22277662
-1828.21311188
-1828.20261806
-1828.19413834
-1828.18997704
-1828.19120408
-1828.19734439
-1828.20654689
-1828.21617412
-1828.22364831
-1828.22726709
-1828.22672986
-1828.22320199
-1828.21889188
-1828.21628593
-1828.21730399
-1828.22265817
-1828.23160848
-1828.24218054
-1828.25176014
-1828.25787196
-1828.25891919
-1828.25464680
-1828.24619434
-1828.23571997
-1828.22571392
-1828.21822881
-1828.21427083
-1828.21355145
-1828.21465400
-1828.21556688
-1828.21441164
-1828.21013246
-1828.20293187
-1828.19429707
-1828.18659012
-1828.18233156
-1828.18338299
-1828.19030584
-1828.20209752
-1828.21640570
-1828.23017536
-1828.24052833
-1828.24561027
-1828.24512845
-1828.24041071
-1828.23396025
-1828.22864264
-1828.22676303
-1828.22931997
-1828.23568104
-1828.24379136
-1828.25084813
-1828.25423577
-1828.25241082
-1828.24546086
-1828.23514893
-1828.22442461
-1828.21654123
-1828.21405552
-1828.21801740
-1828.22761298
-1828.24038867
-1828.25299371
-1828.26221345
-1828.26597134
-1828.26397115
-1828.25776782
-1828.25024119
-1828.24464281
-1828.24351285
-1828.24782699
-1828.25663534
-1828.26730609
-1828.27630907
-1828.28029644
-1828.27716672
-1828.26679162
-1828.25116722
-1828.23392569
-1828.21933028
-1828.21104327
-1828.21104489
-1828.21903197
-1828.23250666
-1828.24753399
-1828.25994229
-1828.26659034
-1828.26631556
-1828.26025705
-1828.25147262
-1828.25147262
-1828.24395596
-1828.24135839
-1828.24579319
-1828.25709302
-1828.27274419
-1828.28854755
-1828.29983124
-1828.30286433
-1828.29604733
-1828.28050490
-1828.25988009
-1828.23936597
-1828.22425348
-1828.21841351
-1828.22317762
-1828.23695069
-1828.25568570
-1828.27408439
-1828.28717002
-1828.29175001
-1828.28733279
-1828.27621830
-1828.26274573
-1828.25194290
-1828.24798295
-1828.25291921
-1828.26605793
-1828.28415042
-1828.28415042
-1828.30233410
-1828.31553830
-1828.31993895
-1828.31405069
-1828.29913067
-1828.27879161
-1828.25794043
-1828.24135246
-1828.23230587
-1828.23168055
-1828.23777416
-1828.24689022
-1828.25451004
-1828.25668588
-1828.25124142
-1828.23843108
-1828.22087315
-1828.20279922
-1828.18883601
-1828.18266642
-1828.18595100
-1828.19781626
-1828.21507407
-1828.23310845
-1828.24718350
-1828.25379390
-1828.25165251
-1828.24203450
-1828.22836538
-1828.21517725
-1828.20673488
-1828.20574866
-1828.21255063
-1828.22498756
-1828.23906465
-1828.25014933
-1828.25438813
-1828.24990940
-1828.23743365
-1828.22010631
-1828.20259189
-1828.18970178
-1828.18497620
-1828.18964999
-1828.20231815
-1828.21938561
-1828.23617359
-1828.24831818
-1828.25304657
-1828.24993839
-1828.24097262
-1828.22984897
-1828.22080967
-1828.21731780
-1828.22099129
-1828.23111646
-1828.24487391
-1828.25820312
-1828.26701882
-1828.26843466
-1828.26161194
-1828.24800413
-1828.23093017
-1828.21459479
-1828.20285442
-1828.19808233
-1828.20048001
-1828.20804163
-1828.21719315
-1828.22391204
-1828.22499995
-1828.21910710
-1828.20720297
-1828.19232462
-1828.17869059
-1828.17043085
-1828.17032768
-1828.17895789
-1828.19448995
-1828.21320676
-1828.23057748
-1828.23057748
-1828.24256285
-1828.24674973
-1828.24298314
-1828.23331339
-1828.22128852
-1828.21082355
-1828.20498279
-1828.20506177
-1828.21024098
-1828.21792356
-1828.22463080
-1828.22716155
-1828.22364533
-1828.22364533
-1828.21417272
-1828.20081677
-1828.18704499
-1828.17670762
-1828.17289960
-1828.17704245
-1828.18847412
-1828.20465656
-1828.22192361
-1828.23653019
-1828.24566855
-1828.24817682
-1828.24477678
-1828.23780047
-1828.23048952
-1828.22602553
-1828.22656258
-1828.23254600
-1828.24254738
-1828.25367593
-1828.26245185
-1828.26587920
-1828.26238567
-1828.25234476
-1828.23801054
-1828.22287064
-1828.21061820
-1828.20405307
-1828.20426096
-1828.21033403
-1828.21970693
-1828.22900111
-1828.23509879
-1828.23611572
-1828.23197345
-1828.22441529
-1828.21646261
-1828.21149429
-1828.21222278
-1828.21987747
-1828.23382977
-1828.25176929
-1828.27036174
-1828.28618492
-1828.29666953
-1828.30077016
-1828.29918575
-1828.29918575
-1828.29406913
-1828.28833193
-1828.28476097
-1828.28521275
-1828.29011956
-1828.29841509
-1828.30788581
-1828.31580840
-1828.31970366
-1828.31801456
-1828.31053910
-1828.29852848
-1828.28437431
-1828.27097358
-1828.26092843
-1828.26092843
-1828.25582874
-1828.25582874
-1828.25582560
-1828.25963441
-1828.26494636
-1828.26913384
-1828.27004070
-1828.26663676
-1828.25933328
-1828.24985868
-1828.24072193
-1828.23444036
-1828.23276743
-1828.23616940
-1828.24369845
-1828.25329786
-1828.26242467
-1828.26878950
-1828.27099111
-1828.26886071
-1828.26344253
-1828.25663496
-1828.25061664
-1828.24722745
-1828.24748067
-1828.25133464
-1828.25777171
-1828.26515011
-1828.27172190
-1828.27616187
-1828.27795275
-1828.27752309
-1828.27609246
-1828.27527440
-1828.27655543
-1828.28079308
-1828.28789309
-1828.29676247
-1828.30557582
-1828.31226718
-1828.31510333
-1828.31315016
-1828.30648730
-1828.29612370
-1828.28364830
-1828.27074961
-1828.25876168
-1828.24837326
-1828.23958123
-1828.23188463
-1828.22464707
-1828.21748733
-1828.21748733
-1828.21054498
-1828.20451381
-1828.20042626
-1828.19927761
-1828.20163852
-1828.20741431
-1828.21583394
-1828.22566203
-1828.23555465
-1828.24442120
-1828.25167749
-1828.25730295
-1828.26170804
-1828.26547429
-1828.26906940
-1828.27263726
-1828.27591812
-1828.27832071
-1828.27911599
-1828.27769139
-1828.27379015
-1828.26766150
-1828.26004936
-1828.25202945
-1828.24473578
-1828.23906932
-1828.23549068
-1828.23394221
-1828.23391303
-1828.23460706
-1828.23517364
-1828.23494240
-1828.23361470
-1828.23135681
-1828.22876286
-1828.22668815
-1828.22597739
-1828.22716203
-1828.23022614
-1828.23456014
-1828.23913656
-1828.24287017
-1828.24501540
-1828.24544717
-1828.24473663
-1828.24398066
-1828.24444230
-1828.24711541
-1828.25234426
-1828.25963786
-1828.26774758
-1828.27499846
-1828.27978131
-1828.28105023
-1828.27865272
-1828.27338154
-1828.26672507
-1828.26038803
-1828.25576002
-1828.25349531
-1828.25334432
-1828.25428634
-1828.25489981
-1828.25386278
-1828.25039480
-1828.24452363
