-1828.19989826
-1828.20709664
-1828.22348714
-1828.24437821
-1828.26406962
-1828.27753820
-1828.28187668
-1828.27705753
-1828.26578094
-1828.25248881
-1828.24187563
-1828.23737283
-1828.24007175
-1828.24841367
-1828.25872514
-1828.26641357
-1828.26744608
-1828.25963996
-1828.24337917
-1828.22154725
-1828.19872241
-1828.17988181
-1828.16901129
-1828.16802701
-1828.17633067
-1828.19110354
-1828.20821544
-1828.22345554
-1828.23370096
-1828.23770413
-1828.23629859
-1828.23199314
-1828.22810283
-1828.22767563
-1828.23254087
-1828.24274739
-1828.25654701
-1828.27091985
-1828.28247399
-1828.28844618
-1828.28750801
-1828.28014641
-1828.26850767
-1828.25577465
-1828.24526843
-1828.23955231
-1828.23978537
-1828.24551673
-1828.25493757
-1828.26550925
-1828.27475995
-1828.28099899
-1828.28375062
-1828.28376939
-1828.28266681
-1828.28227384
-1828.28396620
-1828.28816765
-1828.29418564
-1828.30041716
-1828.30483758
-1828.30561250
-1828.30163570
-1828.29285175
-1828.28027692
-1828.26572619
-1828.25132382
-1828.23895546
-1828.22982017
-1828.22421036
-1828.22157036
-1828.22078993
-1828.22062376
-1828.22009582
-1828.21876933
-1828.21681520
-1828.21488031
-1828.21381907
-1828.21438625
-1828.21698352
-1828.22152928
-1828.22747954
-1828.23396647
-1828.24001798
-1828.24477316
-1828.24765483
-1828.24845955
-1828.24735841
-1828.24735841
-1828.24735841
-1828.24481601
-1828.24145711
-1828.23791484
-1828.23469788
-1828.23211435
-1828.23025963
-1828.22907464
-1828.22844531
-1828.22830342
-1828.22869650
-1828.22979683
-1828.23185825
-1828.23513235
-1828.23977265
-1828.24576890
-1828.25291300
-1828.26082226
-1828.26899138
-1828.27685503
-1828.28383778
-1828.28937180
-1828.29290125
-1828.29389909
-1828.29193159
-1828.28676985
-1828.27852038
-1828.26771753
-1828.25531638
-1828.24256265
-1828.23074757
-1828.22091351
-1828.21361010
-1828.21361010
-1828.20879306
-1828.20591992
-1828.20421530
-1828.20301390
-1828.20207269
-1828.20172836
-1828.20285018
-1828.20658181
-1828.21394536
-1828.22543923
-1828.24075228
-1828.25869851
-1828.27741543
-1828.29477063
-1828.30886501
-1828.31848002
-1828.32333154
-1828.32407581
-1828.32204780
-1828.31882050
-1828.31569443
-1828.31327815
-1828.31129191
-1828.30865390
-1828.30384320
-1828.29543118
-1828.28262130
-1828.26563257
-1828.24578941
-1828.22528760
-1828.20668372
-1828.19225900
-1828.18343554
-1828.18042608
-1828.18223282
-1828.18699227
-1828.19256865
-1828.19720709
-1828.20006372
-1828.20143563
-1828.20260993
-1828.20536247
-1828.21125842
-1828.22099787
-1828.23402425
-1828.24853610
-1828.26192021
-1828.27147431
-1828.27522319
-1828.27258077
-1828.26463587
-1828.25394996
-1828.24389461
-1828.23770103
-1828.23751453
-1828.24374851
-1828.25495743
-1828.26828185
-1828.28032931
-1828.28822295
-1828.29049409
-1828.28753346
-1828.28146652
-1828.27547667
-1828.27547667
-1828.27278171
-1828.27557312
-1828.28424745
-1828.29717515
-1828.31109760
-1828.32204990
-1828.32654531
-1828.32266368
-1828.31071059
-1828.29322179
-1828.27428712
-1828.25838018
-1828.24904608
-1828.24784499
-1828.25387739
-1828.19989826
-1828.20709664
-1828.22348714
-1828.24437821
-1828.26406962
-1828.27753820
-1828.28187668
-1828.27705753
-1828.26578094
-1828.25248881
-1828.24187563
-1828.23737283
-1828.24007175
-1828.24841367
-1828.25872514
-1828.26641357
-1828.26744608
-1828.25963996
-1828.24337917
-1828.22154725
-1828.19872241
-1828.17988181
-1828.16901129
-1828.16802701
-1828.17633067
-1828.19110354
-1828.20821544
-1828.22345554
-1828.23370096
-1828.23770413
-1828.23629859
-1828.23199314
-1828.22810283
-1828.22767563
-1828.23254087
-1828.24274739
-1828.25654701
-1828.27091985
-1828.28247399
-1828.28844618
-1828.28750801
-1828.28014641
-1828.26850767
-1828.25577465
-1828.24526843
-1828.23955231
-1828.23978537
-1828.24551673
-1828.25493757
-1828.26550925
-1828.27475995
-1828.28099899
-1828.28375062
-1828.28376939
-1828.28266681
-1828.28227384
-1828.28396620
-1828.28816765
-1828.29418564
-1828.30041716
-1828.30483758
-1828.30561250
-1828.30163570
-1828.29285175
-1828.28027692
-1828.26572619
-1828.25132382
-1828.23895546
-1828.22982017
-1828.22421036
-1828.22157036
-1828.22078993
-1828.22062376
-1828.22009582
-1828.21876933
-1828.21681520
-1828.21488031
-1828.21381907
-1828.21438625
-1828.21698352
-1828.22152928
-1828.22747954
-1828.23396647
-1828.24001798
-1828.24477316
-1828.24765483
-1828.24845955
-1828.24735841
-1828.24481601
-1828.24145711
-1828.23791484
-1828.23469788
-1828.23211435
-1828.23025963
-1828.22907464
-1828.22844531
-1828.22830342
-1828.22869650
-1828.22979683
-1828.23185825
-1828.23513235
-1828.23977265
-1828.24576890
-1828.25291300
-1828.26082226
-1828.26899138
-1828.27685503
-1828.28383778
-1828.28937180
-1828.29290125
-1828.29389909
-1828.29193159
-1828.28676985
-1828.27852038
-1828.26771753
-1828.25531638
-1828.24256265
-1828.23074757
-1828.22091351
-1828.21361010
-1828.21361010
-1828.20879306
-1828.20591992
-1828.20421530
-1828.20301390
-1828.20207269
-1828.20172836
-1828.20285018
-1828.20658181
-1828.21394536
-1828.22543924
-1828.24075228
-1828.25869852
-1828.27741543
-1828.29477063
-1828.30886501
-1828.31848002
-1828.32333154
-1828.32407581
-1828.32204781
-1828.31882050
-1828.31569443
-1828.31327815
-1828.31129191
-1828.30865391
-1828.30384320
-1828.29543118
-1828.29543118
-1828.28262130
-1828.26563257
-1828.24578941
-1828.22528760
-1828.20668372
-1828.19225900
-1828.18343554
-1828.18042608
-1828.18223282
-1828.18699227
-1828.19256865
-1828.19720708
-1828.19720708
-1828.19720708
-1828.20006372
-1828.20143563
-1828.20260993
-1828.20536248
-1828.21125842
-1828.22099787
-1828.23402425
-1828.24853610
-1828.26192021
-1828.27147431
-1828.27522319
-1828.27258077
-1828.26463587
-1828.25394997
-1828.24389461
-1828.23770103
-1828.23751453
-1828.24374851
-1828.25495743
-1828.26828185
-1828.28032931
-1828.28822295
-1828.29049409
-1828.28753346
-1828.28146652
-1828.27547667
-1828.27278172
-1828.27557312
-1828.28424745
-1828.29717515
-1828.31109760
-1828.32204990
-1828.32654531
-1828.32266368
-1828.31071059
-1828.29322179
-1828.27428712
-1828.25838018
-1828.24904607
-1828.24784499
-1828.25387739
-1828.26405269
-1828.27402349
-1828.27952680
-1828.27773551
-1828.26821514
-1828.25317192
-1828.23689394
-1828.22451799
-1828.22047767
-1828.22708746
-1828.24370824
-1828.26676273
-1828.29063552
-1828.30922089
-1828.31766614
-1828.31379179
-1828.29876075
-1828.27676958
-1828.25383657
-1828.23603474
-1828.22768812
-1828.23007658
-1828.24104940
-1828.25568870
-1828.26782421
-1828.27195106
-1828.26495807
-1828.24714314
-1828.22220291
-1828.19619203
-1828.17574621
-1828.16609890
-1828.16948398
-1828.18441935
-1828.20611194
-1828.22787663
-1828.24313917
-1828.24741269
-1828.24741269
-1828.23965501
-1828.22258807
-1828.20188478
-1828.18447553
-1828.17646873
-1828.18130938
-1828.19871427
-1828.22471012
-1828.25277462
-1828.27575469
-1828.28800251
-1828.28708512
-1828.27452651
-1828.25534470
-1828.23650978
-1828.22479139
-1828.22465889
-1828.23687379
-1828.25820316
-1828.28234899
-1828.30181829
-1828.31018507
-1828.30405366
-1828.28413544
-1828.25509644
-1828.22421453
-1828.19924442
-1828.18613163
-1828.18727863
-1828.20088668
-1828.22157341
-1828.24207958
-1828.25552826
-1828.25754796
-1828.24761756
-1828.22922904
-1828.20883138
-1828.19385893
-1828.19044930
-1828.20151549
-1828.22576417
-1828.25796506
-1828.29040901
-1828.31513698
-1828.32627156
-1828.32175712
-1828.30395974
-1828.27893371
-1828.25455899
-1828.23810591
-1828.23399149
-1828.24243903
-1828.25945474
-1828.27811186
-1828.29073829
-1828.29133978
-1828.27754428
-1828.25147114
-1828.21924338
-1828.18927863
-1828.16983904
-1828.16658067
-1828.18082888
-1828.20911665
-1828.24414972
-1828.27691888
-1828.29932003
-1828.30649567
-1828.29816670
-1828.27857517
-1828.25506405
-1828.23575963
-1828.22705936
-1828.23169625
-1828.24793980
-1828.27016447
-1828.29061041
-1828.30179376
-1828.29885230
-1828.28112010
-1828.25244908
-1828.22018104
-1828.19306658
-1828.17874829
-1828.18154850
-1828.20122002
-1828.23301113
-1828.26903320
-1828.30051256
-1828.32028824
-1828.32480921
-1828.31507031
-1828.29621007
-1828.27589452
-1828.26196671
-1828.26005147
-1828.27183363
-1828.29452025
-1828.32166180
-1828.34508249
-1828.35734760
-1828.35402748
-1828.33506815
-1828.30485544
-1828.27094806
-1828.24186637
-1828.22461533
-1828.22268334
-1828.23510265
-1828.25684270
-1828.28038753
-1828.29802113
-1828.30413377
-1828.29686177
-1828.27858247
-1828.25511560
-1828.23389448
-1828.22166132
-1828.22239012
-1828.23606450
-1828.25867302
-1828.28341550
-1828.30275308
-1828.31067840
-1828.30452652
-1828.28577842
-1828.25962449
-1828.23342030
-1828.21451077
-1828.20806667
-1828.21558316
-1828.23447076
-1828.25885715
-1828.28135866
-1828.29529001
-1828.29666576
-1828.28538667
-1828.26526671
-1828.24289052
-1828.22563332
-1828.21943671
-1828.22698448
-1828.24682061
-1828.27369459
-1828.30008099
-1828.31845281
-1828.32362118
-1828.31437748
-1828.29389279
-1828.26874308
-1828.24685837
-1828.23503696
-1828.23679919
-1828.25126867
-1828.27344509
-1828.29578958
-1828.31062164
-1828.31255713
-1828.30023240
-1828.27678529
-1828.24895028
-1828.22504454
-1828.21246211
-1828.21543448
-1828.23374814
-1828.26279671
-1828.29495499
-1828.32182852
-1828.33670664
-1828.33647686
-1828.32245353
-1828.29988928
-1828.27633468
-1828.25933836
-1828.25417728
-1828.26228573
-1828.28085248
-1828.30370058
-1828.32317610
-1828.33246510
-1828.32764530
-1828.30885973
-1828.28029104
-1828.24898802
-1828.22287366
-1828.20850376
-1828.20920053
-1828.22409624
-1828.24839269
-1828.27477818
-1828.29559650
-1828.30513143
-1828.30130786
-1828.28626957
-1828.26565230
-1828.26565230
-1828.24676254
-1828.23623572
-1828.23791131
-1828.25159760
-1828.27312053
-1828.29562473
-1828.31171170
-1828.31573502
-1828.30554277
-1828.28313974
-1828.25408867
-1828.22585461
-1828.20561721
-1828.19821958
-1828.20486398
-1828.22291430
-1828.24683563
-1828.26995805
-1828.28649627
-1828.29323894
-1828.29037873
-1828.28128134
-1828.27128418
-1828.26591096
-1828.26906298
-1828.28173866
-1828.30166126
-1828.32391797
-1828.34239919
-1828.35159485
-1828.34821259
-1828.33214194
-1828.30648746
-1828.27668159
-1828.24894655
-1828.22856134
-1828.22856134
-1828.21845290
-1828.21852398
-1828.22590575
-1828.23604832
-1828.24429308
-1828.24743456
-1828.24477345
-1828.24477345
-1828.23832384
-1828.23211031
-1828.23078941
-1828.23804009
-1828.25524006
-1828.28084527
-1828.31067317
-1828.33900573
-1828.36018608
-1828.37020885
-1828.36781100
-1828.35473371
-1828.33509571
-1828.31409968
-1828.29648592
-1828.28522353
-1828.28082200
-1828.28145566
-1828.28381174
-1828.28436169
-1828.28062863
-1828.27204467
-1828.26014194
-1828.24803847
-1828.24803847
-1828.23940269
-1828.23724265
-1828.24290728
-1828.25561304
-1828.27263592
-1828.29009638
-1828.30408012
-1828.31175243
-1828.31211418
-1828.30618385
-1828.29657704
-1828.28662365
-1828.27931418
-1828.27639080
-1828.27786006
-1828.28205823
-1828.28625540
-1828.28759442
-1828.28406847
-1828.27523205
-1828.26240704
-1828.24831409
-1828.23624367
-1828.22903084
-1828.22817449
-1828.23338532
-1828.24269507
-1828.25308743
-1828.26144029
-1828.26547457
-1828.26441801
-1828.25918254
-1828.25200449
-1828.24569127
-1828.24269553
-1828.24432680
-1828.25031605
-1828.25888472
-1828.26728886
-1828.27267916
-1828.27301252
-1828.26771881
-1828.25790284
-1828.24600402
-1828.23501918
-1828.22755240
-1828.22499652
-1828.22712371
-1828.23221099
-1828.23765113
-1828.24084719
-1828.24008849
-1828.23511516
-1828.22719315
-1828.21867574
-1828.21221205
-1828.20986114
-1828.21239595
-1828.21901416
-1828.22754814
-1828.23511872
-1828.23902965
-1828.23763152
-1828.23087137
-1828.22034706
-1828.20884893
-1828.19953280
-1828.19497982
-1828.19642189
-1828.20335958
-1828.21370025
-1828.22438496
-1828.23232702
-1828.23536876
-1828.23295194
-1828.22629323
-1828.21802760
-1828.21143162
-1828.20945957
-1828.21386570
-1828.22467446
-1828.24015268
-1828.25730810
-1828.27276087
-1828.28373030
-1828.28883249
-1828.28844377
-1828.28451278
-1828.27988900
-1828.27737738
-1828.27882543
-1828.28453262
-1828.29317009
-1828.30222432
-1828.30881630
-1828.31062591
-1828.31062591
-1828.30664091
-1828.29750298
-1828.28535615
-1828.27324690
-1828.26425513
-1828.26061428
-1828.26307724
-1828.27072462
-1828.28126470
-1828.29172738
-1828.29934036
-1828.30231388
-1828.30031176
-1828.29447518
-1828.28701323
-1828.28049152
-1828.27702808
-1828.27763597
-1828.28190476
-1828.28811242
-1828.29374446
-1828.29626806
-1828.29393123
-1828.28634748
-1828.27469063
-1828.26142307
-1828.24964829
-1828.24225923
-1828.24114375
-1828.24668202
-1828.25767702
-1828.27173292
-1828.28595539
-1828.29775364
-1828.30549452
-1828.30882363
-1828.30857889
-1828.30635528
-1828.30388102
-1828.30388102
-1828.30241086
-1828.30231771
-1828.30299463
-1828.30307672
-1828.30089896
-1828.29505089
-1828.28486015
-1828.27067307
-1828.25386392
-1828.23656858
-1828.22121907
-1828.21000354
-1828.20439142
-1828.20484759
-1828.21080185
-1828.22087045
-1828.23325839
-1828.24621406
-1828.25842472
-1828.26924205
-1828.27870048
-1828.28733441
-1828.29586007
-1828.30482955
-1828.31436631
-1828.32405232
-1828.33299287
-1828.34002733
-1828.34402498
-1828.34418956
-1828.34030234
-1828.33283917
-1828.32291739
-1828.31206741
-1828.30188154
-1828.29367217
-1828.28826419
-1828.28595641
-1828.28658994
-1828.28963738
-1828.29428112
-1828.29950494
-1828.30423059
-1828.30751325
-1828.30877205
-1828.30796446
-1828.30563463
-1828.30279297
-1828.30064897
-1828.30025852
-1828.30217263
-1828.30621117
-1828.31144175
-1828.31640961
-1828.31956702
-1828.31979222
-1828.31681951
-1828.31142963
-1828.30531556
-1828.30064792
-1828.29944771
-1828.30294406
-1828.31111453
-1828.32254584
-1828.33469511
-1828.34449226
-1828.34914380
-1828.34691891
-1828.33767873
-1828.32297058
-1828.30562726
-1828.28897074
-1828.27584659
-1828.26779055
-1828.26458838
-1828.26437189
-1828.26424332
-1828.26122828
-1828.25329810
-1828.24012316
-1828.22334499
-1828.20625218
-1828.19293472
-1828.18714297
-1828.19117125
-1828.20508754
-1828.22655642
-1828.25132834
-1828.27429021
-1828.29078937
-1828.29787346
-1828.29507672
-1828.28452200
-1828.27028422
-1828.25719401
-1828.24942441
-1828.24926803
-1828.25647588
-1828.26835876
-1828.28062786
-1828.28873032
-1828.28927430
-1828.28111598
-1828.26579926
-1828.24723360
-1828.23068537
-1828.22132982
-1828.22274112
-1828.23577400
-1828.25817274
-1828.28507642
-1828.31030837
-1828.32809366
-1828.33472353
-1828.32963743
-1828.31558495
-1828.29779188
-1828.28238192
-1828.27451983
-1828.27684361
-1828.28864955
-1828.30608776
-1828.32331862
-1828.33428389
-1828.33458427
-1828.32288465
-1828.30142927
-1828.27548969
-1828.25188177
-1828.23697722
-1828.23479099
-1828.24573636
-1828.26643750
-1828.29069189
-1828.31129634
-1828.32217546
-1828.32017725
-1828.30597881
-1828.28384227
-1828.26030074
-1828.24217280
-1828.23449671
-1828.23901030
-1828.25364015
-1828.27315790
-1828.29081830
-1828.30048052
-1828.29857227
-1828.28529204
-1828.26466367
-1828.24339801
-1828.22888001
-1828.22688549
-1828.23973152
-1828.26545368
-1828.29828704
-1828.33030877
-1828.35373034
-1828.36313745
-1828.36313745
-1828.35701449
-1828.35701449
-1828.33809948
-1828.31248522
-1828.28773745
-1828.27060322
-1828.26501009
-1828.27095013
-1828.28457796
-1828.29948813
-1828.30877143
-1828.30724525
-1828.29317456
-1828.26895542
-1828.24050941
-1828.21554652
-1828.20120174
-1828.20178445
-1828.21735044
-1828.24356221
-1828.27290120
-1828.29686740
-1828.30850432
-1828.30448820
-1828.28614068
-1828.25905965
-1828.23146267
-1828.21173745
-1828.20592718
-1828.21590954
-1828.23882534
-1828.26793365
-1828.29464306
-1828.31110843
-1828.31261899
-1828.29904810
-1828.27490672
-1828.24798196
-1828.22695750
-1828.21875480
-1828.22641062
-1828.24814647
-1828.27789439
-1828.30712442
-1828.32739932
-1828.33289594
-1828.32213386
-1828.29840456
-1828.26876450
-1828.24190189
-1828.22550628
-1828.22393184
-1828.23687499
-1828.25947616
-1828.28383756
-1828.30147262
-1828.30147262
-1828.30147262
-1828.24568407
-1828.18750190
-1828.13937691
-1828.11115637
-1828.10727380
-1828.12554754
-1828.15794828
-1828.15794828
-1828.19310325
-1828.21976227
-1828.21976227
-1828.23017889
-1828.22237543
-1828.20060387
-1828.17388360
-1828.15307551
-1828.14740441
-1828.16150661
-1828.19389290
-1828.23729310
-1828.28077988
-1828.31302293
-1828.32569762
-1828.31600774
-1828.28755350
-1828.24926873
-1828.21276258
-1828.18886773
-1828.18444213
-1828.20037214
-1828.23137353
-1828.26763854
-1828.29783521
-1828.31254051
-1828.30708796
-1828.28294361
-1828.24722881
-1828.21052433
-1828.18364304
-1828.17435483
-1828.18505072
-1828.21206260
-1828.24682877
-1828.27854886
-1828.29750825
-1828.29805415
-1828.28031175
-1828.25011883
-1828.21720410
-1828.19216841
-1828.18320532
-1828.19356862
-1828.22055697
-1828.25632803
-1828.29026729
-1828.31219314
-1828.31540906
-1828.29868145
-1828.26655780
-1828.22794360
-1828.19339322
-1828.17194582
-1828.16847640
-1828.18234117
-1828.20771991
-1828.23551891
-1828.25623685
-1828.26291020
-1828.25324175
-1828.25324175
-1828.23028054
-1828.20146235
-1828.17631853
-1828.16355550
-1828.16839730
-1828.19098513
-1828.22631526
-1828.26572691
-1828.29946699
-1828.31955621
-1828.32208068
-1828.30823737
-1828.28383434
-1828.25742430
-1828.23764948
-1828.23061623
-1828.23809489
-1828.25707003
-1828.28075945
-1828.30076693
-1828.30970243
-1828.30347041
-1828.28253838
-1828.25182228
-1828.21922328
-1828.19327786
-1828.18063499
-1828.18411263
-1828.20191954
-1828.22825236
-1828.25506894
-1828.27449259
-1828.28111766
-1828.27353611
-1828.25463270
-1828.23058631
-1828.20890606
-1828.19611551
-1828.19578957
-1828.20753105
-1828.22716730
-1828.24809613
-1828.26334809
-1828.26773955
-1828.25945304
-1828.24057892
-1828.21646655
-1828.19410283
-1828.18002001
-1828.17837323
-1828.18976123
-1828.21112644
-1828.23673077
-1828.25990434
-1828.27502972
-1828.27917739
-1828.27290960
-1828.26002307
-1828.24630759
-1828.23769827
-1828.23838891
-1828.24948946
-1828.26864217
-1828.29071549
-1828.30936672
-1828.31896935
-1828.31633422
-1828.30168564
-1828.27860979
-1828.27860979
-1828.25300474
-1828.23135672
-1828.21885661
-1828.21793150
-1828.22760969
-1828.24390097
-1828.26104542
-1828.27324114
-1828.27632637
-1828.26894575
-1828.25287215
-1828.23241537
-1828.21310662
-1828.20005381
-1828.19646269
-1828.20274337
-1828.21646692
-1828.23314599
-1828.24761751
-1828.25558610
-1828.25490267
-1828.24618472
-1828.23261351
-1828.21896467
-1828.21017241
-1828.20985478
-1828.21924538
-1828.23683012
-1828.25878406
-1828.28007223
-1828.29588475
-1828.30299371
-1828.30063298
-1828.29065591
-1828.27691816
-1828.26407807
-1828.25618546
-1828.25547207
-1828.26170678
-1828.27230585
-1828.28315587
-1828.28989577
-1828.28926365
-1828.28009086
-1828.26365652
-1828.24329666
-1828.22341255
-1828.20818502
-1828.20038270
-1828.20061487
-1828.20722729
-1828.21685612
-1828.22546315
-1828.22953551
-1828.22712123
-1828.21838337
-1828.20555013
-1828.19225871
-1828.18250545
-1828.17949291
-1828.18470663
-1828.19748931
-1828.21522342
-1828.23408998
-1828.25016114
-1828.26051007
-1828.26400954
-1828.26157928
-1828.25582961
-1828.25021125
-1828.24792889
-1828.25093541
-1828.25930072
-1828.27112678
-1828.28304475
-1828.29114916
-1828.29211474
-1828.28416803
-1828.26764003
-1828.24493124
-1828.21991041
-1828.19691364
-1828.17963124
-1828.17020213
-1828.16876669
-1828.17359958
-1828.18176059
-1828.19005746
-1828.19602411
-1828.19862380
-1828.19848603
-1828.19761714
-1828.19870334
-1828.20421545
-1828.21558418
-1828.23268752
-1828.25378670
-1828.27592675
-1828.29567537
-1828.30999741
-1828.31701416
-1828.31645363
-1828.30967373
-1828.29926455
-1828.28833081
-1828.27966236
-1828.27500940
-1828.27467249
-1828.27751938
-1828.28141807
-1828.28394409
-1828.28315232
-1828.27817688
-1828.26950477
-1828.25884483
-1828.24864001
-1828.24137042
-1828.23884867
-1828.24170657
-1828.24921518
-1828.25948846
-1828.26998376
-1828.27815368
-1828.28205708
-1828.28079160
-1828.27466659
-1828.26510755
-1828.25431071
-1828.24470704
-1828.23836981
-1828.23652046
-1828.23927946
-1828.24572175
-1828.25421174
-1828.26290036
-1828.27023958
-1828.27537744
-1828.27834277
-1828.27998355
-1828.28168925
-1828.28495715
-1828.29091425
-1828.29992861
-1828.31140825
-1828.32386196
-1828.33519724
-1828.34319580
-1828.34603867
-1828.34275383
-1828.33346255
-1828.31936787
-1828.30247616
-1828.28513162
-1828.26946733
-1828.25692992
-1828.24799120
-1828.24213311
-1828.23810892
-1828.23441444
-1828.22984177
-1828.22393441
-1828.21721683
-1828.21109777
-1828.20747495
-1828.20814588
-1828.21419096
-1828.22553005
-1828.24080054
-1828.25761782
-1828.27316366
-1828.28492913
-1828.29138372
-1828.29235138
-1828.28898411
-1828.28334000
-1828.27769736
-1828.27383256
-1828.27248917
-1828.27319705
-1828.27449744
-1828.27450240
-1828.27160276
-1828.26509451
-1828.25553475
-1828.24470006
-1828.23515872
-1828.22956964
-1828.22990729
-1828.23683990
-1828.24943655
-1828.26531385
-1828.28118540
-1828.29368595
-1828.30023482
-1828.29970603
-1828.29270212
-1828.28134602
-1828.26864093
-1828.25757362
-1828.25023126
-1828.24719689
-1828.24740945
-1828.24855799
-1828.24789364
-1828.24321139
-1828.23368155
-1828.22026059
-1828.20553702
-1828.19304321
-1828.18622670
-1828.18737557
-1828.19683183
-1828.21275584
-1828.23155003
-1828.24883184
-1828.26067226
-1828.26471449
-1828.26081528
-1828.25100436
-1828.23876502
-1828.22787111
-1828.22114909
-1828.21957590
-1828.22200280
-1828.22559534
-1828.22683477
-1828.22276136
-1828.21206054
-1828.19565121
-1828.17659031
-1828.15932059
-1828.14846791
-1828.14755149
-1828.15796553
-1828.17854345
-1828.20582850
-1828.23498183
-1828.26107311
-1828.28037665
-1828.29129776
-1828.29465566
-1828.29324133
-1828.29080039
-1828.29073939
-1828.29495492
-1828.30315609
-1828.31288764
-1828.32026544
-1828.32120069
-1828.31274507
-1828.29413806
-1828.26723333
-1828.23614997
-1828.20624910
-1828.18271540
-1828.16916249
-1828.16667954
-1828.17360435
-1828.18610683
-1828.19941953
-1828.20932488
-1828.21344216
-1828.21188885
-1828.20711340
-1828.20297098
-1828.20336121
-1828.21087369
-1828.22588762
-1828.24637599
-1828.26847720
-1828.28763199
-1828.29993290
-1828.30327208
-1828.29795184
-1828.28658770
-1828.27334829
-1828.26275474
-1828.25837756
-1828.26181217
-1828.27223838
-1828.28669672
-1828.30101492
-1828.31110457
-1828.31423041
-1828.30986791
-1828.29987231
-1828.28791018
-1828.27831339
-1828.27471216
-1828.27886582
-1828.29006485
-1828.30528537
-1828.32006773
-1828.32984990
-1828.33135351
-1828.32360676
-1828.30828087
-1828.28923900
-1828.27141552
-1828.25935521
-1828.25584119
-1828.26102206
-1828.27231657
-1828.28515548
-1828.29437905
-1828.29588462
-1828.28799581
-1828.27208554
-1828.25222805
-1828.23398105
-1828.22269361
-1828.22187275
-1828.23212328
-1828.25098497
-1828.27371284
-1828.29473840
-1828.30936249
-1828.31514957
-1828.31259812
-1828.30488519
-1828.29677489
-1828.29302830
-1828.29682212
-1828.30867489
-1828.32620781
-1828.34480285
-1828.34480285
-1828.35895530
-1828.36391583
-1828.35713646
-1828.33911540
-1828.31338316
-1828.28562177
-1828.26214995
-1828.24819363
-1828.24644875
-1828.25635223
-1828.27429099
-1828.29468734
-1828.31165069
-1828.32070612
-1828.32009073
-1828.31120661
-1828.29810420
-1828.28613551
-1828.28019610
-1828.28308784
-1828.29452452
-1828.31109249
-1828.32720544
-1828.33678046
-1828.33511001
-1828.32036475
-1828.29423881
-1828.26153993
-1828.22884799
-1828.20265452
-1828.18755128
-1828.18502363
-1828.19319874
-1828.20761091
-1828.22272542
-1828.23372974
-1828.23801999
-1828.23593941
-1828.23053978
-1828.22647084
-1828.22835846
-1828.23917789
-1828.25912470
-1828.28534300
-1828.31258433
-1828.33462855
-1828.34603333
-1828.34370536
-1828.32782664
-1828.30184872
-1828.27155505
-1828.24346367
-1828.22305073
-1828.21331312
-1828.21409702
-1828.22236708
-1828.23332492
-1828.24202153
-1828.24497418
-1828.24129475
-1828.23298376
-1828.22428690
-1828.22031772
-1828.22534708
-1828.24129287
-1828.26687245
-1828.29770787
-1828.32737888
-1828.34915055
-1828.35786789
-1828.35144602
-1828.33149848
-1828.30290255
-1828.27242481
-1828.24681828
-1828.23096926
-1828.22664158
-1828.23219103
-1828.24331181
-1828.25456451
-1828.26119958
-1828.26070291
-1828.25358671
-1828.24318670
-1828.23454134
-1828.23270004
-1828.24099472
-1828.25980608
-1828.28621961
-1828.31469037
-1828.33853362
-1828.35179757
-1828.35096795
-1828.33598343
-1828.31025741
-1828.27970522
-1828.25106010
-1828.23000294
-1828.21966137
-1828.21992724
-1828.22775503
-1828.23831788
-1828.24662069
-1828.24908796
-1828.24464720
-1828.23501129
-1828.22407861
-1828.21664646
-1828.21681251
-1828.22656081
-1828.24496945
-1828.26831727
-1828.29107214
-1828.30745878
-1828.31313055
-1828.30642231
-1828.28882281
-1828.26452279
-1828.23917936
-1828.21827492
-1828.20556582
-1828.20209590
-1828.20607366
-1828.21364077
-1828.22027456
-1828.22236216
-1828.21845577
-1828.20979690
-1828.19994581
-1828.19362664
-1828.19514784
-1828.20689479
-1828.22836911
-1828.25608890
-1828.28439947
-1828.30696708
-1828.31850924
-1828.31625703
-1828.30071497
-1828.27549521
-1828.24628582
-1828.21927119
-1828.19947201
-1828.18949185
-1828.18902618
-1828.19524588
-1828.20390777
-1828.21083593
-1828.21331690
-1828.21098771
-1828.20594710
-1828.20206697
-1828.20370964
-1828.21423407
-1828.23475200
-1828.26352553
-1828.29620134
-1828.32684234
-1828.34946068
-1828.35961035
-1828.35557317
-1828.33878918
-1828.31340955
-1828.28510745
-1828.25951022
-1828.24071312
-1828.23031328
-1828.22722836
-1828.22833134
-1828.22967600
-1828.22792240
-1828.22152266
-1828.21130500
-1828.20028209
-1828.19273624
-1828.19285352
-1828.20332445
-1828.22433887
-1828.25330244
-1828.28537202
-1828.31466071
-1828.33575264
-1828.34508032
-1828.34175882
-1828.32764633
-1828.30664591
-1828.28348454
-1828.26236710
-1828.24591108
-1828.23466649
-1828.22731157
-1828.22140922
-1828.21445508
-1828.20487345
-1828.19266642
-1828.17952596
-1828.16838465
-1828.16254651
-1828.16466519
-1828.17587418
-1828.19534240
-1828.22038744
-1828.24711874
-1828.27141815
-1828.28995922
-1828.30097041
-1828.30451193
-1828.30222585
-1828.29665919
-1828.29039140
-1828.28524239
-1828.28178692
-1828.27930643
-1828.27617538
-1828.27054636
-1828.26111057
-1828.24768954
-1828.23146567
-1828.21477596
-1828.20053174
-1828.19144031
-1828.18927372
-1828.19439817
-1828.20569925
-1828.22091674
-1828.23726550
-1828.25214113
-1828.26371874
-1828.27128299
-1828.27525572
-1828.27692306
-1828.27794681
-1828.27979132
-1828.28323236
-1828.28809489
-1828.29329749
-1828.29718274
-1828.29802471
-1828.29457004
-1828.28644181
-1828.27430889
-1828.25975827
-1828.24492153
-1828.23194645
-1828.22247194
-1828.21724868
-1828.21601399
-1828.21764442
-1828.22053920
-1828.22311381
-1828.22427343
-1828.22372942
-1828.22207271
-1828.22057164
-1828.22075931
-1828.22393001
-1828.23069581
-1828.24074907
-1828.25288919
-1828.26531043
-1828.27605439
-1828.28349615
-1828.28672076
-1828.28569254
-1828.28118059
-1828.27447836
-1828.26700381
-1828.25990781
-1828.25379327
-1828.24862542
-1828.24386253
-1828.23875891
-1828.23275052
-1828.22577624
-1828.21844321
-1828.21196345
-1828.20788050
-1828.20767518
-1828.21235439
-1828.22214210
-1828.23635807
-1828.25351189
-1828.27158826
-1828.28844318
-1828.30222751
-1828.31172150
-1828.31651290
-1828.31697741
-1828.31407497
-1828.30901091
-1828.30286663
-1828.29629976
-1828.28940100
-1828.28175536
-1828.27268549
-1828.26160697
-1828.24839106
-1828.23360771
-1828.21856589
-1828.20511471
-1828.19524943
-1828.19062209
-1828.19209053
-1828.19944466
-1828.21139600
-1828.22585843
-1828.24045311
-1828.25310256
-1828.26252577
-1828.26849395
-1828.27176155
-1828.27369832
-1828.27574562
-1828.27886064
-1828.28313298
-1828.28768616
-1828.29090863
-1828.29093936
-1828.28626970
-1828.27628356
-1828.26158220
-1828.24398087
-1828.24398087
-1828.22616558
-1828.21107861
-1828.20120075
-1828.19792514
-1828.20120316
-1828.20956832
-1828.22053051
-1828.23123538
-1828.23920978
-1828.24299171
-1828.24246813
-1828.23882972
-1828.23414495
-1828.23068579
-1828.23019718
-1828.23333525
-1828.23944778
-1828.24675774
-1828.25290109
-1828.25566881
-1828.25371709
-1828.24704794
-1828.23709123
-1828.22636597
-1828.21780171
-1828.21390250
-1828.21601130
-1828.22388932
-1828.23576474
-1828.24883430
-1828.26008595
-1828.26718282
-1828.26913824
-1828.26657928
-1828.26150872
-1828.25664627
-1828.25455228
-1828.25681085
-1828.26352472
-1828.27326776
-1828.28351281
-1828.29140224
-1828.29463189
-1828.29217811
-1828.28464865
-1828.27416115
-1828.26376781
-1828.25659560
-1828.25494061
-1828.25958070
-1828.26951183
-1828.26951183
-1828.28219682
-1828.29426311
-1828.30244964
-1828.30451274
-1828.29982891
-1828.28951634
-1828.27604724
-1828.26248891
-1828.25160444
-1828.24508909
-1828.24315990
-1828.24461618
-1828.24733077
-1828.24901223
-1828.24799742
-1828.24382626
-1828.23741590
-1828.23079536
-1828.22647738
-1828.22667532
-1828.23260532
-1828.24408207
-1828.25953025
-1828.27639494
-1828.29183276
-1828.30346981
-1828.31000227
-1828.31146352
-1828.30908863
-1828.30483323
-1828.30072189
-1828.29822667
-1828.29786579
-1828.29911639
-1828.30065663
-1828.30084113
-1828.29827841
-1828.29233125
-1828.28341497
-1828.27299111
-1828.26325462
-1828.25656734
-1828.25477706
-1828.25862818
-1828.26746901
-1828.27938204
-1828.29170550
-1828.30177579
-1828.30764229
-1828.30853980
-1828.30498206
-1828.29847621
-1828.29095746
-1828.28414160
-1828.27900693
-1828.27557902
-1828.27308076
-1828.27035022
-1828.26636596
-1828.26067716
-1828.25361973
-1828.24626059
-1828.24009855
-1828.23662527
-1828.23687418
-1828.24109464
-1828.24865431
-1828.25818226
-1828.26792914
-1828.27621556
-1828.28184933
-1828.28438258
-1828.28413782
-1828.28201664
-1828.27915613
-1828.27657184
-1828.27490068
-1828.27429468
-1828.27446666
-1828.27482717
-1828.27467408
-1828.27338568
-1828.27058993
-1828.26627671
-1828.26082454
-1828.25491975
-1828.24937111
-1828.24487240
-1828.24177936
-1828.23999033
-1828.23897660
-1828.23795121
-1828.23612083
-1828.23294022
-1828.22829369
-1828.22256034
-1828.21654982
-1828.21132797
-1828.20796870
-1828.20730288
-1828.20971283
-1828.21505802
-1828.22273642
-1828.23186830
-1828.24153255
-1828.25097597
-1828.25973682
-1828.26765235
-1828.27477979
-1828.28126598
-1828.28722720
-1828.29268499
-1828.29756271
-1828.30172379
-1828.30501713
-1828.30729055
-1828.30837091
-1828.30802487
-1828.30595602
-1828.30187361
-1828.29562843
-1828.28737502
-1828.27767241
-1828.26747117
-1828.25796697
-1828.25034543
-1828.24549532
-1828.24377167
-1828.24489837
-1828.24804205
-1828.25204207
-1828.25572993
-1828.25824230
-1828.25923001
-1828.25891279
-1828.25794453
-1828.25714092
-1828.25714955
-1828.25818068
-1828.25989462
-1828.26149687
-1828.26202215
-1828.26071122
-1828.25732678
-1828.25229529
-1828.24662361
-1828.24162407
-1828.23855713
-1828.23828617
-1828.24103292
-1828.24629390
-1828.25294696
-1828.25954131
-1828.26468960
-1828.26743545
-1828.26747577
-1828.26518076
-1828.26142968
-1828.25731744
-1828.25382014
-1828.25150279
-1828.25034522
-1828.24973904
-1828.24866683
-1828.24603851
-1828.24106719
-1828.23358706
-1828.22419486
-1828.21415803
-1828.20511479
-1828.19864957
-1828.19587691
-1828.19715163
-1828.20200021
-1828.20928584
-1828.21755427
-1828.22545622
-1828.23211535
-1828.23733388
-1828.24157092
-1828.24568794
-1828.25054261
-1828.25656875
-1828.26349821
-1828.27034773
-1828.27568861
-1828.27811887
-1828.27677283
-1828.27169256
-1828.26392665
-1828.25530090
-1828.24792118
-1828.24354098
-1828.24300687
-1828.24599523
-1828.25114252
-1828.25651137
-1828.26020239
-1828.26090921
-1828.25825685
-1828.25285474
-1828.24606271
-1828.23954752
-1828.23476024
-1828.23249791
-1828.23266839
-1828.23433240
-1828.23601203
-1828.23617334
-1828.23374327
-1828.22848901
-1828.22114944
-1828.21325835
-1828.20672261
-1828.20327695
-1828.20397340
-1828.20885978
-1828.21693307
-1828.22638931
-1828.23510885
-1828.24124798
-1828.24376572
-1828.24273544
-1828.23933652
-1828.23551225
-1828.23337894
-1828.23455753
-1828.23963575
-1828.24793746
-1828.25768931
-1828.26654165
-1828.27228123
-1828.27350923
-1828.27006225
-1828.26304774
-1828.25449226
-1828.24672485
-1828.24169510
-1828.24042830
-1828.24278426
-1828.24756750
-1828.25295082
-1828.25707028
-1828.25860996
-1828.25719985
-1828.25351368
-1828.24904813
-1828.24565567
-1828.24497854
-1828.24795645
-1828.25454698
-1828.26373868
-1828.27384115
-1828.28295254
-1828.28946247
-1828.29245005
-1828.29188516
-1828.28859619
-1828.28402566
-1828.27982629
-1828.27739788
-1828.27747856
-1828.27991466
-1828.28368276
-1828.28718845
-1828.28876163
-1828.28720580
-1828.28222736
-1828.27459579
-1828.26596489
-1828.25840345
-1828.25378965
-1828.25326627
-1828.25693088
-1828.26384730
-1828.27234686
-1828.28052105
-1828.28674683
-1828.29010218
-1828.29055227
-1828.28886967
-1828.28630693
-1828.28413877
-1828.28321559
-1828.28367656
-1828.28490749
-1828.28575440
-1828.28491601
-1828.28139534
-1828.27486181
-1828.26581609
-1828.25550982
-1828.24563412
-1828.23788422
-1828.23352980
-1828.23310752
-1828.23632885
-1828.24219384
-1828.24928072
-1828.25610062
-1828.26143975
-1828.26460130
-1828.26549661
-1828.26456406
-1828.26253621
-1828.26012325
-1828.25770446
-1828.25513241
-1828.25172773
-1828.24648007
-1828.23840553
-1828.22696211
-1828.21238958
-1828.19585653
-1828.17933696
-1828.16523191
-1828.15581708
-1828.15267589
-1828.15629068
-1828.16591952
-1828.17980730
-1828.19566921
-1828.21130611
-1828.22516281
-1828.23665613
-1828.24616953
-1828.25470995
-1828.26335299
-1828.27267006
-1828.28234962
-1828.29116099
-1828.29728523
-1828.29889611
-1828.29480441
-1828.28493064
-1828.27044132
-1828.25349128
-1828.23666751
-1828.22231745
-1828.21198983
-1828.20614646
-1828.20421296
-1828.20492238
-1828.20681166
-1828.20869859
-1828.21000154
-1828.21082485
-1828.21182284
-1828.21389512
-1828.21781020
-1828.22387576
-1828.23175047
-1828.24046654
-1828.24866526
-1828.25496808
-1828.25836817
-1828.25851644
-1828.25581142
-1828.25126724
-1828.24620272
-1828.24186057
-1828.23906939
-1828.23805013
-1828.23842120
-1828.23937381
-1828.23997005
-1828.23947109
-1828.23761660
-1828.23478074
-1828.23193717
-1828.23041071
-1828.23146863
-1828.23586699
-1828.24352300
-1828.25342782
-1828.26385924
-1828.27282896
-1828.27863366
-1828.28034025
-1828.27805105
-1828.27286946
-1828.26656629
-1828.26104287
-1828.25776840
-1828.25735726
-1828.25943329
-1828.26280766
-1828.26591149
-1828.26733893
-1828.26633367
-1828.26306640
-1828.25861063
-1828.25462385
-1828.25282397
-1828.25442841
-1828.25973254
-1828.26797181
-1828.27750443
-1828.28627031
-1828.29237573
-1828.29463345
-1828.29290357
-1828.28813855
-1828.28211533
-1828.27693240
-1828.27440423
-1828.27553486
-1828.28021368
-1828.28721716
-1828.29452154
-1828.29985167
-1828.30132970
-1828.29805564
-1828.29044057
-1828.28016350
-1828.26973962
-1828.26182319
-1828.25844709
-1828.26043187
-1828.26714545
-1828.27669300
-1828.28646960
-1828.29392414
-1828.29730442
-1828.29616756
-1828.29150743
-1828.28544993
-1828.28060073
-1828.27922515
-1828.28250201
-1828.29008614
-1828.30011434
-1828.30968045
-1828.31563906
-1828.31550873
-1828.30820314
-1828.29437235
-1828.27625774
-1828.25710511
-1828.24031990
-1828.22859683
-1828.22327321
-1828.22406454
-1828.22924560
-1828.23622165
-1828.24233138
-1828.24566165
-1828.24561694
-1828.24308039
-1828.24010528
-1828.23923657
-1828.24266246
-1828.25145646
-1828.26513300
-1828.28165398
-1828.29790365
-1828.31049502
-1828.31668450
-1828.31512528
-1828.30623728
-1828.29208312
-1828.27578331
-1828.26065458
-1828.24932077
-1828.24305064
-1828.24151497
-1828.24302892
-1828.24519762
-1828.24576703
-1828.24340571
-1828.23816962
-1828.23149869
-1828.22574758
-1828.22340692
-1828.22627003
-1828.23481974
-1828.24801247
-1828.26352075
-1828.27835206
-1828.28965648
-1828.29548269
-1828.29526043
-1828.28987229
-1828.28130074
-1828.27197244
-1828.26400919
-1828.25861629
-1828.25579519
-1828.25446533
-1828.25294625
-1828.24964170
-1828.24370561
-1828.23547161
-1828.22650401
-1828.21923540
-1828.21629067
-1828.21968997
-1828.23017433
-1828.24686169
-1828.26736723
-1828.28836142
-1828.30641339
-1828.31887880
-1828.32456802
-1828.32398600
-1828.31907376
-1828.31251297
-1828.30681334
-1828.30346339
-1828.30242546
-1828.30214758
-1828.30010347
-1828.29371484
-1828.28135467
-1828.26310091
-1828.24096020
-1828.24096020
-1828.21845938
-1828.19972256
-1828.18833019
-1828.18630618
-1828.19353053
-1828.20773822
-1828.22511713
-1828.24136452
-1828.25291321
-1828.25795236
-1828.25691360
-1828.25226556
-1828.24767852
-1828.24681668
-1828.25213628
-1828.26404975
-1828.28072417
-1828.29857563
-1828.31331044
-1828.32120397
-1828.32022548
-1828.31068764
-1828.29520569
-1828.27797796
-1828.26358292
-1828.25564271
-1828.25576123
-1828.26305936
-1828.27444332
-1828.28551590
-1828.29185839
-1828.29031341
-1828.27992014
-1828.26223352
-1828.24092882
-1828.22080098
-1828.20643655
-1828.20092746
-1828.20500367
-1828.21683716
-1828.23257303
-1828.24744505
-1828.25713723
-1828.25900528
-1828.25278929
-1828.24063034
-1828.22640077
-1828.21455201
-1828.20880896
-1828.21107941
-1828.22089699
-1828.23556066
-1828.25093339
-1828.26267450
-1828.26752977
-1828.26429689
-1828.25418039
-1828.24043108
-1828.22739060
-1828.21922145
-1828.21870394
-1828.22645484
-1828.24077937
-1828.25818837
-1828.27441389
-1828.28560701
-1828.28937972
-1828.28540311
-1828.27540287
-1828.26259743
-1828.25072998
-1828.24297854
-1828.24104466
-1828.24467875
-1828.25177420
-1828.25902370
-1828.26292564
-1828.26292564
-1828.26084602
-1828.25181002
-1828.23679881
-1828.21846307
-1828.20036531
-1828.18596479
-1828.17766506
-1828.17618558
-1828.18043794
-1828.18792591
-1828.19553611
-1828.20048640
-1828.20115151
-1828.19752939
-1828.19122177
-1828.18492339
-1828.18157792
-1828.18344895
-1828.19138925
-1828.20454122
-1828.22055673
-1828.23626367
-1828.24856900
-1828.25531667
-1828.25585113
-1828.25111916
-1828.24331095
-1828.23515281
-1828.22908103
-1828.22654209
-1828.22761954
-1828.23108690
-1828.23485096
-1828.23664915
-1828.23477557
-1828.22862073
-1828.21887413
-1828.20731944
-1828.19629539
-1828.18798897
-1828.18378586
-1828.18388220
-1828.18727313
-1828.19211523
-1828.19633406
-1828.19828114
-1828.19722944
-1828.19356253
-1828.18861000
-1828.18418887
-1828.18200789
-1828.18311414
-1828.18754705
-1828.19430888
-1828.20165193
-1828.20761136
-1828.21062185
-1828.21002500
-1828.20631077
-1828.20100371
-1828.19622800
-1828.19407078
-1828.19595408
-1828.20220366
-1828.21196022
-1828.22344642
-1828.23450314
-1828.24321941
-1828.24845039
-1828.25007824
-1828.24894088
-1828.24648008
-1828.24424008
-1828.24338520
-1828.24437596
-1828.24687929
-1828.24992407
-1828.25223302
-1828.25264627
-1828.25050610
-1828.24588299
-1828.23956617
-1828.23282131
-1828.22700336
-1828.22317278
-1828.22184152
-1828.22290797
-1828.22576918
-1828.22952334
-1828.23321646
-1828.23606213
-1828.23759573
-1828.23774937
-1828.23683565
-1828.23545233
-1828.23432271
-1828.23410763
-1828.23522080
-1828.23770027
-1828.24116920
-1828.24490326
-1828.24798971
-1828.24954450
-1828.24891668
-1828.24582979
-1828.24042344
-1828.23319329
-1828.22485784
-1828.21619861
-1828.20791568
-1828.20053700
-1828.19439020
-1828.18963131
-1828.18630458
-1828.18440709
-1828.18393638
-1828.18491027
-1828.18735903
-1828.19130310
-1828.19671094
-1828.20346071
-1828.21131877
-1828.21993258
-1828.22884575
-1828.23750863
-1828.24529654
-1828.25153792
-1828.25556189
-1828.25678211
-1828.25480799
-1828.24955980
-1828.24135116
-1828.23088722
-1828.21917538
-1828.20735521
-1828.19649561
-1828.18741430
-1828.18056482
-1828.17601914
-1828.17355006
-1828.17277563
-1828.17332662
-1828.17497745
-1828.17770116
-1828.18163137
-1828.18694150
-1828.19368203
-1828.20162077
-1828.21015840
-1828.21836352
-1828.22513240
-1828.22943570
-1828.23058193
-1828.22840532
-1828.22333022
-1828.21629780
-1828.20857478
-1828.20149803
-1828.19622069
-1828.19350537
-1828.19361500
-1828.19631348
-1828.20097057
-1828.20675084
-1828.21283457
-1828.21861658
-1828.22381919
-1828.22847132
-1828.23277554
-1828.23691493
-1828.24088068
-1828.24438366
-1828.24686518
-1828.24761306
-1828.24595194
-1828.24146384
-1828.23417569
-1828.22463915
-1828.21386280
-1828.20311702
-1828.19366497
-1828.18649774
-1828.18214664
-1828.18062406
-1828.18150483
-1828.18410959
-1828.18772859
-1828.19180003
-1828.19599672
-1828.20022222
-1828.20453859
-1828.20906132
-1828.21384740
-1828.21880830
-1828.22366151
-1828.22795106
-1828.23113149
-1828.23269746
-1828.23231274
-1828.22991088
-1828.22573191
-1828.22030376
-1828.21435850
-1828.20871277
-1828.20412739
-1828.20119186
-1828.20026046
-1828.20144066
-1828.20463493
-1828.20959006
-1828.21594258
-1828.22325677
-1828.23105610
-1828.23884483
-1828.24611681
-1828.25234832
-1828.25700813
-1828.25961272
-1828.25983569
-1828.25764204
-1828.25338731
-1828.24781297
-1828.24192298
-1828.23674586
-1828.23305996
-1828.23118046
-1828.23087799
-1828.23148968
-1828.23218752
-1828.23232325
-1828.23172072
-1828.23080678
-1828.23051313
-1828.23197906
-1828.23613074
-1828.24328606
-1828.25292088
-1828.26369587
-1828.27375178
-1828.28117983
-1828.28452832
-1828.28319094
-1828.27756573
-1828.26895034
-1828.25920522
-1828.25026084
-1828.24361120
-1828.23990949
-1828.23877389
-1828.23889333
-1828.23842706
-1828.23560872
-1828.22936045
-1828.21970561
-1828.20784760
-1828.19590508
-1828.18637434
-1828.18147668
-1828.18255768
-1828.18970472
-1828.20170273
-1828.21633985
-1828.23098992
-1828.24330440
-1828.25181682
-1828.25629847
-1828.25774573
-1828.25801483
-1828.25918539
-1828.26285153
-1828.26954319
-1828.27848154
-1828.28774380
-1828.29480451
-1828.29729189
-1828.29372598
-1828.28401071
-1828.26951565
-1828.25271306
-1828.23647558
-1828.22325952
-1828.21442382
-1828.20991500
-1828.20840804
-1828.20785170
-1828.20623864
-1828.20235140
-1828.19623238
-1828.18923080
-1828.18360381
-1828.18178954
-1828.18558377
-1828.19548813
-1828.21042523
-1828.22793656
-1828.24480506
-1828.25792090
-1828.26513648
-1828.26586133
-1828.26119671
-1828.25357934
-1828.24603172
-1828.24125793
-1828.24084787
-1828.24483877
-1828.25175420
-1828.25910392
-1828.26419044
-1828.26497573
-1828.26074938
-1828.25239031
-1828.24213782
-1828.23292967
-1828.22749204
-1828.22746443
-1828.23282681
-1828.24182821
-1828.25147396
-1828.25843475
-1828.26013879
-1828.25567303
-1828.24618733
-1828.23462421
-1828.22482638
-1828.22030314
-1828.22305654
-1828.23285437
-1828.24719749
-1828.26200188
-1828.27278890
-1828.27601879
-1828.27016861
-1828.25622172
-1828.23743272
-1828.21843093
-1828.20391310
-1828.19729991
-1828.19974764
-1828.20981092
-1828.22387635
-1828.23725151
-1828.24558591
-1828.24621149
-1828.23898089
-1828.22635535
-1828.21269793
-1828.20298806
-1828.20133582
-1828.20974404
-1828.22747724
-1828.25122147
-1828.27599266
-1828.29652690
-1828.30875844
-1828.31095212
-1828.30415304
-1828.29182042
-1828.27875063
-1828.26960087
-1828.26746098
-1828.27289767
-1828.28376946
-1828.29588516
-1828.30430643
-1828.30490227
-1828.29567290
-1828.27743506
-1828.25365037
-1828.22946493
-1828.21023277
-1828.19997595
-1828.20024702
-1828.20972834
-1828.22469336
-1828.24019454
-1828.25161754
-1828.25610294
-1828.25340031
-1828.24587722
-1828.23769116
-1828.23339736
-1828.23644186
-1828.24800985
-1828.26658838
-1828.28836353
-1828.30832882
-1828.32173356
-1828.32546496
-1828.31893854
-1828.30425636
-1828.28557062
-1828.26785091
-1828.25542212
-1828.25072051
-1828.25365386
-1828.26175012
-1828.27102925
-1828.27731777
-1828.27759201
-1828.27094444
-1828.25888282
-1828.24487930
-1828.23330342
-1828.22807089
-1828.23141890
-1828.24319462
-1828.26086805
-1828.28026088
-1828.29676034
-1828.30664996
-1828.30815447
-1828.30189604
-1828.29063729
-1828.27839762
-1828.26921070
-1828.26588905
-1828.26915979
-1828.27742814
-1828.28726256
-1828.29445507
-1828.29534873
-1828.28800540
-1828.27284647
-1828.25254963
-1828.23125210
-1828.21332897
-1828.20213005
-1828.19905171
-1828.20318720
-1828.21164948
-1828.22047182
-1828.22584103
-1828.22531550
-1828.21864637
-1828.20792580
-1828.19698625
-1828.19022268
-1828.19120412
-1828.20151372
-1828.22018994
-1828.24395145
-1828.26813109
-1828.28803206
-1828.30026960
-1828.30369558
-1828.29962516
-1828.29131738
-1828.28287604
-1828.27792860
-1828.27848775
-1828.28435157
-1828.29320427
-1828.30138589
-1828.30507958
-1828.30156345
-1828.29012880
-1828.27239004
-1828.25187804
-1828.23303856
-1828.21994527
-1828.21512246
-1828.21883414
-1828.22905204
-1828.24210292
-1828.25380162
-1828.26071438
-1828.26116489
-1828.25568121
-1828.24674523
-1828.23793594
-1828.23274213
-1828.23342367
-1828.24027135
-1828.25150097
-1828.26379391
-1828.27331147
-1828.27685874
-1828.27285949
-1828.26185935
-1828.24641989
-1828.23041626
-1828.21790174
-1828.21189127
-1828.21344014
-1828.22132968
-1828.23247704
-1828.24294244
-1828.24920709
-1828.24931993
-1828.24354222
-1828.23428703
-1828.22536024
-1828.22073961
-1828.22327666
-1828.23373475
-1828.25046523
-1828.26983839
-1828.28727385
-1828.29856159
-1828.30105846
-1828.29442458
-1828.28067927
-1828.26357108
-1828.24744356
-1828.23594982
-1828.23101217
-1828.23234378
-1828.23765282
-1828.24344591
-1828.24617528
-1828.24338021
-1828.23448409
-1828.22100719
-1828.20612417
-1828.19370899
-1828.18716017
-1828.18836502
-1828.19710020
-1828.21104139
-1828.22637722
-1828.23887812
-1828.24512862
-1828.24355452
-1828.23490050
-1828.22198796
-1828.20882776
-1828.19937347
-1828.19632391
-1828.20033445
-1828.20988715
-1828.22183750
-1828.23246270
-1828.23868517
-1828.23907363
-1828.23432114
-1828.22703402
-1828.22090568
-1828.21952619
-1828.22518841
-1828.23806040
-1828.25601054
-1828.27520202
-1828.29128970
-1828.30081010
-1828.30226617
-1828.29654624
-1828.28656856
-1828.27628644
-1828.26939275
-1828.26813820
-1828.27265359
-1828.28097177
-1828.28972503
-1828.29527026
-1828.29487618
-1828.28760358
-1828.27460604
-1828.25878573
-1828.24391446
-1828.23349205
-1828.22969672
-1828.23273832
-1828.24080702
-1828.25064618
-1828.25856990
-1828.26161821
-1828.25848785
-1828.24993823
-1828.23853340
-1828.22780462
-1828.22110392
-1828.22050805
-1828.22611648
-1828.23596760
-1828.24659998
-1828.25410984
-1828.25536995
-1828.24903842
-1828.23604428
-1828.21937990
-1828.20325804
-1828.19187124
-1828.18812419
-1828.19273019
-1828.20395930
-1828.21813410
-1828.23073584
-1828.23780040
-1828.23716732
-1828.22919884
-1828.21672522
-1828.20421053
-1828.19638473
-1828.19676390
-1828.20651688
-1828.22405013
-1828.24543609
-1828.26555734
-1828.27960871
-1828.28449120
-1828.27968714
-1828.26734737
-1828.25158052
-1828.23716460
-1828.22808153
-1828.22632897
-1828.23137474
-1828.24040670
-1828.24929099
-1828.25392404
-1828.25156919
-1828.24176458
-1828.22654556
-1828.20991226
-1828.19668296
-1828.19107080
-1828.19539158
-1828.20932476
-1828.22998518
-1828.25278122
-1828.27276483
-1828.28603501
-1828.29077730
-1828.28763712
-1828.27934759
-1828.26974410
-1828.26248500
-1828.25987416
-1828.26215925
-1828.26750204
-1828.27262818
-1828.27395550
-1828.26884472
-1828.25658742
-1828.23878998
-1828.21901490
-1828.20179884
-1828.19136810
-1828.19048365
-1828.19972925
-1828.21741180
-1828.24007198
-1828.26346413
-1828.28371199
-1828.29830438
-1828.30663108
-1828.30990614
-1828.31051180
-1828.31100428
-1828.31310846
-1828.31703410
-1828.32134802
-1828.32343301
-1828.32038403
-1828.31004281
-1828.29183985
-1828.26715115
-1828.23905686
-1828.21156318
-1828.18853374
-1828.17268162
-1828.16494876
-1828.16445329
-1828.16897186
-1828.17577295
-1828.18251331
-1828.18793113
-1828.19213607
-1828.19642968
-1828.20272687
-1828.21277304
-1828.22741180
-1828.24613487
-1828.26705985
-1828.28734801
-1828.30393477
-1828.31435912
-1828.31743581
-1828.31357275
-1828.30463781
-1828.29341651
-1828.28282680
-1828.27512019
-1828.27131102
-1828.27099623
-1828.27261465
-1828.27406265
-1828.27346735
-1828.26986876
-1828.26358795
-1828.25616470
-1828.24987132
-1828.24697966
-1828.24899177
-1828.25609841
-1828.26701271
-1828.27923596
-1828.28966985
-1828.29542364
-1828.29458626
-1828.28676328
-1828.27319666
-1828.25641901
-1828.23953572
-1828.22535803
-1828.21566212
-1828.21080845
-1828.20982770
-1828.21092100
-1828.21220182
-1828.21242142
-1828.21143152
-1828.21023670
-1828.21062506
-1828.21450938
-1828.22320268
-1828.23686575
-1828.25430774
-1828.27319430
-1828.29060307
-1828.30375856
-1828.31072820
-1828.31088166
-1828.30497849
-1828.29487587
-1828.28295752
-1828.27146361
-1828.26192367
-1828.25484682
-1828.24975207
-1828.24550312
-1828.24082925
-1828.23486915
-1828.22755808
-1828.21973324
-1828.21291941
-1828.20886250
-1828.20895808
-1828.21375540
-1828.22270137
-1828.23421046
-1828.24605427
-1828.25594804
-1828.26217033
-1828.26401360
-1828.26193671
-1828.25736030
-1828.25218041
-1828.24814491
-1828.24629889
-1828.24667716
-1828.24834504
-1828.24977292
-1828.24941931
-1828.24631325
-1828.24044672
-1828.23283673
-1828.22522878
-1828.21954279
-1828.21723847
-1828.21882131
-1828.22365370
-1828.23014245
-1828.23624297
-1828.24012575
-1828.24078409
-1828.23838314
-1828.23422429
-1828.23032136
-1828.22871815
-1828.23078509
-1828.23673121
-1828.24550239
-1828.25509355
-1828.26316472
-1828.26776671
-1828.26794441
-1828.26402960
-1828.25754640
-1828.25073909
-1828.24588035
-1828.24456690
-1828.24722860
-1828.25300958
-1828.26005894
-1828.26614354
-1828.26937110
-1828.26879305
-1828.26466800
-1828.25834341
-1828.25180824
-1828.24706105
-1828.24547609
-1828.24732667
-1828.25163324
-1828.25641143
-1828.25926208
-1828.25813385
-1828.25202018
-1828.24136519
-1828.22804743
-1828.21492604
-1828.20506754
-1828.20087899
-1828.20340991
-1828.21203582
-1828.22464278
-1828.23826672
-1828.24999012
-1828.25782959
-1828.26132455
-1828.26163881
-1828.26113107
-1828.26251970
-1828.26791356
-1828.27802797
-1828.29184129
-1828.30681594
-1828.31959795
-1828.32699722
-1828.32694442
-1828.31913821
-1828.30516921
-1828.28807381
-1828.27144406
-1828.25837172
-1828.25056590
-1828.24791600
-1828.24863100
-1828.24991275
-1828.24892984
-1828.24379339
-1828.23422891
-1828.22171967
-1828.20908957
-1828.19965177
-1828.19618925
-1828.20008960
-1828.21090128
-1828.22643138
-1828.24335657
-1828.25814986
-1828.26806376
-1828.27186441
-1828.27012748
-1828.26499635
-1828.25947713
-1828.25646928
-1828.25782584
-1828.26372803
-1828.27258270
-1828.28148423
-1828.28711901
-1828.28683201
-1828.27953375
-1828.26613991
-1828.24939830
-1828.23314310
-1828.22119321
-1828.21624400
-1828.21908895
-1828.22841691
-1828.24124389
-1828.25383790
-1828.26285446
-1828.26633097
-1828.26424342
-1828.25845265
-1828.25206327
-1828.24838536
-1828.24981620
-1828.25699598
-1828.26852307
-1828.28132000
-1828.29156115
-1828.29585800
-1828.29233000
-1828.28121557
-1828.26483161
-1828.24689304
-1828.23143036
-1828.22163387
-1828.21897344
-1828.22285543
-1828.23088949
-1828.23967625
-1828.24587375
-1828.24722934
-1828.24327679
-1828.23548854
-1828.22682387
-1828.22078897
-1828.22029780
-1828.22667260
-1828.23912704
-1828.25489470
-1828.26998407
-1828.28033448
-1828.28301507
-1828.27710370
-1828.26396870
-1828.24687327
-1828.23001183
-1828.21728027
-1828.21114202
-1828.21194946
-1828.21790792
-1828.22570916
-1828.23162611
-1828.23274753
-1828.22795220
-1828.21832123
-1828.20684319
-1828.19749175
-1828.19396066
-1828.19845804
-1828.21095124
-1828.22910663
-1828.24895667
-1828.26607858
-1828.27691694
-1828.27982878
-1828.27553432
-1828.26682549
-1828.25763318
-1828.25173235
-1828.25150141
-1828.25712051
-1828.26646606
-1828.27575237
-1828.28073725
-1828.27812729
-1828.26673207
-1828.24800224
-1828.22576229
-1828.20519478
-1828.19137625
-1828.18779796
-1828.19532616
-1828.21190856
-1828.23313602
-1828.25348171
-1828.26787030
-1828.27308696
-1828.26862083
-1828.25668244
-1828.24143204
-1828.22768182
-1828.21948375
-1828.21898910
-1828.22587541
-1828.22587541
-1828.23749367
-1828.24968358
-1828.25804649
-1828.25931019
-1828.25239104
-1828.23882536
-1828.22239803
-1828.20805451
-1828.20040937
-1828.20231365
-1828.21395877
-1828.23279458
-1828.25427358
-1828.27315799
-1828.28497815
-1828.28723473
-1828.27999792
-1828.26575650
-1828.24857801
-1828.24857801
-1828.23283267
-1828.22186803
-1828.21703149
-1828.21734900
-1828.21995851
-1828.22115940
-1828.21774453
-1828.20817644
-1828.19322552
-1828.19322552
-1828.17584974
-1828.16035659
-1828.15113229
-1828.15135070
-1828.16205699
-1828.18187261
-1828.20738608
-1828.23408687
-1828.25757696
-1828.27469445
-1828.28422624
-1828.28701900
-1828.28547882
-1828.28263448
-1828.28106791
-1828.28204801
-1828.28513293
-1828.28835930
-1828.28894793
-1828.28429702
-1828.27295231
-1828.25523180
-1828.23333076
-1828.21084860
-1828.19189040
-1828.17999655
-1828.17721204
-1828.18357450
-1828.19715834
-1828.21467229
-1828.23242405
-1828.24734977
-1828.25781079
-1828.26391018
-1828.26726196
-1828.27029784
-1828.27533662
-1828.28371106
-1828.29521645
-1828.30805501
-1828.31930117
-1828.32574049
-1828.32484655
-1828.31558195
-1828.29879605
-1828.27708172
-1828.25414339
-1828.23385841
-1828.21931046
-1828.21206690
-1828.21189403
-1828.21697302
-1828.22454735
-1828.23179834
-1828.23669199
-1828.23854699
-1828.23815813
-1828.23745420
-1828.23879708
-1828.24414511
-1828.25433679
-1828.26871816
-1828.28522285
-1828.30087767
-1828.31258081
-1828.31791533
-1828.31576156
-1828.30654434
-1828.29204734
-1828.27488197
-1828.25776392
-1828.24282906
-1828.23118213
-1828.22279571
-1828.21676764
-1828.21181851
-1828.20685164
-1828.20137982
-1828.19569615
-1828.19074592
-1828.18778074
-1828.18778074
-1828.18791294
-1828.19172404
-1828.19905167
-1828.20901085
-1828.22023280
-1828.23123631
-1828.24081759
-1828.24831591
-1828.25369481
-1828.25741170
-1828.26014259
-1828.26247555
-1828.26467995
-1828.26467995
-1828.26662524
-1828.26785654
-1828.26778921
-1828.26594421
-1828.26213829
-1828.25657295
-1828.24979229
-1828.24253566
-1828.23553273
-1828.22931335
-1828.22409326
-1828.21978214
-1828.21611001
-1828.21282356
-1828.20986923
-1828.20748516
-1828.20616237
-1828.20648755
-1828.20892782
-1828.21362948
-1828.22028516
-1828.22810336
-1828.23590717
-1828.24236074
-1828.24627787
-1828.24693666
-1828.24430217
-1828.23907089
-1828.23252065
-1828.22620434
-1828.22156792
-1828.21961170
-1828.22067988
-1828.22442425
-1828.22996046
-1828.23616324
-1828.24202844
-1828.24698841
-1828.25108499
-1828.25493696
-1828.25950930
-1828.26574659
-1828.27419556
-1828.28472353
-1828.29644197
-1828.30785100
-1828.31718830
-1828.31718830
-1828.32288209
-1828.32397720
-1828.32041770
-1828.31307978
-1828.30354291
-1828.29364538
-1828.28495260
-1828.27830545
-1828.27360219
-1828.26988623
-1828.26572512
-1828.25975826
-1828.25122917
-1828.24033270
-1828.22825049
-1828.22825049
-1828.21687378
-1828.21687378
-1828.20827968
-1828.20413632
-1828.20520061
-1828.21107209
-1828.22027149
-1828.23062646
-1828.23985278
-1828.24616786
-1828.24875069
-1828.24790897
-1828.24491980
-1828.24157916
-1828.23962479
-1828.24020226
-1828.24354205
-1828.24894298
-1828.25504755
-1828.26032021
-1828.26356723
-1828.26434064
-1828.26309769
-1828.26106607
-1828.25986093
-1828.26096660
-1828.26524423
-1828.27261842
-1828.28203292
-1828.29169941
-1828.29955556
-1828.30381443
-1828.30343307
-1828.29837206
-1828.28957292
-1828.27866476
-1828.26748696
-1828.25757946
-1828.24976788
-1828.24396878
-1828.23927370
-1828.23428775
-1828.22763089
-1828.21845365
-1828.20681103
-1828.19377595
-1828.18124669
-1828.17149572
-1828.16659512
-1828.16787040
-1828.17555567
-1828.18873585
-1828.18873585
-1828.20558149
-1828.22379944
-1828.24117445
-1828.25606483
-1828.26773723
-1828.27643447
-1828.28312927
-1828.28904533
-1828.29511352
-1828.30155915
-1828.30777444
-1828.31249879
-1828.31425378
-1828.31186895
-1828.30492593
-1828.29397768
-1828.28046537
-1828.26637317
-1828.25372568
-1828.24408019
-1828.23815162
-1828.23567011
-1828.23549789
-1828.23601223
-1828.23564889
-1828.23345109
-1828.22941698
-1828.22450878
-1828.22032441
-1828.21854507
-1828.22035454
-1828.22601475
-1828.23473307
-1828.24484977
-1828.25430533
-1828.26122771
-1828.26447979
-1828.26398286
-1828.26071880
-1828.25640034
-1828.25290853
-1828.25166578
-1828.25315082
-1828.25672734
-1828.26085141
-1828.26360253
-1828.26336153
-1828.25941433
-1828.25228232
-1828.24366086
-1828.23596650
-1828.23161586
-1828.23226798
-1828.23827099
-1828.24850088
-1828.26064499
-1828.27185028
-1828.27952655
-1828.28206320
-1828.27925341
-1828.27229211
-1828.26336110
-1828.25493318
-1828.24900357
-1828.24649621
-1828.24701173
